     0.0000000000     2.6650707993     1.5444545756     5.7564029164     4.4650831621     3.1329641830     3.1329641830     0.0049942772     0.0049942772
     0.0314159265     2.6771715914     1.5437305456     5.7663046525     4.4594604687     3.1330218032     3.1330218032     0.0048810032     0.0048810032
     0.0628318531     2.6892382463     1.5419154075     5.7761485568     4.4528386988     3.1330814867     3.1330814867     0.0047690319     0.0047690319
     0.0314159265     2.6771715914     1.5437305456     5.7663046525     4.4594604687     3.1330218032     3.1330218032     0.0048810032     0.0048810032
     0.1256637061     2.7132602560     1.5345598204     5.7956490943     4.4363576232     3.1332069550     3.1332069550     0.0045497884     0.0045497884
     0.1570796327     2.7252108604     1.5287590012     5.8052984388     4.4263735784     3.1332726940     3.1332726940     0.0044429462     0.0044429462
     0.1884955592     2.7371178090     1.5213430127     5.8148753523     4.4151420613     3.1333404043     3.1333404043     0.0043382683     0.0043382683
     0.2199114858     2.7489783795     1.5121396685     5.8243757396     4.4025988835     3.1334100612     3.1334100612     0.0042360078     0.0042360078
     0.2513274123     2.7607896918     1.5009567998     5.8337953033     4.3886808214     3.1334816394     3.1334816394     0.0041364342     0.0041364342
     0.2827433388     2.7725486972     1.4875806462     5.8431295299     4.3733269608     3.1335551128     3.1335551128     0.0040398335     0.0040398335
     0.3141592654     2.7842521652     1.4717746262     5.8523736756     4.3564803504     3.1336304548     3.1336304548     0.0039465086     0.0039465086
     0.3455751919     2.7958966707     1.4532788279     5.8615227510     4.3380899866     3.1337076380     3.1337076380     0.0038567787     0.0038567787
     0.3769911184     2.8074785787     1.4318107201     5.8705715045     4.3181131438     3.1337866345     3.1337866345     0.0037709785     0.0037709785
     0.4084070450     2.8189940291     1.4070677907     5.8795144043     4.2965180367     3.1338674157     3.1338674157     0.0036894563     0.0036894563
     0.4398229715     2.8304389189     1.3787330743     5.8883456200     4.2732867747     3.1339499523     3.1339499523     0.0036125721     0.0036125721
     0.4712388980     2.8418088836     1.3464848060     5.8970590019     4.2484185244     3.1340342146     3.1340342146     0.0035406942     0.0035406942
     0.5026548246     2.8530992768     1.3100116647     5.9056480591     4.2219327518     3.1341201721     3.1341201721     0.0034741948     0.0034741948
     0.5340707511     2.8643051477     1.2690351219     5.9141059365     4.1938723566     3.1342077936     3.1342077936     0.0034134450     0.0034134450
     0.5654866776     2.8754212169     1.2233400669     5.9224253890     4.1643064617     3.1342970474     3.1342970474     0.0033588084     0.0033588084
     0.5969026042     2.8864418493     1.1728138353     5.9305987551     4.1333325769     3.1343879013     3.1343879013     0.0033106338     0.0033106338
     0.6283185307     2.8973610251     1.1174917191     5.9386179269     4.1010778332     3.1344803222     3.1344803222     0.0032692476     0.0032692476
     0.6597344573     2.9081723072     1.0576038879     5.9464743197     4.0676989983     3.1345742766     3.1345742766     0.0032349450     0.0032349450
     0.6911503838     2.9188688060     0.9936148723     5.9541588374     4.0333810396     3.1346697300     3.1346697300     0.0032079819     0.0032079819
     0.7225663103     2.9294431403     0.9262437224     5.9616618363     3.9983341023     3.1347666476     3.1347666476     0.0031885670     0.0031885670
     0.7539822369     2.9398873940     0.8564528266     5.9689730863     3.9627889169     3.1348649938     3.1348649938     0.0031768546     0.0031768546
     0.7853981634     2.9501930689     0.7853981634     5.9760817281     3.9269908170     3.1349647320     3.1349647320     0.0031729398     0.0031729398
     0.8168140899     2.9603510317     0.7143435002     5.9829762280     3.8911927171     3.1350658253     3.1350658253     0.0031768546     0.0031768546
     0.8482300165     2.9703514555     0.6445526044     5.9896443286     3.8556475317     3.1351682357     3.1351682357     0.0031885670     0.0031885670
     0.8796459430     2.9801837553     0.5771814545     5.9960729965     3.8206005944     3.1352719243     3.1352719243     0.0032079819     0.0032079819
     0.9110618695     2.9898365156     0.5131924389     6.0022483646     3.7862826357     3.1353768518     3.1353768518     0.0032349450     0.0032349450
     0.9424777961     2.9992974102     0.4533046077     6.0081556719     3.7529038008     3.1354829774     3.1354829774     0.0032692476     0.0032692476
     0.9738937226     3.0085531125     0.3979824915     6.0137791969     3.7206490571     3.1355902596     3.1355902596     0.0033106338     0.0033106338
     1.0053096491     3.0175891957     0.3474562599     6.0191021875     3.6896751723     3.1356986557     3.1356986557     0.0033588084     0.0033588084
     1.0367255757     3.0263900204     0.3017612048     6.0241067852     3.6601092774     3.1358081221     3.1358081221     0.0034134450     0.0034134450
     1.0681415022     3.0349386089     0.2607846621     6.0287739440     3.6320488822     3.1359186135     3.1359186135     0.0034741948     0.0034741948
     1.0995574288     3.0432165047     0.2243115208     6.0330833439     3.6055631096     3.1360300836     3.1360300836     0.0035406942     0.0035406942
     1.1309733553     3.0512036131     0.1920632525     6.0370132992     3.5806948593     3.1361424844     3.1361424844     0.0036125721     0.0036125721
     1.1623892818     3.0588780230     0.1637285361     6.0405406603     3.5574635972     3.1362557661     3.1362557661     0.0036894563     0.0036894563
     1.1938052084     3.0662158048     0.1389856067     6.0436407109     3.5358684902     3.1363698773     3.1363698773     0.0037709785     0.0037709785
     1.2252211349     3.0731907826     0.1175174989     6.0462870593     3.5158916474     3.1364847642     3.1364847642     0.0038567787     0.0038567787
     1.2566370614     3.0797742760     0.0990217006     6.0484515253     3.4975012836     3.1366003711     3.1366003711     0.0039465086     0.0039465086
     1.2880529880     3.0859348080     0.0832156806     6.0501040234     3.4806546732     3.1367166393     3.1367166393     0.0040398335     0.0040398335
     1.3194689145     3.0916377727     0.0698395270     6.0512124424     3.4653008126     3.1368335073     3.1368335073     0.0041364342     0.0041364342
     1.3508848410     3.0968450581     0.0586566583     6.0517425250     3.4513827504     3.1369509105     3.1369509105     0.0042360078     0.0042360078
     1.3823007676     3.1015146176     0.0494533141     6.0516577476     3.4388395726     3.1370687803     3.1370687803     0.0043382683     0.0043382683
     1.4137166941     3.1055999814     0.0420373256     6.0509192048     3.4276080556     3.1371870440     3.1371870440     0.0044429462     0.0044429462
     1.4451326207     3.1090497007     0.0362365064     6.0494855024     3.4176240108     3.1373056241     3.1373056241     0.0045497884     0.0045497884
     1.4765485472     3.1118067148     0.0318968848     6.0473126634     3.4088233539     3.1374244374     3.1374244374     0.0046585577     0.0046585577
     1.5079644737     3.1138076302     0.0288809193     6.0443540549     3.4011429352     3.1375433947     3.1375433947     0.0047690319     0.0047690319
     1.5393804003     3.1149819017     0.0270657812     6.0405603431     3.3945211653     3.1376623993     3.1376623993     0.0048810032     0.0048810032
     1.5707963268     3.1152509024     0.0263417512     6.0358794889     3.3888984719     3.1377813462     3.1377813462     0.0049942772     0.0049942772
     1.6022122533     3.1145268724     0.0266107519     6.0302567955     3.3842176177     3.1379001210     3.1379001210     0.0051086719     0.0051086719
     1.6336281799     3.1127117343     0.0277850233     6.0236350255     3.3804239059     3.1380185979     3.1380185979     0.0052240170     0.0052240170
     1.6650441064     3.1096957688     0.0297859388     6.0159546068     3.3774652973     3.1381366383     3.1381366383     0.0053401529     0.0053401529
     1.6964600329     3.1053561472     0.0325429529     6.0071539500     3.3752924584     3.1382540886     3.1382540886     0.0054569301     0.0054569301
     1.7278759595     3.0995553280     0.0359926722     5.9971699052     3.3738587560     3.1383707778     3.1383707778     0.0055742080     0.0055742080
     1.7592918860     3.0921393395     0.0400780360     5.9859383881     3.3731202132     3.1384865145     3.1384865145     0.0056918545     0.0056918545
     1.7907078125     3.0829359952     0.0447475955     5.9733952103     3.3730354358     3.1386010837     3.1386010837     0.0058097453     0.0058097453
     1.8221237391     3.0717531266     0.0499548809     5.9594771482     3.3735655184     3.1387142429     3.1387142429     0.0059277629     0.0059277629
     1.8535396656     3.0583769730     0.0556578456     5.9441232876     3.3746739374     3.1388257171     3.1388257171     0.0060457966     0.0060457966
     1.8849555922     3.0425709530     0.0618183776     5.9272766771     3.3763264355     3.1389351944     3.1389351944     0.0061637413     0.0061637413
     1.9163715187     3.0240751546     0.0684018710     5.9088863133     3.3784909015     3.1390423194     3.1390423194     0.0062814976     0.0062814976
     1.9477874452     3.0026070469     0.0753768488     5.8889094706     3.3811372499     3.1391466874     3.1391466874     0.0063989709     0.0063989709
     1.9792033718     2.9778641175     0.0827146306     5.8673143635     3.3842373004     3.1392478369     3.1392478369     0.0065160712     0.0065160712
     2.0106192983     2.9495294011     0.0903890405     5.8440831015     3.3877646616     3.1393452433     3.1393452433     0.0066327127     0.0066327127
     2.0420352248     2.9172811328     0.0983761489     5.8192148512     3.3916946169     3.1394383123     3.1394383123     0.0067488135     0.0067488135
     2.0734511514     2.8808079915     0.1066540447     5.7927290786     3.3960040168     3.1395263752     3.1395263752     0.0068642952     0.0068642952
     2.1048670779     2.8398314487     0.1152026332     5.7646686834     3.4006711756     3.1396086876     3.1396086876     0.0069790826     0.0069790826
     2.1362830044     2.7941363937     0.1240034579     5.7351027885     3.4056757732     3.1396844326     3.1396844326     0.0070931036     0.0070931036
     2.1676989310     2.7436101621     0.1330395411     5.7041289037     3.4109987638     3.1397527328     3.1397527328     0.0072062888     0.0072062888
     2.1991148575     2.6882880459     0.1422952434     5.6718741599     3.4166222889     3.1398126716     3.1398126716     0.0073185713     0.0073185713
     2.2305307840     2.6284002147     0.1517561380     5.6384953251     3.4225295961     3.1398633275     3.1398633275     0.0074298869     0.0074298869
     2.2619467106     2.5644111991     0.1614088983     5.6041773664     3.4287049643     3.1399038216     3.1399038216     0.0075401733     0.0075401733
     2.2933626371     2.4970400492     0.1712411981     5.5691304291     3.4351336322     3.1399333755     3.1399333755     0.0076493703     0.0076493703
     2.3247785637     2.4272491534     0.1812416219     5.5335852436     3.4418017328     3.1399513731     3.1399513731     0.0077574199     0.0077574199
     2.3561944902     2.3561944902     0.1913995847     5.4977871438     3.4486962327     3.1399574180     3.1399574180     0.0078642656     0.0078642656
     2.3876104167     2.2851398270     0.2017052596     5.4619890439     3.4558048745     3.1399513731     3.1399513731     0.0079698528     0.0079698528
     2.4190263433     2.2153489312     0.2121495133     5.4264438585     3.4631161244     3.1399333755     3.1399333755     0.0080741285     0.0080741285
     2.4504422698     2.1479777813     0.2227238476     5.3913969212     3.4706191234     3.1399038216     3.1399038216     0.0081770410     0.0081770410
     2.4818581963     2.0839887657     0.2334203464     5.3570789625     3.4783036410     3.1398633275     3.1398633275     0.0082785404     0.0082785404
     2.5132741229     2.0241009345     0.2442316285     5.3237001276     3.4861600338     3.1398126716     3.1398126716     0.0083785780     0.0083785780
     2.5446900494     1.9687788183     0.2551508042     5.2914453838     3.4941792057     3.1397527328     3.1397527328     0.0084771063     0.0084771063
     2.5761059759     1.9182525867     0.2661714367     5.2604714991     3.5023525717     3.1396844326     3.1396844326     0.0085740793     0.0085740793
     2.6075219025     1.8725575316     0.2772875059     5.2309056042     3.5106720243     3.1396086876     3.1396086876     0.0086694520     0.0086694520
     2.6389378290     1.8315809889     0.2884933768     5.2028452090     3.5191299017     3.1395263752     3.1395263752     0.0087631807     0.0087631807
     2.6703537556     1.7951078476     0.2997837700     5.1763594364     3.5277189589     3.1394383123     3.1394383123     0.0088552228     0.0088552228
     2.7017696821     1.7628595793     0.3111537347     5.1514911861     3.5364323407     3.1393452433     3.1393452433     0.0089455369     0.0089455369
     2.7331856086     1.7345248629     0.3225986245     5.1282599240     3.5452635565     3.1392478369     3.1392478369     0.0090340825     0.0090340825
     2.7646015352     1.7097819334     0.3341140749     5.1066648170     3.5542064563     3.1391466874     3.1391466874     0.0091208203     0.0091208203
     2.7960174617     1.6883138257     0.3456959829     5.0866879742     3.5632552098     3.1390423194     3.1390423194     0.0092057119     0.0092057119
     2.8274333882     1.6698180274     0.3573404884     5.0682976104     3.5724042852     3.1389351944     3.1389351944     0.0092887201     0.0092887201
     2.8588493148     1.6540120074     0.3690439564     5.0514510000     3.5816484309     3.1388257171     3.1388257171     0.0093698086     0.0093698086
     2.8902652413     1.6406358538     0.3808029618     5.0360971394     3.5909826575     3.1387142429     3.1387142429     0.0094489421     0.0094489421
     2.9216811678     1.6294529851     0.3926142741     5.0221790772     3.6004022211     3.1386010837     3.1386010837     0.0095260862     0.0095260862
     2.9530970944     1.6202496409     0.4044748446     5.0096358994     3.6099026085     3.1384865145     3.1384865145     0.0096012076     0.0096012076
     2.9845130209     1.6128336524     0.4163817932     4.9984043824     3.6194795220     3.1383707778     3.1383707778     0.0096742740     0.0096742740
     3.0159289474     1.6070328332     0.4283323976     4.9884203376     3.6291288664     3.1382540886     3.1382540886     0.0097452540     0.0097452540
     3.0473448740     1.6026932116     0.4403240819     4.9796196807     3.6388467363     3.1381366383     3.1381366383     0.0098141172     0.0098141172
     3.0787608005     1.5996772461     0.4523544073     4.9719392620     3.6486294040     3.1380185979     3.1380185979     0.0098808340     0.0098808340
     3.1101767271     1.5978621080     0.4644210622     4.9653174920     3.6584733083     3.1379001210     3.1379001210     0.0099453761     0.0099453761
     3.1415926536     1.5971380780     0.4765218542     4.9596947987     3.6683750443     3.1377813462     3.1377813462     0.0100077159     0.0100077159
