     0.0000000000     0.0000000000     0.0000000000     0.0000000000
     0.0040071335     0.0015169175     0.0015169175     0.0001525115
     0.0080142670     0.0060674919     0.0060674919     0.0006100295
     0.0120214005     0.0136511891     0.0136511891     0.0013725047
     0.0160285339     0.0242671190     0.0242671190     0.0024398548
     0.0200356674     0.0379140354     0.0379140354     0.0038119648
     0.0240428009     0.0545903364     0.0545903364     0.0054886867
     0.0280499344     0.0742940643     0.0742940643     0.0074698396
     0.0320570679     0.0970229059     0.0970229059     0.0097552098
     0.0360642014     0.1227741926     0.1227741926     0.0123445508
     0.0400713349     0.1515449006     0.1515449006     0.0152375833
     0.0440784684     0.1833316514     0.1833316514     0.0184339951
     0.0480856018     0.2181307116     0.2181307116     0.0219334415
     0.0520927353     0.2559379938     0.2559379938     0.0257355448
     0.0560998688     0.2967490565     0.2967490565     0.0298398946
     0.0601070023     0.3405591045     0.3405591045     0.0342460480
     0.0641141358     0.3873629898     0.3873629898     0.0389535295
     0.0681212693     0.4371552114     0.4371552114     0.0439618307
     0.0721284028     0.4899299160     0.4899299160     0.0492704110
     0.0761355362     0.5456808986     0.5456808986     0.0548786971
     0.0801426697     0.6044016031     0.6044016031     0.0607860834
     0.0841498032     0.6660851226     0.6660851226     0.0669919316
     0.0881569367     0.7307242002     0.7307242002     0.0734955713
     0.0921640702     0.7983112295     0.7983112295     0.0802962998
     0.0961712037     0.8688382555     0.8688382555     0.0873933820
     0.1001783372     0.9422969748     0.9422969748     0.0947860509
     0.1041854707     1.0186787370     1.0186787370     0.1024735071
     0.1081926041     1.0979745450     1.0979745450     0.1104549193
     0.1121997376     1.1801750560     1.1801750560     0.1187294242
     0.1162068711     1.2652705822     1.2652705822     0.1272961267
     0.1202140046     1.3532510918     1.3532510918     0.1361540998
     0.1242211381     1.4441062098     1.4441062098     0.1453023848
     0.1282282716     1.5378252193     1.5378252193     0.1547399913
     0.1322354051     1.6343970619     1.6343970619     0.1644658974
     0.1362425385     1.7338103391     1.7338103391     0.1744790497
     0.1402496720     1.8360533134     1.8360533134     0.1847783635
     0.1442568055     1.9411139092     1.9411139092     0.1953627228
     0.1482639390     2.0489797143     2.0489797143     0.2062309804
     0.1522710725     2.1596379804     2.1596379804     0.2173819580
     0.1562782060     2.2730756253     2.2730756253     0.2288144465
     0.1602853395     2.3892792331     2.3892792331     0.2405272057
     0.1642924730     2.5082350565     2.5082350565     0.2525189650
     0.1682996064     2.6299290175     2.6299290175     0.2647884229
     0.1723067399     2.7543467090     2.7543467090     0.2773342476
     0.1763138734     2.8814733962     2.8814733962     0.2901550769
     0.1803210069     3.0112940183     3.0112940183     0.3032495184
     0.1843281404     3.1437931896     3.1437931896     0.3166161496
     0.1883352739     3.2789552017     3.2789552017     0.3302535180
     0.1923424074     3.4167640244     3.4167640244     0.3441601414
     0.1963495408     3.5572033081     3.5572033081     0.3583345079
     0.2003566743     3.7002563849     3.7002563849     0.3727750760
     0.2043638078     3.8459062707     3.8459062707     0.3874802752
     0.2083709413     3.9941356671     3.9941356671     0.4024485054
     0.2123780748     4.1449269628     4.1449269628     0.4176781378
     0.2163852083     4.2982622364     4.2982622364     0.4331675145
     0.2203923418     4.4541232573     4.4541232573     0.4489149492
     0.2243994753     4.6124914885     4.6124914885     0.4649187269
     0.2284066087     4.7733480884     4.7733480884     0.4811771043
     0.2324137422     4.9366739131     4.9366739131     0.4976883102
     0.2364208757     5.1024495183     5.1024495183     0.5144505452
     0.2404280092     5.2706551618     5.2706551618     0.5314619824
     0.2444351427     5.4412708055     5.4412708055     0.5487207672
     0.2484422762     5.6142761184     5.6142761184     0.5662250178
     0.2524494097     5.7896504782     5.7896504782     0.5839728252
     0.2564565432     5.9673729742     5.9673729742     0.6019622536
     0.2604636766     6.1474224101     6.1474224101     0.6201913404
     0.2644708101     6.3297773058     6.3297773058     0.6386580968
     0.2684779436     6.5144159009     6.5144159009     0.6573605076
     0.2724850771     6.7013161570     6.7013161570     0.6762965316
     0.2764922106     6.8904557603     6.8904557603     0.6954641020
     0.2804993441     7.0818121248     7.0818121248     0.7148611266
     0.2845064776     7.2753623952     7.2753623952     0.7344854878
     0.2885136110     7.4710834493     7.4710834493     0.7543350430
     0.2925207445     7.6689519018     7.6689519018     0.7744076251
     0.2965278780     7.8689441070     7.8689441070     0.7947010424
     0.3005350115     8.0710361616     8.0710361616     0.8152130792
     0.3045421450     8.2752039088     8.2752039088     0.8359414959
     0.3085492785     8.4814229407     8.4814229407     0.8568840291
     0.3125564120     8.6896686022     8.6896686022     0.8780383923
     0.3165635455     8.8999159942     8.8999159942     0.8994022761
     0.3205706789     9.1121399771     9.1121399771     0.9209733482
     0.3245778124     9.3263151744     9.3263151744     0.9427492539
     0.3285849459     9.5424159762     9.5424159762     0.9647276168
     0.3325920794     9.7604165432     9.7604165432     0.9869060383
     0.3365992129     9.9802908100     9.9802908100     1.0092820986
     0.3406063464    10.2020124892    10.2020124892     1.0318533568
     0.3446134799    10.4255550754    10.4255550754     1.0546173513
     0.3486206133    10.6508918488    10.6508918488     1.0775716000
     0.3526277468    10.8779958796    10.8779958796     1.1007136008
     0.3566348803    11.1068400318    11.1068400318     1.1240408318
     0.3606420138    11.3373969676    11.3373969676     1.1475507520
     0.3646491473    11.5696391514    11.5696391514     1.1712408012
     0.3686562808    11.8035388545    11.8035388545     1.1951084008
     0.3726634143    12.0390681589    12.0390681589     1.2191509538
     0.3766705478    12.2761989624    12.2761989624     1.2433658455
     0.3806776812    12.5149029825    12.5149029825     1.2677504437
     0.3846848147    12.7551517615    12.7551517615     1.2923020992
     0.3886919482    12.9969166706    12.9969166706     1.3170181461
     0.3926990817    13.2401689152    13.2401689152     1.3418959025
     0.3967062152    13.4848795394    13.4848795394     1.3669326703
     0.4007133487    13.7310194308    13.7310194308     1.3921257364
     0.4047204822    13.9785593255    13.9785593255     1.4174723725
     0.4087276156    14.2274698131    14.2274698131     1.4429698358
     0.4127347491    14.4777213418    14.4777213418     1.4686153695
     0.4167418826    14.7292842235    14.7292842235     1.4944062030
     0.4207490161    14.9821286387    14.9821286387     1.5203395527
     0.4247561496    15.2362246423    15.2362246423     1.5464126220
     0.4287632831    15.4915421686    15.4915421686     1.5726226022
     0.4327704166    15.7480510364    15.7480510364     1.5989666727
     0.4367775501    16.0057209552    16.0057209552     1.6254420016
     0.4407846835    16.2645215297    16.2645215297     1.6520457460
     0.4447918170    16.5244222664    16.5244222664     1.6787750527
     0.4487989505    16.7853925785    16.7853925785     1.7056270587
     0.4528060840    17.0474017916    17.0474017916     1.7325988912
     0.4568132175    17.3104191500    17.3104191500     1.7596876689
     0.4608203510    17.5744138219    17.5744138219     1.7868905018
     0.4648274845    17.8393549054    17.8393549054     1.8142044921
     0.4688346179    18.1052114347    18.1052114347     1.8416267345
     0.4728417514    18.3719523854    18.3719523854     1.8691543168
     0.4768488849    18.6395466814    18.6395466814     1.8967843205
     0.4808560184    18.9079632000    18.9079632000     1.9245138212
     0.4848631519    19.1771707788    19.1771707788     1.9523398891
     0.4888702854    19.4471382210    19.4471382210     1.9802595897
     0.4928774189    19.7178343025    19.7178343025     2.0082699841
     0.4968845524    19.9892277775    19.9892277775     2.0363681297
     0.5008916858    20.2612873849    20.2612873849     2.0645510807
     0.5048988193    20.5339818546    20.5339818546     2.0928158888
     0.5089059528    20.8072799138    20.8072799138     2.1211596033
     0.5129130863    21.0811502936    21.0811502936     2.1495792721
     0.5169202198    21.3555617352    21.3555617352     2.1780719421
     0.5209273533    21.6304829960    21.6304829960     2.2066346597
     0.5249344868    21.9058828569    21.9058828569     2.2352644715
     0.5289416202    22.1817301279    22.1817301279     2.2639584246
     0.5329487537    22.4579936551    22.4579936551     2.2927135674
     0.5369558872    22.7346423270    22.7346423270     2.3215269501
     0.5409630207    23.0116450812    23.0116450812     2.3503956251
     0.5449701542    23.2889709108    23.2889709108     2.3793166480
     0.5489772877    23.5665888711    23.5665888711     2.4082870776
     0.5529844212    23.8444680861    23.8444680861     2.4373039768
     0.5569915547    24.1225777549    24.1225777549     2.4663644133
     0.5609986881    24.4008871587    24.4008871587     2.4954654597
     0.5650058216    24.6793656668    24.6793656668     2.5246041946
     0.5690129551    24.9579827439    24.9579827439     2.5537777027
     0.5730200886    25.2367079559    25.2367079559     2.5829830757
     0.5770272221    25.5155109771    25.5155109771     2.6122174127
     0.5810343556    25.7943615964    25.7943615964     2.6414778209
     0.5850414891    26.0732297238    26.0732297238     2.6707614160
     0.5890486225    26.3520853974    26.3520853974     2.7000653228
     0.5930557560    26.6308987892    26.6308987892     2.7293866760
     0.5970628895    26.9096402121    26.9096402121     2.7587226203
     0.6010700230    27.1882801262    27.1882801262     2.7880703114
     0.6050771565    27.4667891451    27.4667891451     2.8174269164
     0.6090842900    27.7451380425    27.7451380425     2.8467896143
     0.6130914235    28.0232977585    28.0232977585     2.8761555964
     0.6170985570    28.3012394056    28.3012394056     2.9055220674
     0.6211056904    28.5789342754    28.5789342754     2.9348862452
     0.6251128239    28.8563538448    28.8563538448     2.9642453621
     0.6291199574    29.1334697818    29.1334697818     2.9935966650
     0.6331270909    29.4102539520    29.4102539520     3.0229374157
     0.6371342244    29.6866784243    29.6866784243     3.0522648922
     0.6411413579    29.9627154774    29.9627154774     3.0815763883
     0.6451484914    30.2383376052    30.2383376052     3.1108692147
     0.6491556248    30.5135175232    30.5135175232     3.1401406996
     0.6531627583    30.7882281739    30.7882281739     3.1693881885
     0.6571698918    31.0624427326    31.0624427326     3.1986090455
     0.6611770253    31.3361346133    31.3361346133     3.2278006535
     0.6651841588    31.6092774742    31.6092774742     3.2569604144
     0.6691912923    31.8818452228    31.8818452228     3.2860857501
     0.6731984258    32.1538120220    32.1538120220     3.3151741025
     0.6772055593    32.4251522949    32.4251522949     3.3442229342
     0.6812126927    32.6958407301    32.6958407301     3.3732297290
     0.6852198262    32.9658522872    32.9658522872     3.4021919924
     0.6892269597    33.2351622012    33.2351622012     3.4311072516
     0.6932340932    33.5037459883    33.5037459883     3.4599730566
     0.6972412267    33.7715794498    33.7715794498     3.4887869801
     0.7012483602    34.0386386775    34.0386386775     3.5175466182
     0.7052554937    34.3049000581    34.3049000581     3.5462495905
     0.7092626271    34.5703402777    34.5703402777     3.5748935411
     0.7132697606    34.8349363263    34.8349363263     3.6034761382
     0.7172768941    35.0986655016    35.0986655016     3.6319950752
     0.7212840276    35.3615054141    35.3615054141     3.6604480705
     0.7252911611    35.6234339902    35.6234339902     3.6888328684
     0.7292982946    35.8844294764    35.8844294764     3.7171472390
     0.7333054281    36.1444704436    36.1444704436     3.7453889787
     0.7373125616    36.4035357899    36.4035357899     3.7735559104
     0.7413196950    36.6616047446    36.6616047446     3.8016458844
     0.7453268285    36.9186568717    36.9186568717     3.8296567778
     0.7493339620    37.1746720729    37.1746720729     3.8575864955
     0.7533410955    37.4296305906    37.4296305906     3.8854329702
     0.7573482290    37.6835130113    37.6835130113     3.9131941626
     0.7613553625    37.9363002681    37.9363002681     3.9408680620
     0.7653624960    38.1879736434    38.1879736434     3.9684526862
     0.7693696295    38.4385147716    38.4385147716     3.9959460819
     0.7733767629    38.6879056414    38.6879056414     4.0233463248
     0.7773838964    38.9361285980    38.9361285980     4.0506515199
     0.7813910299    39.1831663454    39.1831663454     4.0778598020
     0.7853981634    39.4290019482    39.4290019482     4.1049693353
     0.7894052969    39.6736188334    39.6736188334     4.1319783140
     0.7934124304    39.9170007920    39.9170007920     4.1588849622
     0.7974195639    40.1591319807    40.1591319807     4.1856875344
     0.8014266973    40.3999969230    40.3999969230     4.2123843152
     0.8054338308    40.6395805108    40.6395805108     4.2389736199
     0.8094409643    40.8778680049    40.8778680049     4.2654537943
     0.8134480978    41.1148450363    41.1148450363     4.2918232147
     0.8174552313    41.3504976066    41.3504976066     4.3180802884
     0.8214623648    41.5848120890    41.5848120890     4.3442234534
     0.8254694983    41.8177752284    41.8177752284     4.3702511786
     0.8294766318    42.0493741418    42.0493741418     4.3961619639
     0.8334837652    42.2795963182    42.2795963182     4.4219543401
     0.8374908987    42.5084296191    42.5084296191     4.4476268693
     0.8414980322    42.7358622777    42.7358622777     4.4731781442
     0.8455051657    42.9618828988    42.9618828988     4.4986067889
     0.8495122992    43.1864804586    43.1864804586     4.5239114583
     0.8535194327    43.4096443035    43.4096443035     4.5490908383
     0.8575265662    43.6313641498    43.6313641498     4.5741436459
     0.8615336996    43.8516300826    43.8516300826     4.5990686288
     0.8655408331    44.0704325544    44.0704325544     4.6238645658
     0.8695479666    44.2877623845    44.2877623845     4.6485302662
     0.8735551001    44.5036107572    44.5036107572     4.6730645701
     0.8775622336    44.7179692202    44.7179692202     4.6974663483
     0.8815693671    44.9308296834    44.9308296834     4.7217345019
     0.8855765006    45.1421844165    45.1421844165     4.7458679624
     0.8895836341    45.3520260476    45.3520260476     4.7698656916
     0.8935907675    45.5603475608    45.5603475608     4.7937266813
     0.8975979010    45.7671422943    45.7671422943     4.8174499532
     0.9016050345    45.9724039377    45.9724039377     4.8410345590
     0.9056121680    46.1761265298    46.1761265298     4.8644795797
     0.9096193015    46.3783044559    46.3783044559     4.8877841258
     0.9136264350    46.5789324452    46.5789324452     4.9109473370
     0.9176335685    46.7780055677    46.7780055677     4.9339683821
     0.9216407019    46.9755192316    46.9755192316     4.9568464585
     0.9256478354    47.1714691801    47.1714691801     4.9795807923
     0.9296549689    47.3658514880    47.3658514880     5.0021706379
     0.9336621024    47.5586625586    47.5586625586     5.0246152777
     0.9376692359    47.7498991206    47.7498991206     5.0469140221
     0.9416763694    47.9395582238    47.9395582238     5.0690662087
     0.9456835029    48.1276372362    48.1276372362     5.0910712027
     0.9496906364    48.3141338400    48.3141338400     5.1129283964
     0.9536977698    48.4990460280    48.4990460280     5.1346372084
     0.9577049033    48.6823720993    48.6823720993     5.1561970841
     0.9617120368    48.8641106555    48.8641106555     5.1776074948
     0.9657191703    49.0442605969    49.0442605969     5.1988679379
     0.9697263038    49.2228211179    49.2228211179     5.2199779359
     0.9737334373    49.3997917032    49.3997917032     5.2409370367
     0.9777405708    49.5751721228    49.5751721228     5.2617448131
     0.9817477042    49.7489624285    49.7489624285     5.2824008622
     0.9857548377    49.9211629487    49.9211629487     5.3029048056
     0.9897619712    50.0917742842    50.0917742842     5.3232562882
     0.9937691047    50.2607973035    50.2607973035     5.3434549789
     0.9977762382    50.4282331381    50.4282331381     5.3635005693
     1.0017833717    50.5940831782    50.5940831782     5.3833927740
     1.0057905052    50.7583490672    50.7583490672     5.4031313298
     1.0097976387    50.9210326975    50.9210326975     5.4227159956
     1.0138047721    51.0821362052    51.0821362052     5.4421465519
     1.0178119056    51.2416619655    51.2416619655     5.4614228004
     1.0218190391    51.3996125878    51.3996125878     5.4805445637
     1.0258261726    51.5559909102    51.5559909102     5.4995116849
     1.0298333061    51.7107999951    51.7107999951     5.5183240272
     1.0338404396    51.8640431236    51.8640431236     5.5369814733
     1.0378475731    52.0157237910    52.0157237910     5.5554839253
     1.0418547065    52.1658457010    52.1658457010     5.5738313045
     1.0458618400    52.3144127612    52.3144127612     5.5920235502
     1.0498689735    52.4614290777    52.4614290777     5.6100606201
     1.0538761070    52.6068989497    52.6068989497     5.6279424896
     1.0578832405    52.7508268647    52.7508268647     5.6456691513
     1.0618903740    52.8932174933    52.8932174933     5.6632406146
     1.0658975075    53.0340756838    53.0340756838     5.6806569058
     1.0699046410    53.1734064569    53.1734064569     5.6979180668
     1.0739117744    53.3112150010    53.3112150010     5.7150241554
     1.0779189079    53.4475066667    53.4475066667     5.7319752448
     1.0819260414    53.5822869614    53.5822869614     5.7487714228
     1.0859331749    53.7155615447    53.7155615447     5.7654127919
     1.0899403084    53.8473362226    53.8473362226     5.7818994686
     1.0939474419    53.9776169431    53.9776169431     5.7982315830
     1.0979545754    54.1064097902    54.1064097902     5.8144092785
     1.1019617088    54.2337209795    54.2337209795     5.8304327115
     1.1059688423    54.3595568528    54.3595568528     5.8463020506
     1.1099759758    54.4839238731    54.4839238731     5.8620174769
     1.1139831093    54.6068286196    54.6068286196     5.8775791827
     1.1179902428    54.7282777827    54.7282777827     5.8929873719
     1.1219973763    54.8482781588    54.8482781588     5.9082422593
     1.1260045098    54.9668366457    54.9668366457     5.9233440700
     1.1300116433    55.0839602376    55.0839602376     5.9382930396
     1.1340187767    55.1996560200    55.1996560200     5.9530894132
     1.1380259102    55.3139311651    55.3139311651     5.9677334453
     1.1420330437    55.4267929272    55.4267929272     5.9822253994
     1.1460401772    55.5382486373    55.5382486373     5.9965655478
     1.1500473107    55.6483056993    55.6483056993     6.0107541709
     1.1540544442    55.7569715844    55.7569715844     6.0247915571
     1.1580615777    55.8642538275    55.8642538275     6.0386780023
     1.1620687111    55.9701600216    55.9701600216     6.0524138098
     1.1660758446    56.0746978142    56.0746978142     6.0659992894
     1.1700829781    56.1778749023    56.1778749023     6.0794347577
     1.1740901116    56.2796990284    56.2796990284     6.0927205372
     1.1780972451    56.3801779755    56.3801779755     6.1058569566
     1.1821043786    56.4793195638    56.4793195638     6.1188443497
     1.1861115121    56.5771316456    56.5771316456     6.1316830556
     1.1901186456    56.6736221016    56.6736221016     6.1443734184
     1.1941257790    56.7687988366    56.7687988366     6.1569157864
     1.1981329125    56.8626697756    56.8626697756     6.1693105124
     1.2021400460    56.9552428597    56.9552428597     6.1815579530
     1.2061471795    57.0465260422    57.0465260422     6.1936584683
     1.2101543130    57.1365272849    57.1365272849     6.2056124218
     1.2141614465    57.2252545540    57.2252545540     6.2174201799
     1.2181685800    57.3127158165    57.3127158165     6.2290821118
     1.2221757135    57.3989190368    57.3989190368     6.2405985890
     1.2261828469    57.4838721726    57.4838721726     6.2519699854
     1.2301899804    57.5675831717    57.5675831717     6.2631966765
     1.2341971139    57.6500599687    57.6500599687     6.2742790395
     1.2382042474    57.7313104808    57.7313104808     6.2852174529
     1.2422113809    57.8113426056    57.8113426056     6.2960122964
     1.2462185144    57.8901642169    57.8901642169     6.3066639504
     1.2502256479    57.9677831617    57.9677831617     6.3171727959
     1.2542327813    58.0442072576    58.0442072576     6.3275392144
     1.2582399148    58.1194442888    58.1194442888     6.3377635872
     1.2622470483    58.1935020040    58.1935020040     6.3478462957
     1.2662541818    58.2663881128    58.2663881128     6.3577877209
     1.2702613153    58.3381102832    58.3381102832     6.3675882433
     1.2742684488    58.4086761385    58.4086761385     6.3772482423
     1.2782755823    58.4780932547    58.4780932547     6.3867680966
     1.2822827158    58.5463691581    58.5463691581     6.3961481836
     1.2862898492    58.6135113220    58.6135113220     6.4053888792
     1.2902969827    58.6795271647    58.6795271647     6.4144905579
     1.2943041162    58.7444240469    58.7444240469     6.4234535922
     1.2983112497    58.8082092693    58.8082092693     6.4322783528
     1.3023183832    58.8708900698    58.8708900698     6.4409652079
     1.3063255167    58.9324736218    58.9324736218     6.4495145238
     1.3103326502    58.9929670316    58.9929670316     6.4579266640
     1.3143397836    59.0523773364    59.0523773364     6.4662019895
     1.3183469171    59.1107115020    59.1107115020     6.4743408582
     1.3223540506    59.1679764208    59.1679764208     6.4823436252
     1.3263611841    59.2241789099    59.2241789099     6.4902106426
     1.3303683176    59.2793257089    59.2793257089     6.4979422588
     1.3343754511    59.3334234784    59.3334234784     6.5055388192
     1.3383825846    59.3864787978    59.3864787978     6.5130006654
     1.3423897181    59.4384981635    59.4384981635     6.5203281352
     1.3463968515    59.4894879876    59.4894879876     6.5275215628
     1.3504039850    59.5394545958    59.5394545958     6.5345812783
     1.3544111185    59.5884042259    59.5884042259     6.5415076076
     1.3584182520    59.6363430265    59.6363430265     6.5483008728
     1.3624253855    59.6832770548    59.6832770548     6.5549613912
     1.3664325190    59.7292122760    59.7292122760     6.5614894759
     1.3704396525    59.7741545613    59.7741545613     6.5678854356
     1.3744467859    59.8181096866    59.8181096866     6.5741495741
     1.3784539194    59.8610833314    59.8610833314     6.5802821907
     1.3824610529    59.9030810773    59.9030810773     6.5862835798
     1.3864681864    59.9441084069    59.9441084069     6.5921540307
     1.3904753199    59.9841707025    59.9841707025     6.5978938280
     1.3944824534    60.0232732451    60.0232732451     6.6035032511
     1.3984895869    60.0614212132    60.0614212132     6.6089825741
     1.4024967204    60.0986196817    60.0986196817     6.6143320660
     1.4065038538    60.1348736209    60.1348736209     6.6195519904
     1.4105109873    60.1701878958    60.1701878958     6.6246426056
     1.4145181208    60.2045672646    60.2045672646     6.6296041644
     1.4185252543    60.2380163783    60.2380163783     6.6344369141
     1.4225323878    60.2705397795    60.2705397795     6.6391410962
     1.4265395213    60.3021419019    60.3021419019     6.6437169469
     1.4305466548    60.3328270691    60.3328270691     6.6481646964
     1.4345537882    60.3625994941    60.3625994941     6.6524845693
     1.4385609217    60.3914632786    60.3914632786     6.6566767843
     1.4425680552    60.4194224121    60.4194224121     6.6607415543
     1.4465751887    60.4464807713    60.4464807713     6.6646790863
     1.4505823222    60.4726421197    60.4726421197     6.6684895813
     1.4545894557    60.4979101065    60.4979101065     6.6721732342
     1.4585965892    60.5222882666    60.5222882666     6.6757302340
     1.4626037227    60.5457800194    60.5457800194     6.6791607636
     1.4666108561    60.5683886691    60.5683886691     6.6824649998
     1.4706179896    60.5901174032    60.5901174032     6.6856431132
     1.4746251231    60.6109692930    60.6109692930     6.6886952681
     1.4786322566    60.6309472923    60.6309472923     6.6916216227
     1.4826393901    60.6500542377    60.6500542377     6.6944223291
     1.4866465236    60.6682928477    60.6682928477     6.6970975329
     1.4906536571    60.6856657224    60.6856657224     6.6996473735
     1.4946607905    60.7021753435    60.7021753435     6.7020719838
     1.4986679240    60.7178240733    60.7178240733     6.7043714907
     1.5026750575    60.7326141552    60.7326141552     6.7065460143
     1.5066821910    60.7465477125    60.7465477125     6.7085956687
     1.5106893245    60.7596267489    60.7596267489     6.7105205613
     1.5146964580    60.7718531479    60.7718531479     6.7123207932
     1.5187035915    60.7832286724    60.7832286724     6.7139964590
     1.5227107250    60.7937549649    60.7937549649     6.7155476470
     1.5267178584    60.8034335469    60.8034335469     6.7169744388
     1.5307249919    60.8122658188    60.8122658188     6.7182769096
     1.5347321254    60.8202530599    60.8202530599     6.7194551281
     1.5387392589    60.8273964282    60.8273964282     6.7205091565
     1.5427463924    60.8336969599    60.8336969599     6.7214390504
     1.5467535259    60.8391555700    60.8391555700     6.7222448591
     1.5507606594    60.8437730513    60.8437730513     6.7229266250
     1.5547677928    60.8475500750    60.8475500750     6.7234843844
     1.5587749263    60.8504871904    60.8504871904     6.7239181666
     1.5627820598    60.8525848248    60.8525848248     6.7242279946
     1.5667891933    60.8538432833    60.8538432833     6.7244138849
     1.5707963268    60.8542627491    60.8542627491     6.7244758472
