        0.00000      904.73275     1060.64121     1208.53364     1362.20895     1527.68241     1609.43784
        1.00000      904.74029     1060.64652     1208.53700     1362.21002     1527.68096     1609.43884
        2.00000      904.75411     1060.65626     1208.54315     1362.21200     1527.67830     1609.44066
        3.00000      904.77205     1060.66891     1208.55115     1362.21456     1527.67484     1609.44304
        4.00000      904.79336     1060.68392     1208.56064     1362.21761     1527.67073     1609.44586
        5.00000      904.81760     1060.70100     1208.57143     1362.22107     1527.66606     1609.44907
        6.00000      904.84448     1060.71995     1208.58341     1362.22492     1527.66087     1609.45262
        7.00000      904.87379     1060.74060     1208.59646     1362.22911     1527.65522     1609.45650
        8.00000      904.90537     1060.76285     1208.61053     1362.23362     1527.64914     1609.46067
        9.00000      904.93908     1060.78661     1208.62554     1362.23844     1527.64264     1609.46513
       10.00000      904.97483     1060.81180     1208.64146     1362.24355     1527.63575     1609.46985
       11.00000      905.01252     1060.83836     1208.65825     1362.24894     1527.62848     1609.47483
       12.00000      905.05208     1060.86624     1208.67587     1362.25459     1527.62086     1609.48005
       13.00000      905.09344     1060.89538     1208.69429     1362.26050     1527.61288     1609.48551
       14.00000      905.13655     1060.92576     1208.71348     1362.26667     1527.60457     1609.49119
       15.00000      905.18135     1060.95733     1208.73344     1362.27307     1527.59594     1609.49710
       16.00000      905.22781     1060.99007     1208.75413     1362.27971     1527.58698     1609.50322
       17.00000      905.27588     1061.02394     1208.77554     1362.28658     1527.57772     1609.50956
       18.00000      905.32553     1061.05892     1208.79765     1362.29368     1527.56815     1609.51609
       19.00000      905.37672     1061.09499     1208.82044     1362.30099     1527.55828     1609.52283
       20.00000      905.42943     1061.13213     1208.84391     1362.30852     1527.54812     1609.52976
       21.00000      905.48362     1061.17032     1208.86805     1362.31627     1527.53767     1609.53689
       22.00000      905.53928     1061.20954     1208.89284     1362.32422     1527.52694     1609.54420
       23.00000      905.59639     1061.24978     1208.91826     1362.33238     1527.51594     1609.55170
       24.00000      905.65491     1061.29101     1208.94433     1362.34075     1527.50466     1609.55938
       25.00000      905.71484     1061.33323     1208.97101     1362.34931     1527.49310     1609.56724
       26.00000      905.77615     1061.37643     1208.99831     1362.35807     1527.48129     1609.57528
       27.00000      905.83883     1061.42059     1209.02622     1362.36703     1527.46921     1609.58349
       28.00000      905.90286     1061.46571     1209.05473     1362.37618     1527.45686     1609.59188
       29.00000      905.96823     1061.51177     1209.08384     1362.38552     1527.44426     1609.60043
       30.00000      906.03492     1061.55876     1209.11354     1362.39505     1527.43141     1609.60915
       31.00000      906.10293     1061.60667     1209.14382     1362.40476     1527.41830     1609.61804
       32.00000      906.17224     1061.65550     1209.17468     1362.41466     1527.40494     1609.62709
       33.00000      906.24283     1061.70524     1209.20611     1362.42475     1527.39134     1609.63630
       34.00000      906.31471     1061.75587     1209.23811     1362.43502     1527.37748     1609.64568
       35.00000      906.38786     1061.80741     1209.27068     1362.44547     1527.36339     1609.65521
       36.00000      906.46227     1061.85983     1209.30381     1362.45610     1527.34905     1609.66490
       37.00000      906.53793     1061.91313     1209.33749     1362.46691     1527.33446     1609.67474
       38.00000      906.61483     1061.96731     1209.37173     1362.47789     1527.31964     1609.68474
       39.00000      906.69297     1062.02235     1209.40652     1362.48905     1527.30458     1609.69490
       40.00000      906.77234     1062.07827     1209.44186     1362.50039     1527.28929     1609.70520
       41.00000      906.85294     1062.13504     1209.47773     1362.51190     1527.27375     1609.71566
       42.00000      906.93475     1062.19267     1209.51415     1362.52359     1527.25799     1609.72626
       43.00000      907.01777     1062.25115     1209.55111     1362.53544     1527.24199     1609.73701
       44.00000      907.10199     1062.31048     1209.58860     1362.54747     1527.22576     1609.74791
       45.00000      907.18742     1062.37065     1209.62663     1362.55967     1527.20929     1609.75895
       46.00000      907.27404     1062.43167     1209.66519     1362.57204     1527.19260     1609.77014
       47.00000      907.36184     1062.49352     1209.70427     1362.58458     1527.17568     1609.78148
       48.00000      907.45084     1062.55620     1209.74389     1362.59729     1527.15853     1609.79295
       49.00000      907.54101     1062.61972     1209.78402     1362.61016     1527.14115     1609.80457
       50.00000      907.63236     1062.68406     1209.82468     1362.62320     1527.12355     1609.81633
       51.00000      907.72489     1062.74923     1209.86586     1362.63641     1527.10572     1609.82823
       52.00000      907.81858     1062.81522     1209.90756     1362.64979     1527.08767     1609.84027
       53.00000      907.91344     1062.88203     1209.94978     1362.66333     1527.06939     1609.85244
       54.00000      908.00946     1062.94965     1209.99252     1362.67704     1527.05089     1609.86475
       55.00000      908.10664     1063.01810     1210.03577     1362.69091     1527.03216     1609.87720
       56.00000      908.20498     1063.08735     1210.07953     1362.70495     1527.01321     1609.88979
       57.00000      908.30447     1063.15742     1210.12381     1362.71915     1526.99404     1609.90251
       58.00000      908.40512     1063.22830     1210.16860     1362.73352     1526.97465     1609.91536
       59.00000      908.50691     1063.29999     1210.21390     1362.74805     1526.95503     1609.92835
       60.00000      908.60986     1063.37248     1210.25971     1362.76274     1526.93520     1609.94147
       61.00000      908.71394     1063.44578     1210.30602     1362.77759     1526.91515     1609.95473
       62.00000      908.81917     1063.51988     1210.35285     1362.79261     1526.89487     1609.96811
       63.00000      908.92554     1063.59479     1210.40018     1362.80779     1526.87438     1609.98162
       64.00000      909.03306     1063.67049     1210.44802     1362.82313     1526.85366     1609.99527
       65.00000      909.14171     1063.74700     1210.49636     1362.83863     1526.83273     1610.00904
       66.00000      909.25149     1063.82430     1210.54521     1362.85430     1526.81158     1610.02294
       67.00000      909.36242     1063.90241     1210.59456     1362.87012     1526.79021     1610.03697
       68.00000      909.47447     1063.98131     1210.64441     1362.88611     1526.76862     1610.05113
       69.00000      909.58766     1064.06100     1210.69477     1362.90226     1526.74681     1610.06541
       70.00000      909.70199     1064.14150     1210.74563     1362.91857     1526.72479     1610.07982
       71.00000      909.81744     1064.22278     1210.79699     1362.93504     1526.70255     1610.09436
       72.00000      909.93403     1064.30486     1210.84885     1362.95167     1526.68009     1610.10901
       73.00000      910.05174     1064.38774     1210.90122     1362.96846     1526.65741     1610.12380
       74.00000      910.17059     1064.47141     1210.95408     1362.98541     1526.63452     1610.13870
       75.00000      910.29056     1064.55587     1211.00745     1363.00252     1526.61141     1610.15373
       76.00000      910.41166     1064.64112     1211.06131     1363.01979     1526.58808     1610.16888
       77.00000      910.53389     1064.72717     1211.11568     1363.03722     1526.56454     1610.18416
       78.00000      910.65725     1064.81400     1211.17055     1363.05481     1526.54078     1610.19955
       79.00000      910.78173     1064.90163     1211.22591     1363.07256     1526.51680     1610.21506
       80.00000      910.90734     1064.99005     1211.28178     1363.09046     1526.49260     1610.23070
       81.00000      911.03408     1065.07927     1211.33814     1363.10853     1526.46819     1610.24645
       82.00000      911.16194     1065.16927     1211.39501     1363.12676     1526.44357     1610.26232
       83.00000      911.29094     1065.26006     1211.45237     1363.14515     1526.41872     1610.27831
       84.00000      911.42106     1065.35165     1211.51024     1363.16370     1526.39366     1610.29442
       85.00000      911.55230     1065.44402     1211.56860     1363.18241     1526.36838     1610.31064
       86.00000      911.68468     1065.53719     1211.62746     1363.20127     1526.34289     1610.32698
       87.00000      911.81818     1065.63115     1211.68682     1363.22030     1526.31718     1610.34344
       88.00000      911.95281     1065.72590     1211.74668     1363.23949     1526.29125     1610.36001
       89.00000      912.08857     1065.82145     1211.80705     1363.25883     1526.26510     1610.37670
       90.00000      912.22546     1065.91778     1211.86791     1363.27834     1526.23874     1610.39350
       91.00000      912.36348     1066.01491     1211.92927     1363.29801     1526.21216     1610.41041
       92.00000      912.50263     1066.11283     1211.99113     1363.31783     1526.18537     1610.42744
       93.00000      912.64291     1066.21154     1212.05350     1363.33782     1526.15835     1610.44458
       94.00000      912.78432     1066.31105     1212.11636     1363.35796     1526.13112     1610.46183
       95.00000      912.92686     1066.41135     1212.17973     1363.37827     1526.10367     1610.47919
       96.00000      913.07054     1066.51245     1212.24359     1363.39873     1526.07601     1610.49666
       97.00000      913.21535     1066.61434     1212.30796     1363.41936     1526.04813     1610.51425
       98.00000      913.36129     1066.71703     1212.37283     1363.44015     1526.02002     1610.53194
       99.00000      913.50838     1066.82051     1212.43820     1363.46109     1525.99170     1610.54974
      100.00000      913.65659     1066.92479     1212.50408     1363.48220     1525.96317     1610.56765
      101.00000      913.80595     1067.02987     1212.57046     1363.50347     1525.93441     1610.58567
      102.00000      913.95644     1067.13574     1212.63734     1363.52490     1525.90544     1610.60379
      103.00000      914.10808     1067.24242     1212.70473     1363.54648     1525.87624     1610.62202
      104.00000      914.26085     1067.34989     1212.77262     1363.56824     1525.84683     1610.64036
      105.00000      914.41477     1067.45817     1212.84102     1363.59015     1525.81720     1610.65880
      106.00000      914.56983     1067.56724     1212.90992     1363.61222     1525.78735     1610.67735
      107.00000      914.72603     1067.67712     1212.97932     1363.63445     1525.75728     1610.69600
      108.00000      914.88338     1067.78780     1213.04924     1363.65685     1525.72698     1610.71476
      109.00000      915.04188     1067.89929     1213.11966     1363.67941     1525.69647     1610.73362
      110.00000      915.20153     1068.01157     1213.19059     1363.70212     1525.66574     1610.75258
      111.00000      915.36232     1068.12467     1213.26202     1363.72501     1525.63479     1610.77164
      112.00000      915.52427     1068.23857     1213.33397     1363.74805     1525.60362     1610.79081
      113.00000      915.68737     1068.35328     1213.40642     1363.77125     1525.57222     1610.81007
      114.00000      915.85163     1068.46879     1213.47939     1363.79462     1525.54061     1610.82944
      115.00000      916.01704     1068.58512     1213.55286     1363.81815     1525.50877     1610.84890
      116.00000      916.18361     1068.70225     1213.62685     1363.84185     1525.47671     1610.86847
      117.00000      916.35133     1068.82020     1213.70135     1363.86571     1525.44443     1610.88813
      118.00000      916.52022     1068.93896     1213.77636     1363.88973     1525.41193     1610.90789
      119.00000      916.69027     1069.05853     1213.85188     1363.91391     1525.37920     1610.92775
      120.00000      916.86149     1069.17892     1213.92792     1363.93826     1525.34625     1610.94770
      121.00000      917.03387     1069.30013     1214.00447     1363.96277     1525.31307     1610.96775
      122.00000      917.20742     1069.42215     1214.08154     1363.98744     1525.27968     1610.98789
      123.00000      917.38214     1069.54499     1214.15912     1364.01228     1525.24605     1611.00813
      124.00000      917.55803     1069.66864     1214.23722     1364.03729     1525.21221     1611.02846
      125.00000      917.73509     1069.79312     1214.31584     1364.06246     1525.17814     1611.04889
      126.00000      917.91333     1069.91843     1214.39498     1364.08779     1525.14384     1611.06941
      127.00000      918.09275     1070.04455     1214.47463     1364.11329     1525.10932     1611.09002
      128.00000      918.27335     1070.17150     1214.55481     1364.13896     1525.07457     1611.11072
      129.00000      918.45512     1070.29928     1214.63551     1364.16479     1525.03959     1611.13151
      130.00000      918.63808     1070.42788     1214.71672     1364.19079     1525.00439     1611.15239
      131.00000      918.82223     1070.55731     1214.79846     1364.21695     1524.96896     1611.17336
      132.00000      919.00756     1070.68757     1214.88073     1364.24328     1524.93331     1611.19441
      133.00000      919.19409     1070.81867     1214.96351     1364.26978     1524.89743     1611.21556
      134.00000      919.38180     1070.95059     1215.04683     1364.29644     1524.86131     1611.23679
      135.00000      919.57071     1071.08336     1215.13067     1364.32327     1524.82497     1611.25811
      136.00000      919.76082     1071.21695     1215.21503     1364.35027     1524.78840     1611.27951
      137.00000      919.95212     1071.35139     1215.29993     1364.37744     1524.75160     1611.30100
      138.00000      920.14462     1071.48666     1215.38535     1364.40477     1524.71457     1611.32258
      139.00000      920.33833     1071.62277     1215.47130     1364.43227     1524.67732     1611.34423
      140.00000      920.53324     1071.75973     1215.55778     1364.45995     1524.63983     1611.36597
      141.00000      920.72936     1071.89752     1215.64480     1364.48779     1524.60210     1611.38779
      142.00000      920.92669     1072.03617     1215.73234     1364.51580     1524.56415     1611.40969
      143.00000      921.12524     1072.17566     1215.82043     1364.54398     1524.52597     1611.43167
      144.00000      921.32500     1072.31600     1215.90904     1364.57233     1524.48755     1611.45373
      145.00000      921.52597     1072.45719     1215.99819     1364.60085     1524.44890     1611.47587
      146.00000      921.72817     1072.59923     1216.08788     1364.62954     1524.41002     1611.49809
      147.00000      921.93159     1072.74212     1216.17810     1364.65840     1524.37090     1611.52038
      148.00000      922.13623     1072.88587     1216.26887     1364.68743     1524.33155     1611.54275
      149.00000      922.34210     1073.03047     1216.36017     1364.71663     1524.29196     1611.56520
      150.00000      922.54921     1073.17594     1216.45202     1364.74601     1524.25214     1611.58771
      151.00000      922.75754     1073.32226     1216.54440     1364.77556     1524.21208     1611.61031
      152.00000      922.96711     1073.46945     1216.63733     1364.80528     1524.17178     1611.63297
      153.00000      923.17792     1073.61750     1216.73081     1364.83517     1524.13125     1611.65571
      154.00000      923.38997     1073.76641     1216.82483     1364.86524     1524.09049     1611.67852
      155.00000      923.60327     1073.91619     1216.91939     1364.89548     1524.04948     1611.70140
      156.00000      923.81781     1074.06685     1217.01450     1364.92589     1524.00824     1611.72435
      157.00000      924.03360     1074.21837     1217.11017     1364.95648     1523.96675     1611.74736
      158.00000      924.25064     1074.37076     1217.20638     1364.98724     1523.92503     1611.77044
      159.00000      924.46894     1074.52404     1217.30314     1365.01818     1523.88307     1611.79359
      160.00000      924.68850     1074.67818     1217.40046     1365.04929     1523.84087     1611.81681
      161.00000      924.90932     1074.83321     1217.49832     1365.08057     1523.79842     1611.84009
      162.00000      925.13140     1074.98912     1217.59675     1365.11204     1523.75574     1611.86343
      163.00000      925.35475     1075.14591     1217.69573     1365.14368     1523.71281     1611.88684
      164.00000      925.57937     1075.30358     1217.79526     1365.17549     1523.66964     1611.91031
      165.00000      925.80526     1075.46214     1217.89536     1365.20749     1523.62623     1611.93384
      166.00000      926.03243     1075.62159     1217.99601     1365.23966     1523.58257     1611.95742
      167.00000      926.26088     1075.78194     1218.09723     1365.27201     1523.53867     1611.98107
      168.00000      926.49061     1075.94317     1218.19901     1365.30453     1523.49453     1612.00478
      169.00000      926.72163     1076.10530     1218.30135     1365.33724     1523.45014     1612.02854
      170.00000      926.95393     1076.26832     1218.40425     1365.37012     1523.40550     1612.05235
      171.00000      927.18753     1076.43225     1218.50773     1365.40319     1523.36062     1612.07623
      172.00000      927.42242     1076.59708     1218.61177     1365.43643     1523.31549     1612.10015
      173.00000      927.65862     1076.76281     1218.71638     1365.46985     1523.27011     1612.12413
      174.00000      927.89611     1076.92944     1218.82155     1365.50346     1523.22448     1612.14816
      175.00000      928.13491     1077.09699     1218.92730     1365.53724     1523.17861     1612.17223
      176.00000      928.37502     1077.26544     1219.03363     1365.57121     1523.13248     1612.19636
      177.00000      928.61643     1077.43481     1219.14052     1365.60536     1523.08611     1612.22054
      178.00000      928.85917     1077.60509     1219.24800     1365.63969     1523.03948     1612.24476
      179.00000      929.10322     1077.77629     1219.35605     1365.67420     1522.99260     1612.26903
      180.00000      929.34860     1077.94840     1219.46468     1365.70890     1522.94547     1612.29334
      181.00000      929.59530     1078.12144     1219.57389     1365.74378     1522.89809     1612.31769
      182.00000      929.84333     1078.29541     1219.68368     1365.77884     1522.85046     1612.34209
      183.00000      930.09269     1078.47030     1219.79405     1365.81409     1522.80257     1612.36653
      184.00000      930.34339     1078.64611     1219.90501     1365.84952     1522.75442     1612.39100
      185.00000      930.59543     1078.82286     1220.01655     1365.88514     1522.70603     1612.41552
      186.00000      930.84881     1079.00054     1220.12868     1365.92094     1522.65737     1612.44007
      187.00000      931.10355     1079.17916     1220.24140     1365.95693     1522.60846     1612.46466
      188.00000      931.35963     1079.35872     1220.35471     1365.99311     1522.55929     1612.48928
      189.00000      931.61707     1079.53921     1220.46861     1366.02947     1522.50986     1612.51394
      190.00000      931.87586     1079.72065     1220.58310     1366.06602     1522.46018     1612.53863
      191.00000      932.13602     1079.90304     1220.69819     1366.10276     1522.41023     1612.56334
      192.00000      932.39754     1080.08637     1220.81388     1366.13969     1522.36003     1612.58809
      193.00000      932.66044     1080.27066     1220.93016     1366.17680     1522.30956     1612.61287
      194.00000      932.92471     1080.45590     1221.04704     1366.21411     1522.25884     1612.63767
      195.00000      933.19035     1080.64209     1221.16453     1366.25161     1522.20785     1612.66249
      196.00000      933.45738     1080.82924     1221.28262     1366.28929     1522.15660     1612.68734
      197.00000      933.72580     1081.01736     1221.40131     1366.32717     1522.10508     1612.71221
      198.00000      933.99560     1081.20644     1221.52061     1366.36524     1522.05330     1612.73710
      199.00000      934.26680     1081.39648     1221.64051     1366.40349     1522.00126     1612.76201
      200.00000      934.53939     1081.58750     1221.76103     1366.44195     1521.94894     1612.78694
      201.00000      934.81339     1081.77948     1221.88216     1366.48059     1521.89637     1612.81188
      202.00000      935.08880     1081.97244     1222.00390     1366.51943     1521.84352     1612.83684
      203.00000      935.36561     1082.16638     1222.12625     1366.55846     1521.79041     1612.86181
      204.00000      935.64384     1082.36130     1222.24922     1366.59769     1521.73703     1612.88679
      205.00000      935.92349     1082.55720     1222.37281     1366.63711     1521.68338     1612.91179
      206.00000      936.20456     1082.75409     1222.49702     1366.67672     1521.62946     1612.93679
      207.00000      936.48706     1082.95196     1222.62184     1366.71654     1521.57527     1612.96179
      208.00000      936.77100     1083.15083     1222.74730     1366.75655     1521.52080     1612.98680
      209.00000      937.05636     1083.35069     1222.87338     1366.79675     1521.46606     1613.01182
      210.00000      937.34317     1083.55155     1223.00008     1366.83715     1521.41105     1613.03683
      211.00000      937.63143     1083.75341     1223.12741     1366.87776     1521.35577     1613.06185
      212.00000      937.92113     1083.95627     1223.25538     1366.91856     1521.30021     1613.08686
      213.00000      938.21229     1084.16014     1223.38397     1366.95955     1521.24437     1613.11187
      214.00000      938.50491     1084.36502     1223.51320     1367.00075     1521.18826     1613.13687
      215.00000      938.79899     1084.57091     1223.64307     1367.04215     1521.13187     1613.16186
      216.00000      939.09454     1084.77782     1223.77357     1367.08375     1521.07520     1613.18685
      217.00000      939.39156     1084.98574     1223.90471     1367.12555     1521.01826     1613.21182
      218.00000      939.69005     1085.19469     1224.03650     1367.16755     1520.96103     1613.23678
      219.00000      939.99003     1085.40466     1224.16893     1367.20976     1520.90352     1613.26173
      220.00000      940.29150     1085.61565     1224.30200     1367.25217     1520.84573     1613.28665
      221.00000      940.59446     1085.82768     1224.43572     1367.29478     1520.78766     1613.31156
      222.00000      940.89892     1086.04074     1224.57010     1367.33760     1520.72930     1613.33645
      223.00000      941.20487     1086.25484     1224.70512     1367.38062     1520.67066     1613.36131
      224.00000      941.51234     1086.46998     1224.84079     1367.42384     1520.61173     1613.38615
      225.00000      941.82131     1086.68617     1224.97713     1367.46728     1520.55252     1613.41096
      226.00000      942.13180     1086.90340     1225.11412     1367.51092     1520.49302     1613.43575
      227.00000      942.44381     1087.12168     1225.25176     1367.55476     1520.43323     1613.46050
      228.00000      942.75735     1087.34102     1225.39007     1367.59882     1520.37315     1613.48521
      229.00000      943.07242     1087.56141     1225.52905     1367.64308     1520.31279     1613.50989
      230.00000      943.38903     1087.78286     1225.66869     1367.68755     1520.25213     1613.53453
      231.00000      943.70718     1088.00538     1225.80899     1367.73223     1520.19118     1613.55913
      232.00000      944.02687     1088.22896     1225.94997     1367.77712     1520.12994     1613.58369
      233.00000      944.34812     1088.45362     1226.09162     1367.82223     1520.06841     1613.60821
      234.00000      944.67093     1088.67934     1226.23394     1367.86754     1520.00658     1613.63267
      235.00000      944.99530     1088.90615     1226.37694     1367.91307     1519.94445     1613.65709
      236.00000      945.32123     1089.13404     1226.52062     1367.95881     1519.88203     1613.68145
      237.00000      945.64875     1089.36301     1226.66498     1368.00476     1519.81931     1613.70576
      238.00000      945.97784     1089.59307     1226.81002     1368.05093     1519.75629     1613.73001
      239.00000      946.30851     1089.82422     1226.95575     1368.09731     1519.69298     1613.75420
      240.00000      946.64078     1090.05647     1227.10217     1368.14391     1519.62936     1613.77833
      241.00000      946.97464     1090.28982     1227.24927     1368.19072     1519.56544     1613.80239
      242.00000      947.31011     1090.52427     1227.39707     1368.23775     1519.50122     1613.82639
      243.00000      947.64718     1090.75983     1227.54556     1368.28500     1519.43669     1613.85031
      244.00000      947.98587     1090.99650     1227.69475     1368.33247     1519.37187     1613.87416
      245.00000      948.32617     1091.23428     1227.84463     1368.38015     1519.30673     1613.89794
      246.00000      948.66810     1091.47318     1227.99522     1368.42806     1519.24129     1613.92164
      247.00000      949.01166     1091.71321     1228.14651     1368.47619     1519.17554     1613.94525
      248.00000      949.35686     1091.95436     1228.29851     1368.52453     1519.10948     1613.96878
      249.00000      949.70370     1092.19664     1228.45122     1368.57310     1519.04312     1613.99223
      250.00000      950.05219     1092.44005     1228.60464     1368.62189     1518.97644     1614.01558
      251.00000      950.40234     1092.68460     1228.75877     1368.67091     1518.90945     1614.03884
      252.00000      950.75414     1092.93029     1228.91361     1368.72015     1518.84215     1614.06200
      253.00000      951.10762     1093.17713     1229.06918     1368.76961     1518.77453     1614.08506
      254.00000      951.46276     1093.42512     1229.22546     1368.81930     1518.70660     1614.10802
      255.00000      951.81959     1093.67426     1229.38247     1368.86921     1518.63835     1614.13088
      256.00000      952.17810     1093.92456     1229.54021     1368.91935     1518.56978     1614.15363
      257.00000      952.53831     1094.17603     1229.69867     1368.96972     1518.50090     1614.17626
      258.00000      952.90021     1094.42866     1229.85787     1369.02032     1518.43170     1614.19878
      259.00000      953.26382     1094.68246     1230.01779     1369.07115     1518.36217     1614.22117
      260.00000      953.62915     1094.93743     1230.17846     1369.12221     1518.29233     1614.24345
      261.00000      953.99619     1095.19359     1230.33986     1369.17349     1518.22216     1614.26560
      262.00000      954.36495     1095.45092     1230.50201     1369.22501     1518.15166     1614.28762
      263.00000      954.73545     1095.70945     1230.66490     1369.27677     1518.08084     1614.30951
      264.00000      955.10769     1095.96917     1230.82853     1369.32875     1518.00969     1614.33126
      265.00000      955.48167     1096.23008     1230.99292     1369.38097     1517.93822     1614.35286
      266.00000      955.85740     1096.49220     1231.15806     1369.43343     1517.86642     1614.37433
      267.00000      956.23490     1096.75552     1231.32395     1369.48612     1517.79428     1614.39564
      268.00000      956.61416     1097.02006     1231.49060     1369.53904     1517.72182     1614.41681
      269.00000      956.99519     1097.28581     1231.65802     1369.59221     1517.64902     1614.43782
      270.00000      957.37801     1097.55277     1231.82619     1369.64561     1517.57588     1614.45866
      271.00000      957.76261     1097.82096     1231.99514     1369.69925     1517.50242     1614.47935
      272.00000      958.14901     1098.09039     1232.16485     1369.75313     1517.42861     1614.49986
      273.00000      958.53721     1098.36104     1232.33533     1369.80725     1517.35447     1614.52021
      274.00000      958.92722     1098.63293     1232.50659     1369.86161     1517.27999     1614.54037
      275.00000      959.31904     1098.90607     1232.67863     1369.91622     1517.20516     1614.56036
      276.00000      959.71270     1099.18045     1232.85145     1369.97107     1517.13000     1614.58016
      277.00000      960.10818     1099.45609     1233.02506     1370.02616     1517.05449     1614.59977
      278.00000      960.50550     1099.73299     1233.19945     1370.08150     1516.97864     1614.61918
      279.00000      960.90467     1100.01114     1233.37463     1370.13708     1516.90244     1614.63840
      280.00000      961.30569     1100.29057     1233.55060     1370.19291     1516.82590     1614.65741
      281.00000      961.70858     1100.57127     1233.72737     1370.24899     1516.74900     1614.67621
      282.00000      962.11334     1100.85325     1233.90494     1370.30532     1516.67176     1614.69480
      283.00000      962.51998     1101.13651     1234.08332     1370.36189     1516.59416     1614.71317
      284.00000      962.92850     1101.42106     1234.26250     1370.41872     1516.51621     1614.73132
      285.00000      963.33892     1101.70690     1234.44248     1370.47580     1516.43791     1614.74924
      286.00000      963.75124     1101.99404     1234.62328     1370.53313     1516.35925     1614.76692
      287.00000      964.16547     1102.28248     1234.80490     1370.59072     1516.28024     1614.78437
      288.00000      964.58162     1102.57224     1234.98733     1370.64856     1516.20086     1614.80157
      289.00000      964.99970     1102.86331     1235.17059     1370.70665     1516.12113     1614.81853
      290.00000      965.41971     1103.15570     1235.35467     1370.76500     1516.04104     1614.83522
      291.00000      965.84167     1103.44941     1235.53959     1370.82361     1515.96058     1614.85166
      292.00000      966.26558     1103.74446     1235.72533     1370.88248     1515.87976     1614.86783
      293.00000      966.69146     1104.04085     1235.91191     1370.94160     1515.79857     1614.88372
      294.00000      967.11930     1104.33857     1236.09933     1371.00099     1515.71701     1614.89934
      295.00000      967.54912     1104.63765     1236.28759     1371.06064     1515.63509     1614.91468
      296.00000      967.98094     1104.93808     1236.47670     1371.12055     1515.55279     1614.92972
      297.00000      968.41474     1105.23987     1236.66666     1371.18072     1515.47012     1614.94447
      298.00000      968.85056     1105.54302     1236.85747     1371.24116     1515.38708     1614.95891
      299.00000      969.28839     1105.84755     1237.04913     1371.30187     1515.30367     1614.97304
      300.00000      969.72824     1106.15345     1237.24166     1371.36284     1515.21987     1614.98686
      301.00000      970.17013     1106.46074     1237.43505     1371.42408     1515.13570     1615.00035
      302.00000      970.61406     1106.76942     1237.62931     1371.48558     1515.05115     1615.01352
      303.00000      971.06005     1107.07949     1237.82445     1371.54736     1514.96621     1615.02634
      304.00000      971.50809     1107.39096     1238.02045     1371.60941     1514.88090     1615.03883
      305.00000      971.95821     1107.70385     1238.21734     1371.67173     1514.79519     1615.05096
      306.00000      972.41041     1108.01814     1238.41511     1371.73433     1514.70911     1615.06274
      307.00000      972.86470     1108.33386     1238.61376     1371.79719     1514.62263     1615.07415
      308.00000      973.32109     1108.65100     1238.81331     1371.86034     1514.53576     1615.08518
      309.00000      973.77959     1108.96958     1239.01375     1371.92376     1514.44850     1615.09584
      310.00000      974.24022     1109.28960     1239.21509     1371.98746     1514.36085     1615.10610
      311.00000      974.70297     1109.61106     1239.41734     1372.05144     1514.27280     1615.11597
      312.00000      975.16787     1109.93398     1239.62049     1372.11570     1514.18435     1615.12544
      313.00000      975.63492     1110.25835     1239.82455     1372.18023     1514.09551     1615.13449
      314.00000      976.10413     1110.58419     1240.02952     1372.24506     1514.00626     1615.14312
      315.00000      976.57551     1110.91151     1240.23542     1372.31016     1513.91661     1615.15132
      316.00000      977.04908     1111.24031     1240.44223     1372.37556     1513.82656     1615.15908
      317.00000      977.52484     1111.57059     1240.64998     1372.44123     1513.73610     1615.16639
      318.00000      978.00281     1111.90236     1240.85865     1372.50720     1513.64523     1615.17325
      319.00000      978.48300     1112.23564     1241.06827     1372.57345     1513.55395     1615.17964
      320.00000      978.96541     1112.57043     1241.27882     1372.64000     1513.46226     1615.18555
      321.00000      979.45006     1112.90673     1241.49032     1372.70683     1513.37016     1615.19098
      322.00000      979.93696     1113.24455     1241.70276     1372.77396     1513.27764     1615.19591
      323.00000      980.42612     1113.58390     1241.91617     1372.84138     1513.18470     1615.20034
      324.00000      980.91755     1113.92479     1242.13052     1372.90910     1513.09134     1615.20425
      325.00000      981.41127     1114.26723     1242.34585     1372.97712     1512.99757     1615.20764
      326.00000      981.90729     1114.61121     1242.56213     1373.04543     1512.90336     1615.21049
      327.00000      982.40561     1114.95676     1242.77939     1373.11404     1512.80873     1615.21279
      328.00000      982.90626     1115.30387     1242.99763     1373.18295     1512.71368     1615.21453
      329.00000      983.40923     1115.65256     1243.21685     1373.25217     1512.61819     1615.21571
      330.00000      983.91455     1116.00283     1243.43705     1373.32169     1512.52227     1615.21630
      331.00000      984.42223     1116.35469     1243.65825     1373.39151     1512.42592     1615.21630
      332.00000      984.93227     1116.70816     1243.88044     1373.46164     1512.32913     1615.21569
      333.00000      985.44470     1117.06322     1244.10363     1373.53208     1512.23190     1615.21447
      334.00000      985.95952     1117.41991     1244.32783     1373.60283     1512.13423     1615.21262
      335.00000      986.47675     1117.77821     1244.55304     1373.67388     1512.03612     1615.21013
      336.00000      986.99640     1118.13815     1244.77926     1373.74525     1511.93756     1615.20698
      337.00000      987.51849     1118.49973     1245.00650     1373.81694     1511.83856     1615.20316
      338.00000      988.04302     1118.86295     1245.23478     1373.88894     1511.73910     1615.19866
      339.00000      988.57001     1119.22783     1245.46408     1373.96125     1511.63920     1615.19347
      340.00000      989.09947     1119.59438     1245.69441     1374.03389     1511.53884     1615.18757
      341.00000      989.63142     1119.96260     1245.92579     1374.10684     1511.43802     1615.18094
      342.00000      990.16587     1120.33251     1246.15822     1374.18011     1511.33675     1615.17357
      343.00000      990.70284     1120.70410     1246.39170     1374.25371     1511.23501     1615.16545
      344.00000      991.24234     1121.07740     1246.62623     1374.32763     1511.13281     1615.15657
      345.00000      991.78438     1121.45241     1246.86183     1374.40188     1511.03015     1615.14689
      346.00000      992.32897     1121.82914     1247.09850     1374.47646     1510.92701     1615.13642
      347.00000      992.87614     1122.20759     1247.33625     1374.55137     1510.82341     1615.12513
      348.00000      993.42590     1122.58778     1247.57507     1374.62660     1510.71933     1615.11301
      349.00000      993.97826     1122.96972     1247.81498     1374.70217     1510.61477     1615.10004
      350.00000      994.53323     1123.35342     1248.05598     1374.77808     1510.50974     1615.08620
      351.00000      995.09084     1123.73888     1248.29808     1374.85432     1510.40423     1615.07148
      352.00000      995.65110     1124.12612     1248.54129     1374.93090     1510.29823     1615.05585
      353.00000      996.21401     1124.51514     1248.78560     1375.00782     1510.19175     1615.03930
      354.00000      996.77961     1124.90596     1249.03103     1375.08508     1510.08477     1615.02181
      355.00000      997.34790     1125.29858     1249.27758     1375.16268     1509.97731     1615.00337
      356.00000      997.91890     1125.69303     1249.52526     1375.24063     1509.86935     1614.98394
      357.00000      998.49263     1126.08929     1249.77407     1375.31892     1509.76089     1614.96351
      358.00000      999.06910     1126.48740     1250.02402     1375.39757     1509.65194     1614.94207
      359.00000      999.64834     1126.88735     1250.27512     1375.47656     1509.54248     1614.91958
      360.00000     1000.23034     1127.28916     1250.52738     1375.55591     1509.43252     1614.89603
      361.00000     1000.81515     1127.69284     1250.78079     1375.63561     1509.32205     1614.87140
      362.00000     1001.40276     1128.09840     1251.03537     1375.71567     1509.21106     1614.84566
      363.00000     1001.99320     1128.50584     1251.29112     1375.79608     1509.09957     1614.81880
      364.00000     1002.58649     1128.91519     1251.54806     1375.87686     1508.98755     1614.79078
      365.00000     1003.18264     1129.32646     1251.80618     1375.95800     1508.87502     1614.76158
      366.00000     1003.78167     1129.73964     1252.06549     1376.03950     1508.76197     1614.73118
      367.00000     1004.38360     1130.15476     1252.32601     1376.12137     1508.64838     1614.69956
      368.00000     1004.98845     1130.57183     1252.58773     1376.20361     1508.53427     1614.66668
      369.00000     1005.59623     1130.99086     1252.85067     1376.28621     1508.41963     1614.63253
      370.00000     1006.20697     1131.41186     1253.11483     1376.36919     1508.30445     1614.59708
      371.00000     1006.82069     1131.83484     1253.38021     1376.45255     1508.18873     1614.56029
      372.00000     1007.43740     1132.25982     1253.64684     1376.53628     1508.07248     1614.52214
      373.00000     1008.05712     1132.68681     1253.91471     1376.62039     1507.95567     1614.48261
      374.00000     1008.67987     1133.11581     1254.18383     1376.70488     1507.83832     1614.44166
      375.00000     1009.30568     1133.54685     1254.45421     1376.78976     1507.72042     1614.39927
      376.00000     1009.93456     1133.97993     1254.72586     1376.87502     1507.60196     1614.35540
      377.00000     1010.56654     1134.41507     1254.99878     1376.96067     1507.48294     1614.31002
      378.00000     1011.20162     1134.85228     1255.27298     1377.04671     1507.36337     1614.26310
      379.00000     1011.83985     1135.29157     1255.54848     1377.13314     1507.24322     1614.21461
      380.00000     1012.48123     1135.73297     1255.82527     1377.21996     1507.12251     1614.16452
      381.00000     1013.12578     1136.17647     1256.10337     1377.30719     1507.00123     1614.11279
      382.00000     1013.77354     1136.62210     1256.38279     1377.39481     1506.87937     1614.05939
      383.00000     1014.42452     1137.06986     1256.66353     1377.48284     1506.75693     1614.00428
      384.00000     1015.07874     1137.51978     1256.94560     1377.57127     1506.63391     1613.94743
      385.00000     1015.73623     1137.97187     1257.22902     1377.66011     1506.51030     1613.88879
      386.00000     1016.39701     1138.42613     1257.51378     1377.74935     1506.38610     1613.82835
      387.00000     1017.06111     1138.88260     1257.79990     1377.83901     1506.26131     1613.76604
      388.00000     1017.72853     1139.34127     1258.08739     1377.92909     1506.13592     1613.70185
      389.00000     1018.39932     1139.80217     1258.37625     1378.01958     1506.00993     1613.63571
      390.00000     1019.07349     1140.26530     1258.66650     1378.11049     1505.88333     1613.56761
      391.00000     1019.75107     1140.73070     1258.95814     1378.20182     1505.75612     1613.49749
      392.00000     1020.43209     1141.19836     1259.25119     1378.29358     1505.62829     1613.42531
      393.00000     1021.11656     1141.66831     1259.54565     1378.38577     1505.49985     1613.35103
      394.00000     1021.80451     1142.14056     1259.84153     1378.47839     1505.37079     1613.27461
      395.00000     1022.49598     1142.61514     1260.13884     1378.57144     1505.24110     1613.19600
      396.00000     1023.19098     1143.09204     1260.43760     1378.66493     1505.11077     1613.11516
      397.00000     1023.88954     1143.57130     1260.73781     1378.75886     1504.97982     1613.03204
      398.00000     1024.59169     1144.05293     1261.03948     1378.85324     1504.84822     1612.94659
      399.00000     1025.29745     1144.53694     1261.34263     1378.94805     1504.71598     1612.85876
      400.00000     1026.00686     1145.02335     1261.64726     1379.04332     1504.58309     1612.76852
      401.00000     1026.71994     1145.51218     1261.95338     1379.13904     1504.44955     1612.67580
      402.00000     1027.43671     1146.00345     1262.26100     1379.23521     1504.31535     1612.58056
      403.00000     1028.15722     1146.49718     1262.57015     1379.33184     1504.18049     1612.48275
      404.00000     1028.88148     1146.99338     1262.88081     1379.42894     1504.04496     1612.38231
      405.00000     1029.60953     1147.49207     1263.19301     1379.52649     1503.90877     1612.27919
      406.00000     1030.34140     1147.99327     1263.50677     1379.62452     1503.77189     1612.17335
      407.00000     1031.07711     1148.49699     1263.82208     1379.72301     1503.63433     1612.06472
      408.00000     1031.81670     1149.00327     1264.13896     1379.82198     1503.49609     1611.95325
      409.00000     1032.56020     1149.51211     1264.45742     1379.92143     1503.35715     1611.83889
      410.00000     1033.30764     1150.02354     1264.77748     1380.02136     1503.21752     1611.72158
      411.00000     1034.05905     1150.53758     1265.09915     1380.12177     1503.07719     1611.60126
      412.00000     1034.81446     1151.05425     1265.42243     1380.22267     1502.93615     1611.47787
      413.00000     1035.57391     1151.57356     1265.74735     1380.32407     1502.79440     1611.35137
      414.00000     1036.33744     1152.09554     1266.07391     1380.42596     1502.65193     1611.22169
      415.00000     1037.10507     1152.62021     1266.40212     1380.52834     1502.50874     1611.08877
      416.00000     1037.87684     1153.14759     1266.73201     1380.63123     1502.36482     1610.95255
      417.00000     1038.65278     1153.67771     1267.06357     1380.73463     1502.22017     1610.81297
      418.00000     1039.43294     1154.21058     1267.39684     1380.83854     1502.07477     1610.66998
      419.00000     1040.21734     1154.74623     1267.73181     1380.94296     1501.92863     1610.52351
      420.00000     1041.00603     1155.28467     1268.06850     1381.04791     1501.78174     1610.37350
      421.00000     1041.79904     1155.82594     1268.40693     1381.15337     1501.63409     1610.21990
      422.00000     1042.59640     1156.37006     1268.74712     1381.25936     1501.48568     1610.06263
      423.00000     1043.39816     1156.91704     1269.08906     1381.36589     1501.33650     1609.90165
      424.00000     1044.20436     1157.46692     1269.43279     1381.47294     1501.18654     1609.73689
      425.00000     1045.01504     1158.01972     1269.77831     1381.58054     1501.03580     1609.56828
      426.00000     1045.83023     1158.57546     1270.12564     1381.68868     1500.88428     1609.39577
      427.00000     1046.64998     1159.13417     1270.47479     1381.79737     1500.73195     1609.21931
      428.00000     1047.47433     1159.69588     1270.82578     1381.90661     1500.57883     1609.03882
      429.00000     1048.30331     1160.26060     1271.17863     1382.01641     1500.42490     1608.85424
      430.00000     1049.13699     1160.82838     1271.53335     1382.12677     1500.27015     1608.66553
      431.00000     1049.97539     1161.39922     1271.88996     1382.23770     1500.11459     1608.47262
      432.00000     1050.81856     1161.97317     1272.24847     1382.34920     1499.95819     1608.27544
      433.00000     1051.66655     1162.55025     1272.60890     1382.46128     1499.80096     1608.07396
      434.00000     1052.51940     1163.13048     1272.97127     1382.57394     1499.64288     1607.86810
      435.00000     1053.37716     1163.71390     1273.33559     1382.68718     1499.48396     1607.65781
      436.00000     1054.23988     1164.30053     1273.70188     1382.80102     1499.32417     1607.44304
      437.00000     1055.10761     1164.89041     1274.07017     1382.91545     1499.16352     1607.22373
      438.00000     1055.98039     1165.48356     1274.44046     1383.03048     1499.00200     1606.99983
      439.00000     1056.85828     1166.08002     1274.81278     1383.14613     1498.83960     1606.77129
      440.00000     1057.74132     1166.67981     1275.18714     1383.26238     1498.67631     1606.53806
      441.00000     1058.62957     1167.28298     1275.56357     1383.37926     1498.51212     1606.30008
      442.00000     1059.52307     1167.88954     1275.94208     1383.49675     1498.34702     1606.05731
      443.00000     1060.42190     1168.49953     1276.32269     1383.61488     1498.18102     1605.80971
      444.00000     1061.32609     1169.11300     1276.70543     1383.73365     1498.01409     1605.55722
      445.00000     1062.23570     1169.72996     1277.09031     1383.85305     1497.84623     1605.29980
      446.00000     1063.15080     1170.35046     1277.47735     1383.97311     1497.67743     1605.03742
      447.00000     1064.07143     1170.97453     1277.86658     1384.09381     1497.50769     1604.77002
      448.00000     1064.99766     1171.60220     1278.25801     1384.21518     1497.33698     1604.49757
      449.00000     1065.92955     1172.23352     1278.65168     1384.33722     1497.16531     1604.22004
      450.00000     1066.86715     1172.86851     1279.04759     1384.45993     1496.99267     1603.93738
      451.00000     1067.81054     1173.50722     1279.44578     1384.58332     1496.81904     1603.64956
      452.00000     1068.75976     1174.14969     1279.84626     1384.70739     1496.64441     1603.35654
      453.00000     1069.71490     1174.79596     1280.24906     1384.83216     1496.46878     1603.05831
      454.00000     1070.67601     1175.44606     1280.65421     1384.95763     1496.29214     1602.75482
      455.00000     1071.64315     1176.10003     1281.06172     1385.08381     1496.11447     1602.44605
      456.00000     1072.61641     1176.75792     1281.47162     1385.21070     1495.93576     1602.13197
      457.00000     1073.59584     1177.41978     1281.88395     1385.33832     1495.75601     1601.81255
      458.00000     1074.58153     1178.08563     1282.29872     1385.46667     1495.57520     1601.48778
      459.00000     1075.57353     1178.75553     1282.71595     1385.59575     1495.39332     1601.15762
      460.00000     1076.57193     1179.42953     1283.13569     1385.72558     1495.21036     1600.82207
      461.00000     1077.57681     1180.10766     1283.55794     1385.85617     1495.02631     1600.48109
      462.00000     1078.58823     1180.78997     1283.98275     1385.98752     1494.84116     1600.13467
      463.00000     1079.60628     1181.47651     1284.41014     1386.11964     1494.65490     1599.78280
      464.00000     1080.63103     1182.16734     1284.84014     1386.25253     1494.46751     1599.42545
      465.00000     1081.66258     1182.86250     1285.27278     1386.38622     1494.27898     1599.06261
      466.00000     1082.70099     1183.56203     1285.70809     1386.52070     1494.08930     1598.69427
      467.00000     1083.74637     1184.26600     1286.14609     1386.65599     1493.89845     1598.32042
      468.00000     1084.79879     1184.97445     1286.58683     1386.79210     1493.70643     1597.94104
      469.00000     1085.85835     1185.68744     1287.03033     1386.92903     1493.51321     1597.55612
      470.00000     1086.92514     1186.40502     1287.47663     1387.06680     1493.31879     1597.16566
      471.00000     1087.99924     1187.12726     1287.92576     1387.20541     1493.12316     1596.76963
      472.00000     1089.08077     1187.85420     1288.37775     1387.34487     1492.92628     1596.36803
      473.00000     1090.16980     1188.58591     1288.83264     1387.48520     1492.72817     1595.96085
      474.00000     1091.26645     1189.32244     1289.29046     1387.62641     1492.52879     1595.54808
      475.00000     1092.37081     1190.06386     1289.75126     1387.76851     1492.32813     1595.12972
      476.00000     1093.48300     1190.81023     1290.21506     1387.91150     1492.12618     1594.70575
      477.00000     1094.60311     1191.56161     1290.68191     1388.05540     1491.92292     1594.27616
      478.00000     1095.73126     1192.31808     1291.15185     1388.20023     1491.71834     1593.84095
      479.00000     1096.86756     1193.07969     1291.62491     1388.34598     1491.51241     1593.40010
      480.00000     1098.01212     1193.84651     1292.10114     1388.49269     1491.30513     1592.95361
      481.00000     1099.16506     1194.61863     1292.58058     1388.64035     1491.09647     1592.50147
      482.00000     1100.32651     1195.39610     1293.06327     1388.78898     1490.88642     1592.04366
      483.00000     1101.49658     1196.17900     1293.54926     1388.93860     1490.67496     1591.58017
      484.00000     1102.67540     1196.96742     1294.03858     1389.08921     1490.46206     1591.11100
      485.00000     1103.86311     1197.76141     1294.53129     1389.24084     1490.24772     1590.63612
      486.00000     1105.05984     1198.56108     1295.02744     1389.39349     1490.03191     1590.15554
      487.00000     1106.26571     1199.36649     1295.52707     1389.54718     1489.81461     1589.66922
      488.00000     1107.48089     1200.17773     1296.03023     1389.70193     1489.59580     1589.17715
      489.00000     1108.70550     1200.99488     1296.53697     1389.85775     1489.37546     1588.67933
      490.00000     1109.93969     1201.81804     1297.04735     1390.01466     1489.15357     1588.17572
      491.00000     1111.18362     1202.64730     1297.56142     1390.17267     1488.93011     1587.66632
      492.00000     1112.43745     1203.48274     1298.07923     1390.33180     1488.70505     1587.15109
      493.00000     1113.70133     1204.32446     1298.60084     1390.49206     1488.47837     1586.63002
      494.00000     1114.97543     1205.17257     1299.12631     1390.65348     1488.25005     1586.10308
      495.00000     1116.25993     1206.02715     1299.65570     1390.81608     1488.02007     1585.57025
      496.00000     1117.55498     1206.88832     1300.18907     1390.97986     1487.78839     1585.03149
      497.00000     1118.86078     1207.75618     1300.72648     1391.14485     1487.55499     1584.48678
      498.00000     1120.17751     1208.63083     1301.26799     1391.31108     1487.31985     1583.93609
      499.00000     1121.50535     1209.51240     1301.81368     1391.47855     1487.08294     1583.37938
      500.00000     1122.84451     1210.40100     1302.36362     1391.64730     1486.84423     1582.81662
      501.00000     1124.19519     1211.29674     1302.91786     1391.81734     1486.60370     1582.24777
      502.00000     1125.55760     1212.19975     1303.47649     1391.98870     1486.36130     1581.67278
      503.00000     1126.93194     1213.11016     1304.03958     1392.16139     1486.11702     1581.09162
      504.00000     1128.31844     1214.02809     1304.60721     1392.33545     1485.87082     1580.50423
      505.00000     1129.71734     1214.95369     1305.17946     1392.51089     1485.62268     1579.91057
      506.00000     1131.12886     1215.88708     1305.75640     1392.68775     1485.37254     1579.31059
      507.00000     1132.55325     1216.82841     1306.33813     1392.86604     1485.12039     1578.70422
      508.00000     1133.99076     1217.77783     1306.92473     1393.04580     1484.86619     1578.09143
      509.00000     1135.44165     1218.73549     1307.51629     1393.22705     1484.60990     1577.47213
      510.00000     1136.90619     1219.70156     1308.11290     1393.40982     1484.35148     1576.84628
      511.00000     1138.38466     1220.67618     1308.71467     1393.59415     1484.09090     1576.21379
      512.00000     1139.87735     1221.65953     1309.32168     1393.78006     1483.82811     1575.57460
      513.00000     1141.38455     1222.65178     1309.93405     1393.96759     1483.56308     1574.92864
      514.00000     1142.90657     1223.65312     1310.55188     1394.15676     1483.29576     1574.27581
      515.00000     1144.44374     1224.66373     1311.17528     1394.34762     1483.02610     1573.61605
      516.00000     1145.99638     1225.68380     1311.80436     1394.54019     1482.75407     1572.94926
      517.00000     1147.56485     1226.71354     1312.43924     1394.73452     1482.47961     1572.27534
      518.00000     1149.14949     1227.75314     1313.08005     1394.93065     1482.20268     1571.59421
      519.00000     1150.75068     1228.80283     1313.72692     1395.12861     1481.92323     1570.90575
      520.00000     1152.36880     1229.86284     1314.37996     1395.32845     1481.64119     1570.20986
      521.00000     1154.00426     1230.93338     1315.03934     1395.53021     1481.35653     1569.50643
      522.00000     1155.65748     1232.01471     1315.70517     1395.73394     1481.06918     1568.79533
      523.00000     1157.32888     1233.10708     1316.37762     1395.93968     1480.77908     1568.07644
      524.00000     1159.01893     1234.21074     1317.05684     1396.14749     1480.48617     1567.34963
      525.00000     1160.72809     1235.32597     1317.74299     1396.35740     1480.19039     1566.61475
      526.00000     1162.45685     1236.45306     1318.43624     1396.56949     1479.89168     1565.87167
      527.00000     1164.20574     1237.59229     1319.13676     1396.78380     1479.58996     1565.12022
      528.00000     1165.97529     1238.74399     1319.84473     1397.00040     1479.28516     1564.36024
      529.00000     1167.76605     1239.90846     1320.56035     1397.21934     1478.97722     1563.59157
      530.00000     1169.57863     1241.08606     1321.28382     1397.44069     1478.66604     1562.81401
      531.00000     1171.41363     1242.27712     1322.01534     1397.66452     1478.35155     1562.02739
      532.00000     1173.27170     1243.48203     1322.75514     1397.89090     1478.03366     1561.23149
      533.00000     1175.15351     1244.70117     1323.50344     1398.11990     1477.71229     1560.42612
      534.00000     1177.05978     1245.93494     1324.26048     1398.35160     1477.38735     1559.61103
      535.00000     1178.99126     1247.18378     1325.02652     1398.58610     1477.05872     1558.78600
      536.00000     1180.94873     1248.44812     1325.80181     1398.82346     1476.72632     1557.95077
      537.00000     1182.93302     1249.72844     1326.58665     1399.06379     1476.39003     1557.10509
      538.00000     1184.94500     1251.02524     1327.38132     1399.30718     1476.04974     1556.24866
      539.00000     1186.98560     1252.33904     1328.18614     1399.55375     1475.70533     1555.38119
      540.00000     1189.05578     1253.67040     1329.00142     1399.80358     1475.35668     1554.50236
      541.00000     1191.15658     1255.01989     1329.82752     1400.05681     1475.00365     1553.61184
      542.00000     1193.28909     1256.38813     1330.66481     1400.31356     1474.64611     1552.70927
      543.00000     1195.45446     1257.77578     1331.51367     1400.57395     1474.28390     1551.79427
      544.00000     1197.65393     1259.18353     1332.37451     1400.83813     1473.91687     1550.86643
      545.00000     1199.88881     1260.61212     1333.24778     1401.10625     1473.54485     1549.92531
      546.00000     1202.16048     1262.06234     1334.13393     1401.37846     1473.16767     1548.97045
      547.00000     1204.47043     1263.53501     1335.03348     1401.65493     1472.78513     1548.00135
      548.00000     1206.82026     1265.03103     1335.94694     1401.93586     1472.39704     1547.01748
      549.00000     1209.21166     1266.55136     1336.87489     1402.22143     1472.00319     1546.01827
      550.00000     1211.64646     1268.09701     1337.81794     1402.51186     1471.60334     1545.00308
      551.00000     1214.12662     1269.66908     1338.77675     1402.80738     1471.19724     1543.97126
      552.00000     1216.65426     1271.26876     1339.75201     1403.10824     1470.78464     1542.92208
      553.00000     1219.23165     1272.89731     1340.74451     1403.41470     1470.36526     1541.85475
      554.00000     1221.86127     1274.55611     1341.75506     1403.72705     1469.93877     1540.76843
      555.00000     1224.54579     1276.24665     1342.78456     1404.04563     1469.50486     1539.66218
      556.00000     1227.28812     1277.97054     1343.83399     1404.37076     1469.06316     1538.53499
      557.00000     1230.09145     1279.72954     1344.90442     1404.70285     1468.61328     1537.38575
      558.00000     1232.95924     1281.52558     1345.99701     1405.04230     1468.15480     1536.21323
      559.00000     1235.89531     1283.36077     1347.11306     1405.38959     1467.68724     1535.01607
      560.00000     1238.90386     1285.23743     1348.25397     1405.74522     1467.21009     1533.79280
      561.00000     1241.98953     1287.15811     1349.42134     1406.10979     1466.72279     1532.54172
      562.00000     1245.15748     1289.12566     1350.61690     1406.48392     1466.22470     1531.26100
      563.00000     1248.41344     1291.14323     1351.84263     1406.86836     1465.71513     1529.94852
      564.00000     1251.76387     1293.21436     1353.10074     1407.26390     1465.19328     1528.60194
      565.00000     1255.21599     1295.34303     1354.39373     1407.67149     1464.65828     1527.21857
      566.00000     1258.77801     1297.53374     1355.72447     1408.09219     1464.10913     1525.79534
      567.00000     1262.45929     1299.79162     1357.09624     1408.52724     1463.54469     1524.32871
      568.00000     1266.27054     1302.12255     1358.51286     1408.97806     1462.96365     1522.81460
      569.00000     1270.22417     1304.53332     1359.97880     1409.44634     1462.36450     1521.24819
      570.00000     1274.33462     1307.03188     1361.49934     1409.93405     1461.74546     1519.62379
      571.00000     1278.61892     1309.62758     1363.08084     1410.44359     1461.10444     1517.93459
      572.00000     1283.09731     1312.33157     1364.73104     1410.97785     1460.43894     1516.17232
      573.00000     1287.79418     1315.15733     1366.45954     1411.54039     1459.74590     1514.32678
      574.00000     1292.73934     1318.12143     1368.27846     1412.13570     1459.02157     1512.38518
      575.00000     1297.96980     1321.24461     1370.20359     1412.76949     1458.26123     1510.33108
      576.00000     1303.53241     1324.55338     1372.25603     1413.44929     1457.45878     1508.14284
      577.00000     1309.48788     1328.08266     1374.46516     1414.18528     1456.60613     1505.79104
      578.00000     1315.91696     1331.88001     1376.87392     1414.99178     1455.69216     1503.23391
      579.00000     1322.93077     1336.01328     1379.54922     1415.88992     1454.70089     1500.40901
      580.00000     1330.68850     1340.58529     1382.60479     1416.91310     1453.60789     1497.21585
      581.00000     1339.42985     1345.76649     1386.25915     1418.11927     1452.37266     1493.47461
      582.00000     1349.53812     1351.88223     1391.01781     1419.62527     1450.91980     1488.80433
      583.00000     1359.74582     1361.67196     1398.48633     1421.74212     1449.08455     1482.08974
      584.00000     1377.24833     1377.24833     1426.03962     1426.03962     1453.61053     1453.61053
