           1  -1049.90839331757                0
           1  -1049.90839331757                1
 
           2  -735.806511714785                0
           2  -735.806511714785                1
 
           3  -451.478076475183                0
           3  -451.478076475183                1
 
           4  -111.175233144320                0
           4  -111.175233144320                1
 
           5   280.846921856623                0
           5   280.846921856623                1
 
           6   702.650749367026                0
           6   702.650749367026                1
 
