     0.0000000000     3.1415926536     3.1415926536     0.0000000000     0.0000000000     3.1415926536     3.1415926536     0.0000000000     0.0000000000
     0.0040071335     3.1386930376     3.1386930376     0.0026362007     0.0026362007     3.1415926536     3.1415926536     6.2831853072     6.2831853072
     0.0080142670     3.1357933623     3.1357933623     0.0052724758     0.0052724758     3.1415926536     3.1415926536     6.2831853072     6.2831853072
     0.0120214005     3.1328935685     3.1328935685     0.0079088997     0.0079088997     3.1415926536     3.1415926536     6.2831853072     6.2831853072
     0.0160285339     3.1299935970     3.1299935970     0.0105455469     0.0105455469     3.1415926536     3.1415926536     6.2831853072     6.2831853072
     0.0200356674     3.1270933884     3.1270933884     0.0131824919     0.0131824919     3.1415926536     3.1415926536     6.2831853072     6.2831853072
     0.0240428009     3.1241928834     3.1241928834     0.0158198091     0.0158198091     3.1415926536     3.1415926536     6.2831853072     6.2831853072
     0.0280499344     3.1212920228     3.1212920228     0.0184575730     0.0184575730     3.1415926536     3.1415926536     6.2831853072     6.2831853072
     0.0320570679     3.1183907471     3.1183907471     0.0210958583     0.0210958583     3.1415926536     3.1415926536     6.2831853072     6.2831853072
     0.0360642014     3.1154889968     3.1154889968     0.0237347395     0.0237347395     3.1415926536     3.1415926536     6.2831853072     6.2831853072
     0.0400713349     3.1125867127     3.1125867127     0.0263742914     0.0263742914     3.1415926536     3.1415926536     6.2831853072     6.2831853072
     0.0440784684     3.1096838350     3.1096838350     0.0290145886     0.0290145886     3.1415926536     3.1415926536     6.2831853072     6.2831853072
     0.0480856018     3.1067803042     3.1067803042     0.0316557061     0.0316557061     3.1415926536     3.1415926536     6.2831853072     6.2831853072
     0.0520927353     3.1038760607     3.1038760607     0.0342977186     0.0342977186     3.1415926536     3.1415926536     6.2831853072     6.2831853072
     0.0560998688     3.1009710446     3.1009710446     0.0369407013     0.0369407013     3.1415926536     3.1415926536     6.2831853072     6.2831853072
     0.0601070023     3.0980651963     3.0980651963     0.0395847291     0.0395847291     3.1415926536     3.1415926536     6.2831853072     6.2831853072
     0.0641141358     3.0951584557     3.0951584557     0.0422298774     0.0422298774     3.1415926536     3.1415926536     6.2831853072     6.2831853072
     0.0681212693     3.0922507629     3.0922507629     0.0448762213     0.0448762213     3.1415926536     3.1415926536     6.2831853072     6.2831853072
     0.0721284028     3.0893420578     3.0893420578     0.0475238363     0.0475238363     3.1415926536     3.1415926536     6.2831853072     6.2831853072
     0.0761355362     3.0864322801     3.0864322801     0.0501727980     0.0501727980     3.1415926536     3.1415926536     6.2831853072     6.2831853072
     0.0801426697     3.0835213696     3.0835213696     0.0528231820     0.0528231820     3.1415926536     3.1415926536     6.2831853072     6.2831853072
     0.0841498032     3.0806092657     3.0806092657     0.0554750641     0.0554750641     3.1415926536     3.1415926536     6.2831853072     6.2831853072
     0.0881569367     3.0776959080     3.0776959080     0.0581285204     0.0581285204     3.1415926536     3.1415926536     6.2831853072     6.2831853072
     0.0921640702     3.0747812357     3.0747812357     0.0607836269     0.0607836269     3.1415926536     3.1415926536     6.2831853072     6.2831853072
     0.0961712037     3.0718651880     3.0718651880     0.0634404599     0.0634404599     3.1415926536     3.1415926536     6.2831853072     6.2831853072
     0.1001783372     3.0689477038     3.0689477038     0.0660990958     0.0660990958     3.1415926536     3.1415926536     6.2831853072     6.2831853072
     0.1041854707     3.0660287221     3.0660287221     0.0687596114     0.0687596114     3.1415926536     3.1415926536     6.2831853072     6.2831853072
     0.1081926041     3.0631081816     3.0631081816     0.0714220833     0.0714220833     3.1415926536     3.1415926536     6.2831853072     6.2831853072
     0.1121997376     3.0601860208     3.0601860208     0.0740865887     0.0740865887     3.1415926536     3.1415926536     6.2831853072     6.2831853072
     0.1162068711     3.0572621781     3.0572621781     0.0767532047     0.0767532047     3.1415926536     3.1415926536     6.2831853072     6.2831853072
     0.1202140046     3.0543365916     3.0543365916     0.0794220086     0.0794220086     3.1415926536     3.1415926536     6.2831853072     6.2831853072
     0.1242211381     3.0514091994     3.0514091994     0.0820930782     0.0820930782     3.1415926536     3.1415926536     6.2831853072     6.2831853072
     0.1282282716     3.0484799393     3.0484799393     0.0847664913     0.0847664913     3.1415926536     3.1415926536     6.2831853072     6.2831853072
     0.1322354051     3.0455487490     3.0455487490     0.0874423259     0.0874423259     3.1415926536     3.1415926536     6.2831853072     6.2831853072
     0.1362425385     3.0426155659     3.0426155659     0.0901206603     0.0901206603     3.1415926536     3.1415926536     6.2831853072     6.2831853072
     0.1402496720     3.0396803271     3.0396803271     0.0928015731     0.0928015731     3.1415926536     3.1415926536     6.2831853072     6.2831853072
     0.1442568055     3.0367429698     3.0367429698     0.0954851431     0.0954851431     3.1415926536     3.1415926536     6.2831853072     6.2831853072
     0.1482639390     3.0338034307     3.0338034307     0.0981714493     0.0981714493     3.1415926536     3.1415926536     6.2831853072     6.2831853072
     0.1522710725     3.0308616464     3.0308616464     0.1008605710     0.1008605710     3.1415926536     3.1415926536     6.2831853072     6.2831853072
     0.1562782060     3.0279175532     3.0279175532     0.1035525877     0.1035525877     3.1415926536     3.1415926536     6.2831853072     6.2831853072
     0.1602853395     3.0249710872     3.0249710872     0.1062475795     0.1062475795     3.1415926536     3.1415926536     6.2831853072     6.2831853072
     0.1642924730     3.0220221843     3.0220221843     0.1089456263     0.1089456263     3.1415926536     3.1415926536     6.2831853072     6.2831853072
     0.1682996064     3.0190707800     3.0190707800     0.1116468086     0.1116468086     3.1415926536     3.1415926536     6.2831853072     6.2831853072
     0.1723067399     3.0161168098     3.0161168098     0.1143512071     0.1143512071     3.1415926536     3.1415926536     6.2831853072     6.2831853072
     0.1763138734     3.0131602088     3.0131602088     0.1170589029     0.1170589029     3.1415926536     3.1415926536     6.2831853072     6.2831853072
     0.1803210069     3.0102009116     3.0102009116     0.1197699774     0.1197699774     3.1415926536     3.1415926536     6.2831853072     6.2831853072
     0.1843281404     3.0072388530     3.0072388530     0.1224845120     0.1224845120     3.1415926536     3.1415926536     6.2831853072     6.2831853072
     0.1883352739     3.0042739672     3.0042739672     0.1252025890     0.1252025890     3.1415926536     3.1415926536     6.2831853072     6.2831853072
     0.1923424074     3.0013061881     3.0013061881     0.1279242904     0.1279242904     3.1415926536     3.1415926536     6.2831853072     6.2831853072
     0.1963495408     2.9983354495     2.9983354495     0.1306496991     0.1306496991     3.1415926536     3.1415926536     6.2831853072     6.2831853072
     0.2003566743     2.9953616848     2.9953616848     0.1333788980     0.1333788980     3.1415926536     3.1415926536     6.2831853072     6.2831853072
     0.2043638078     2.9923848270     2.9923848270     0.1361119705     0.1361119705     3.1415926536     3.1415926536     6.2831853072     6.2831853072
     0.2083709413     2.9894048091     2.9894048091     0.1388490002     0.1388490002     3.1415926536     3.1415926536     6.2831853072     6.2831853072
     0.2123780748     2.9864215633     2.9864215633     0.1415900712     0.1415900712     3.1415926536     3.1415926536     6.2831853072     6.2831853072
     0.2163852083     2.9834350220     2.9834350220     0.1443352680     0.1443352680     3.1415926536     3.1415926536     6.2831853072     6.2831853072
     0.2203923418     2.9804451169     2.9804451169     0.1470846754     0.1470846754     3.1415926536     3.1415926536     6.2831853072     6.2831853072
     0.2243994753     2.9774517795     2.9774517795     0.1498383786     0.1498383786     3.1415926536     3.1415926536     6.2831853072     6.2831853072
     0.2284066087     2.9744549411     2.9744549411     0.1525964632     0.1525964632     3.1415926536     3.1415926536     6.2831853072     6.2831853072
     0.2324137422     2.9714545325     2.9714545325     0.1553590151     0.1553590151     3.1415926536     3.1415926536     6.2831853072     6.2831853072
     0.2364208757     2.9684504841     2.9684504841     0.1581261208     0.1581261208     3.1415926536     3.1415926536     6.2831853072     6.2831853072
     0.2404280092     2.9654427261     2.9654427261     0.1608978670     0.1608978670     3.1415926536     3.1415926536     6.2831853072     6.2831853072
     0.2444351427     2.9624311883     2.9624311883     0.1636743409     0.1636743409     3.1415926536     3.1415926536     6.2831853072     6.2831853072
     0.2484422762     2.9594158001     2.9594158001     0.1664556302     0.1664556302     3.1415926536     3.1415926536     6.2831853072     6.2831853072
     0.2524494097     2.9563964905     2.9563964905     0.1692418229     0.1692418229     3.1415926536     3.1415926536     6.2831853072     6.2831853072
     0.2564565432     2.9533731883     2.9533731883     0.1720330075     0.1720330075     3.1415926536     3.1415926536     6.2831853072     6.2831853072
     0.2604636766     2.9503458218     2.9503458218     0.1748292728     0.1748292728     3.1415926536     3.1415926536     6.2831853072     6.2831853072
     0.2644708101     2.9473143188     2.9473143188     0.1776307083     0.1776307083     3.1415926536     3.1415926536     6.2831853072     6.2831853072
     0.2684779436     2.9442786070     2.9442786070     0.1804374038     0.1804374038     3.1415926536     3.1415926536     6.2831853072     6.2831853072
     0.2724850771     2.9412386135     2.9412386135     0.1832494494     0.1832494494     3.1415926536     3.1415926536     6.2831853072     6.2831853072
     0.2764922106     2.9381942650     2.9381942650     0.1860669359     0.1860669359     3.1415926536     3.1415926536     6.2831853072     6.2831853072
     0.2804993441     2.9351454880     2.9351454880     0.1888899544     0.1888899544     3.1415926536     3.1415926536     6.2831853072     6.2831853072
     0.2845064776     2.9320922084     2.9320922084     0.1917185966     0.1917185966     3.1415926536     3.1415926536     6.2831853072     6.2831853072
     0.2885136110     2.9290343518     2.9290343518     0.1945529545     0.1945529545     3.1415926536     3.1415926536     6.2831853072     6.2831853072
     0.2925207445     2.9259718432     2.9259718432     0.1973931208     0.1973931208     3.1415926536     3.1415926536     6.2831853072     6.2831853072
     0.2965278780     2.9229046075     2.9229046075     0.2002391884     0.2002391884     3.1415926536     3.1415926536     6.2831853072     6.2831853072
     0.3005350115     2.9198325691     2.9198325691     0.2030912509     0.2030912509     3.1415926536     3.1415926536     6.2831853072     6.2831853072
     0.3045421450     2.9167556517     2.9167556517     0.2059494023     0.2059494023     3.1415926536     3.1415926536     6.2831853072     6.2831853072
     0.3085492785     2.9136737788     2.9136737788     0.2088137371     0.2088137371     3.1415926536     3.1415926536     6.2831853072     6.2831853072
     0.3125564120     2.9105868736     2.9105868736     0.2116843502     0.2116843502     3.1415926536     3.1415926536     6.2831853072     6.2831853072
     0.3165635455     2.9074948587     2.9074948587     0.2145613372     0.2145613372     3.1415926536     3.1415926536     6.2831853072     6.2831853072
     0.3205706789     2.9043976562     2.9043976562     0.2174447940     0.2174447940     3.1415926536     3.1415926536     6.2831853072     6.2831853072
     0.3245778124     2.9012951879     2.9012951879     0.2203348171     0.2203348171     3.1415926536     3.1415926536     6.2831853072     6.2831853072
     0.3285849459     2.8981873752     2.8981873752     0.2232315034     0.2232315034     3.1415926536     3.1415926536     6.2831853072     6.2831853072
     0.3325920794     2.8950741388     2.8950741388     0.2261349506     0.2261349506     3.1415926536     3.1415926536     6.2831853072     6.2831853072
     0.3365992129     2.8919553994     2.8919553994     0.2290452564     0.2290452564     3.1415926536     3.1415926536     6.2831853072     6.2831853072
     0.3406063464     2.8888310768     2.8888310768     0.2319625195     0.2319625195     3.1415926536     3.1415926536     6.2831853072     6.2831853072
     0.3446134799     2.8857010906     2.8857010906     0.2348868388     0.2348868388     3.1415926536     3.1415926536     6.2831853072     6.2831853072
     0.3486206133     2.8825653600     2.8825653600     0.2378183138     0.2378183138     3.1415926536     3.1415926536     6.2831853072     6.2831853072
     0.3526277468     2.8794238036     2.8794238036     0.2407570446     0.2407570446     3.1415926536     3.1415926536     6.2831853072     6.2831853072
     0.3566348803     2.8762763397     2.8762763397     0.2437031317     0.2437031317     3.1415926536     3.1415926536     6.2831853072     6.2831853072
     0.3606420138     2.8731228860     2.8731228860     0.2466566762     0.2466566762     3.1415926536     3.1415926536     6.2831853072     6.2831853072
     0.3646491473     2.8699633598     2.8699633598     0.2496177795     0.2496177795     3.1415926536     3.1415926536     6.2831853072     6.2831853072
     0.3686562808     2.8667976781     2.8667976781     0.2525865437     0.2525865437     3.1415926536     3.1415926536     6.2831853072     6.2831853072
     0.3726634143     2.8636257572     2.8636257572     0.2555630715     0.2555630715     3.1415926536     3.1415926536     6.2831853072     6.2831853072
     0.3766705478     2.8604475132     2.8604475132     0.2585474659     0.2585474659     3.1415926536     3.1415926536     6.2831853072     6.2831853072
     0.3806776812     2.8572628616     2.8572628616     0.2615398304     0.2615398304     3.1415926536     3.1415926536     6.2831853072     6.2831853072
     0.3846848147     2.8540717175     2.8540717175     0.2645402692     0.2645402692     3.1415926536     3.1415926536     6.2831853072     6.2831853072
     0.3886919482     2.8508739957     2.8508739957     0.2675488869     0.2675488869     3.1415926536     3.1415926536     6.2831853072     6.2831853072
     0.3926990817     2.8476696102     2.8476696102     0.2705657884     0.2705657884     3.1415926536     3.1415926536     6.2831853072     6.2831853072
     0.3967062152     2.8444584750     2.8444584750     0.2735910795     0.2735910795     3.1415926536     3.1415926536     6.2831853072     6.2831853072
     0.4007133487     2.8412405033     2.8412405033     0.2766248660     0.2766248660     3.1415926536     3.1415926536     6.2831853072     6.2831853072
     0.4047204822     2.8380156082     2.8380156082     0.2796672547     0.2796672547     3.1415926536     3.1415926536     6.2831853072     6.2831853072
     0.4087276156     2.8347837020     2.8347837020     0.2827183525     0.2827183525     3.1415926536     3.1415926536     6.2831853072     6.2831853072
     0.4127347491     2.8315446970     2.8315446970     0.2857782669     0.2857782669     3.1415926536     3.1415926536     6.2831853072     6.2831853072
     0.4167418826     2.8282985047     2.8282985047     0.2888471058     0.2888471058     3.1415926536     3.1415926536     6.2831853072     6.2831853072
     0.4207490161     2.8250450364     2.8250450364     0.2919249778     0.2919249778     3.1415926536     3.1415926536     6.2831853072     6.2831853072
     0.4247561496     2.8217842031     2.8217842031     0.2950119916     0.2950119916     3.1415926536     3.1415926536     6.2831853072     6.2831853072
     0.4287632831     2.8185159150     2.8185159150     0.2981082566     0.2981082566     3.1415926536     3.1415926536     6.2831853072     6.2831853072
     0.4327704166     2.8152400824     2.8152400824     0.3012138825     0.3012138825     3.1415926536     3.1415926536     6.2831853072     6.2831853072
     0.4367775501     2.8119566149     2.8119566149     0.3043289795     0.3043289795     3.1415926536     3.1415926536     6.2831853072     6.2831853072
     0.4407846835     2.8086654218     2.8086654218     0.3074536583     0.3074536583     3.1415926536     3.1415926536     6.2831853072     6.2831853072
     0.4447918170     2.8053664120     2.8053664120     0.3105880297     0.3105880297     3.1415926536     3.1415926536     6.2831853072     6.2831853072
     0.4487989505     2.8020594941     2.8020594941     0.3137322053     0.3137322053     3.1415926536     3.1415926536     6.2831853072     6.2831853072
     0.4528060840     2.7987445763     2.7987445763     0.3168862967     0.3168862967     3.1415926536     3.1415926536     6.2831853072     6.2831853072
     0.4568132175     2.7954215666     2.7954215666     0.3200504161     0.3200504161     3.1415926536     3.1415926536     6.2831853072     6.2831853072
     0.4608203510     2.7920903725     2.7920903725     0.3232246761     0.3232246761     3.1415926536     3.1415926536     6.2831853072     6.2831853072
     0.4648274845     2.7887509013     2.7887509013     0.3264091894     0.3264091894     3.1415926536     3.1415926536     6.2831853072     6.2831853072
     0.4688346179     2.7854030598     2.7854030598     0.3296040692     0.3296040692     3.1415926536     3.1415926536     6.2831853072     6.2831853072
     0.4728417514     2.7820467548     2.7820467548     0.3328094290     0.3328094290     3.1415926536     3.1415926536     6.2831853072     6.2831853072
     0.4768488849     2.7786818927     2.7786818927     0.3360253825     0.3360253825     3.1415926536     3.1415926536     6.2831853072     6.2831853072
     0.4808560184     2.7753083795     2.7753083795     0.3392520438     0.3392520438     3.1415926536     3.1415926536     6.2831853072     6.2831853072
     0.4848631519     2.7719261212     2.7719261212     0.3424895272     0.3424895272     3.1415926536     3.1415926536     6.2831853072     6.2831853072
     0.4888702854     2.7685350233     2.7685350233     0.3457379472     0.3457379472     3.1415926536     3.1415926536     6.2831853072     6.2831853072
     0.4928774189     2.7651349914     2.7651349914     0.3489974185     0.3489974185     3.1415926536     3.1415926536     6.2831853072     6.2831853072
     0.4968845524     2.7617259306     2.7617259306     0.3522680560     0.3522680560     3.1415926536     3.1415926536     6.2831853072     6.2831853072
     0.5008916858     2.7583077461     2.7583077461     0.3555499749     0.3555499749     3.1415926536     3.1415926536     6.2831853072     6.2831853072
     0.5048988193     2.7548803428     2.7548803428     0.3588432903     0.3588432903     3.1415926536     3.1415926536     6.2831853072     6.2831853072
     0.5089059528     2.7514436253     2.7514436253     0.3621481177     0.3621481177     3.1415926536     3.1415926536     6.2831853072     6.2831853072
     0.5129130863     2.7479974985     2.7479974985     0.3654645724     0.3654645724     3.1415926536     3.1415926536     6.2831853072     6.2831853072
     0.5169202198     2.7445418668     2.7445418668     0.3687927700     0.3687927700     3.1415926536     3.1415926536     6.2831853072     6.2831853072
     0.5209273533     2.7410766349     2.7410766349     0.3721328260     0.3721328260     3.1415926536     3.1415926536     6.2831853072     6.2831853072
     0.5249344868     2.7376017070     2.7376017070     0.3754848559     0.3754848559     3.1415926536     3.1415926536     6.2831853072     6.2831853072
     0.5289416202     2.7341169878     2.7341169878     0.3788489753     0.3788489753     3.1415926536     3.1415926536     6.2831853072     6.2831853072
     0.5329487537     2.7306223817     2.7306223817     0.3822252996     0.3822252996     3.1415926536     3.1415926536     6.2831853072     6.2831853072
     0.5369558872     2.7271177931     2.7271177931     0.3856139443     0.3856139443     3.1415926536     3.1415926536     6.2831853072     6.2831853072
     0.5409630207     2.7236031266     2.7236031266     0.3890150245     0.3890150245     3.1415926536     3.1415926536     6.2831853072     6.2831853072
     0.5449701542     2.7200782870     2.7200782870     0.3924286553     0.3924286553     3.1415926536     3.1415926536     6.2831853072     6.2831853072
     0.5489772877     2.7165431789     2.7165431789     0.3958549516     0.3958549516     3.1415926536     3.1415926536     6.2831853072     6.2831853072
     0.5529844212     2.7129977075     2.7129977075     0.3992940280     0.3992940280     3.1415926536     3.1415926536     6.2831853072     6.2831853072
     0.5569915547     2.7094417777     2.7094417777     0.4027459989     0.4027459989     3.1415926536     3.1415926536     6.2831853072     6.2831853072
     0.5609986881     2.7058752951     2.7058752951     0.4062109784     0.4062109784     3.1415926536     3.1415926536     6.2831853072     6.2831853072
     0.5650058216     2.7022981652     2.7022981652     0.4096890799     0.4096890799     3.1415926536     3.1415926536     6.2831853072     6.2831853072
     0.5690129551     2.6987102941     2.6987102941     0.4131804169     0.4131804169     3.1415926536     3.1415926536     6.2831853072     6.2831853072
     0.5730200886     2.6951115879     2.6951115879     0.4166851021     0.4166851021     3.1415926536     3.1415926536     6.2831853072     6.2831853072
     0.5770272221     2.6915019535     2.6915019535     0.4202032478     0.4202032478     3.1415926536     3.1415926536     6.2831853072     6.2831853072
     0.5810343556     2.6878812979     2.6878812979     0.4237349657     0.4237349657     3.1415926536     3.1415926536     6.2831853072     6.2831853072
     0.5850414891     2.6842495286     2.6842495286     0.4272803669     0.4272803669     3.1415926536     3.1415926536     6.2831853072     6.2831853072
     0.5890486225     2.6806065538     2.6806065538     0.4308395618     0.4308395618     3.1415926536     3.1415926536     6.2831853072     6.2831853072
     0.5930557560     2.6769522822     2.6769522822     0.4344126603     0.4344126603     3.1415926536     3.1415926536     6.2831853072     6.2831853072
     0.5970628895     2.6732866228     2.6732866228     0.4379997712     0.4379997712     3.1415926536     3.1415926536     6.2831853072     6.2831853072
     0.6010700230     2.6696094857     2.6696094857     0.4416010028     0.4416010028     3.1415926536     3.1415926536     6.2831853072     6.2831853072
     0.6050771565     2.6659207815     2.6659207815     0.4452164621     0.4452164621     3.1415926536     3.1415926536     6.2831853072     6.2831853072
     0.6090842900     2.6622204215     2.6622204215     0.4488462556     0.4488462556     3.1415926536     3.1415926536     6.2831853072     6.2831853072
     0.6130914235     2.6585083178     2.6585083178     0.4524904885     0.4524904885     3.1415926536     3.1415926536     6.2831853072     6.2831853072
     0.6170985570     2.6547843835     2.6547843835     0.4561492651     0.4561492651     3.1415926536     3.1415926536     6.2831853072     6.2831853072
     0.6211056904     2.6510485325     2.6510485325     0.4598226883     0.4598226883     3.1415926536     3.1415926536     6.2831853072     6.2831853072
     0.6251128239     2.6473006796     2.6473006796     0.4635108600     0.4635108600     3.1415926536     3.1415926536     6.2831853072     6.2831853072
     0.6291199574     2.6435407409     2.6435407409     0.4672138807     0.4672138807     3.1415926536     3.1415926536     6.2831853072     6.2831853072
     0.6331270909     2.6397686334     2.6397686334     0.4709318497     0.4709318497     3.1415926536     3.1415926536     6.2831853072     6.2831853072
     0.6371342244     2.6359842752     2.6359842752     0.4746648648     0.4746648648     3.1415926536     3.1415926536     6.2831853072     6.2831853072
     0.6411413579     2.6321875857     2.6321875857     0.4784130222     0.4784130222     3.1415926536     3.1415926536     6.2831853072     6.2831853072
     0.6451484914     2.6283784855     2.6283784855     0.4821764166     0.4821764166     3.1415926536     3.1415926536     6.2831853072     6.2831853072
     0.6491556248     2.6245568967     2.6245568967     0.4859551410     0.4859551410     3.1415926536     3.1415926536     6.2831853072     6.2831853072
     0.6531627583     2.6207227428     2.6207227428     0.4897492867     0.4897492867     3.1415926536     3.1415926536     6.2831853072     6.2831853072
     0.6571698918     2.6168759485     2.6168759485     0.4935589433     0.4935589433     3.1415926536     3.1415926536     6.2831853072     6.2831853072
     0.6611770253     2.6130164404     2.6130164404     0.4973841983     0.4973841983     3.1415926536     3.1415926536     6.2831853072     6.2831853072
     0.6651841588     2.6091441465     2.6091441465     0.5012251372     0.5012251372     3.1415926536     3.1415926536     6.2831853072     6.2831853072
     0.6691912923     2.6052589965     2.6052589965     0.5050818436     0.5050818436     3.1415926536     3.1415926536     6.2831853072     6.2831853072
     0.6731984258     2.6013609221     2.6013609221     0.5089543989     0.5089543989     3.1415926536     3.1415926536     6.2831853072     6.2831853072
     0.6772055593     2.5974498565     2.5974498565     0.5128428821     0.5128428821     3.1415926536     3.1415926536     6.2831853072     6.2831853072
     0.6812126927     2.5935257351     2.5935257351     0.5167473700     0.5167473700     3.1415926536     3.1415926536     6.2831853072     6.2831853072
     0.6852198262     2.5895884952     2.5895884952     0.5206679369     0.5206679369     3.1415926536     3.1415926536     6.2831853072     6.2831853072
     0.6892269597     2.5856380760     2.5856380760     0.5246046545     0.5246046545     3.1415926536     3.1415926536     6.2831853072     6.2831853072
     0.6932340932     2.5816744192     2.5816744192     0.5285575922     0.5285575922     3.1415926536     3.1415926536     6.2831853072     6.2831853072
     0.6972412267     2.5776974685     2.5776974685     0.5325268163     0.5325268163     3.1415926536     3.1415926536     6.2831853072     6.2831853072
     0.7012483602     2.5737071699     2.5737071699     0.5365123904     0.5365123904     3.1415926536     3.1415926536     6.2831853072     6.2831853072
     0.7052554937     2.5697034720     2.5697034720     0.5405143752     0.5405143752     3.1415926536     3.1415926536     6.2831853072     6.2831853072
     0.7092626271     2.5656863256     2.5656863256     0.5445328285     0.5445328285     3.1415926536     3.1415926536     6.2831853072     6.2831853072
     0.7132697606     2.5616556844     2.5616556844     0.5485678049     0.5485678049     3.1415926536     3.1415926536     6.2831853072     6.2831853072
     0.7172768941     2.5576115045     2.5576115045     0.5526193556     0.5526193556     3.1415926536     3.1415926536     6.2831853072     6.2831853072
     0.7212840276     2.5535537448     2.5535537448     0.5566875287     0.5566875287     3.1415926536     3.1415926536     6.2831853072     6.2831853072
     0.7252911611     2.5494823671     2.5494823671     0.5607723688     0.5607723688     3.1415926536     3.1415926536     6.2831853072     6.2831853072
     0.7292982946     2.5453973361     2.5453973361     0.5648739171     0.5648739171     3.1415926536     3.1415926536     6.2831853072     6.2831853072
     0.7333054281     2.5412986194     2.5412986194     0.5689922110     0.5689922110     3.1415926536     3.1415926536     6.2831853072     6.2831853072
     0.7373125616     2.5371861878     2.5371861878     0.5731272841     0.5731272841     3.1415926536     3.1415926536     6.2831853072     6.2831853072
     0.7413196950     2.5330600152     2.5330600152     0.5772791664     0.5772791664     3.1415926536     3.1415926536     6.2831853072     6.2831853072
     0.7453268285     2.5289200789     2.5289200789     0.5814478838     0.5814478838     3.1415926536     3.1415926536     6.2831853072     6.2831853072
     0.7493339620     2.5247663595     2.5247663595     0.5856334583     0.5856334583     3.1415926536     3.1415926536     6.2831853072     6.2831853072
     0.7533410955     2.5205988408     2.5205988408     0.5898359074     0.5898359074     3.1415926536     3.1415926536     6.2831853072     6.2831853072
     0.7573482290     2.5164175106     2.5164175106     0.5940552448     0.5940552448     3.1415926536     3.1415926536     6.2831853072     6.2831853072
     0.7613553625     2.5122223599     2.5122223599     0.5982914795     0.5982914795     3.1415926536     3.1415926536     6.2831853072     6.2831853072
     0.7653624960     2.5080133836     2.5080133836     0.6025446162     0.6025446162     3.1415926536     3.1415926536     6.2831853072     6.2831853072
     0.7693696295     2.5037905804     2.5037905804     0.6068146550     0.6068146550     3.1415926536     3.1415926536     6.2831853072     6.2831853072
     0.7733767629     2.4995539528     2.4995539528     0.6111015914     0.6111015914     3.1415926536     3.1415926536     6.2831853072     6.2831853072
     0.7773838964     2.4953035072     2.4953035072     0.6154054159     0.6154054159     3.1415926536     3.1415926536     6.2831853072     6.2831853072
     0.7813910299     2.4910392543     2.4910392543     0.6197261144     0.6197261144     3.1415926536     3.1415926536     6.2831853072     6.2831853072
     0.7853981634     2.4867612087     2.4867612087     0.6240636677     0.6240636677     3.1415926536     3.1415926536     6.2831853072     6.2831853072
     0.7894052969     2.4824693892     2.4824693892     0.6284180516     0.6284180516     3.1415926536     3.1415926536     6.2831853072     6.2831853072
     0.7934124304     2.4781638191     2.4781638191     0.6327892368     0.6327892368     3.1415926536     3.1415926536     6.2831853072     6.2831853072
     0.7974195639     2.4738445257     2.4738445257     0.6371771887     0.6371771887     3.1415926536     3.1415926536     6.2831853072     6.2831853072
     0.8014266973     2.4695115411     2.4695115411     0.6415818673     0.6415818673     3.1415926536     3.1415926536     6.2831853072     6.2831853072
     0.8054338308     2.4651649017     2.4651649017     0.6460032273     0.6460032273     3.1415926536     3.1415926536     6.2831853072     6.2831853072
     0.8094409643     2.4608046485     2.4608046485     0.6504412180     0.6504412180     3.1415926536     3.1415926536     6.2831853072     6.2831853072
     0.8134480978     2.4564308272     2.4564308272     0.6548957828     0.6548957828     3.1415926536     3.1415926536     6.2831853072     6.2831853072
     0.8174552313     2.4520434882     2.4520434882     0.6593668597     0.6593668597     3.1415926536     3.1415926536     6.2831853072     6.2831853072
     0.8214623648     2.4476426866     2.4476426866     0.6638543811     0.6638543811     3.1415926536     3.1415926536     6.2831853072     6.2831853072
     0.8254694983     2.4432284824     2.4432284824     0.6683582732     0.6683582732     3.1415926536     3.1415926536     6.2831853072     6.2831853072
     0.8294766318     2.4388009405     2.4388009405     0.6728784568     0.6728784568     3.1415926536     3.1415926536     6.2831853072     6.2831853072
     0.8334837652     2.4343601306     2.4343601306     0.6774148464     0.6774148464     3.1415926536     3.1415926536     6.2831853072     6.2831853072
     0.8374908987     2.4299061277     2.4299061277     0.6819673507     0.6819673507     3.1415926536     3.1415926536     6.2831853072     6.2831853072
     0.8414980322     2.4254390114     2.4254390114     0.6865358724     0.6865358724     3.1415926536     3.1415926536     6.2831853072     6.2831853072
     0.8455051657     2.4209588667     2.4209588667     0.6911203081     0.6911203081     3.1415926536     3.1415926536     6.2831853072     6.2831853072
     0.8495122992     2.4164657836     2.4164657836     0.6957205482     0.6957205482     3.1415926536     3.1415926536     6.2831853072     6.2831853072
     0.8535194327     2.4119598572     2.4119598572     0.7003364770     0.7003364770     3.1415926536     3.1415926536     6.2831853072     6.2831853072
     0.8575265662     2.4074411878     2.4074411878     0.7049679726     0.7049679726     3.1415926536     3.1415926536     6.2831853072     6.2831853072
     0.8615336996     2.4029098810     2.4029098810     0.7096149070     0.7096149070     3.1415926536     3.1415926536     6.2831853072     6.2831853072
     0.8655408331     2.3983660473     2.3983660473     0.7142771459     0.7142771459     3.1415926536     3.1415926536     6.2831853072     6.2831853072
     0.8695479666     2.3938098028     2.3938098028     0.7189545485     0.7189545485     3.1415926536     3.1415926536     6.2831853072     6.2831853072
     0.8735551001     2.3892412685     2.3892412685     0.7236469682     0.7236469682     3.1415926536     3.1415926536     6.2831853072     6.2831853072
     0.8775622336     2.3846605708     2.3846605708     0.7283542519     0.7283542519     3.1415926536     3.1415926536     6.2831853072     6.2831853072
     0.8815693671     2.3800678413     2.3800678413     0.7330762401     0.7330762401     3.1415926536     3.1415926536     6.2831853072     6.2831853072
     0.8855765006     2.3754632167     2.3754632167     0.7378127673     0.7378127673     3.1415926536     3.1415926536     6.2831853072     6.2831853072
     0.8895836341     2.3708468392     2.3708468392     0.7425636618     0.7425636618     3.1415926536     3.1415926536     6.2831853072     6.2831853072
     0.8935907675     2.3662188557     2.3662188557     0.7473287454     0.7473287454     3.1415926536     3.1415926536     6.2831853072     6.2831853072
     0.8975979010     2.3615794186     2.3615794186     0.7521078342     0.7521078342     3.1415926536     3.1415926536     6.2831853072     6.2831853072
     0.9016050345     2.3569286853     2.3569286853     0.7569007379     0.7569007379     3.1415926536     3.1415926536     6.2831853072     6.2831853072
     0.9056121680     2.3522668184     2.3522668184     0.7617072600     0.7617072600     3.1415926536     3.1415926536     6.2831853072     6.2831853072
     0.9096193015     2.3475939852     2.3475939852     0.7665271983     0.7665271983     3.1415926536     3.1415926536     6.2831853072     6.2831853072
     0.9136264350     2.3429103582     2.3429103582     0.7713603445     0.7713603445     3.1415926536     3.1415926536     6.2831853072     6.2831853072
     0.9176335685     2.3382161149     2.3382161149     0.7762064844     0.7762064844     3.1415926536     3.1415926536     6.2831853072     6.2831853072
     0.9216407019     2.3335114374     2.3335114374     0.7810653981     0.7810653981     3.1415926536     3.1415926536     6.2831853072     6.2831853072
     0.9256478354     2.3287965127     2.3287965127     0.7859368598     0.7859368598     3.1415926536     3.1415926536     6.2831853072     6.2831853072
     0.9296549689     2.3240715325     2.3240715325     0.7908206383     0.7908206383     3.1415926536     3.1415926536     6.2831853072     6.2831853072
     0.9336621024     2.3193366931     2.3193366931     0.7957164968     0.7957164968     3.1415926536     3.1415926536     6.2831853072     6.2831853072
     0.9376692359     2.3145921952     2.3145921952     0.8006241931     0.8006241931     3.1415926536     3.1415926536     6.2831853072     6.2831853072
     0.9416763694     2.3098382439     2.3098382439     0.8055434797     0.8055434797     3.1415926536     3.1415926536     6.2831853072     6.2831853072
     0.9456835029     2.3050750489     2.3050750489     0.8104741040     0.8104741040     3.1415926536     3.1415926536     6.2831853072     6.2831853072
     0.9496906364     2.3003028236     2.3003028236     0.8154158083     0.8154158083     3.1415926536     3.1415926536     6.2831853072     6.2831853072
     0.9536977698     2.2955217860     2.2955217860     0.8203683301     0.8203683301     3.1415926536     3.1415926536     6.2831853072     6.2831853072
     0.9577049033     2.2907321576     2.2907321576     0.8253314021     0.8253314021     3.1415926536     3.1415926536     6.2831853072     6.2831853072
     0.9617120368     2.2859341640     2.2859341640     0.8303047525     0.8303047525     3.1415926536     3.1415926536     6.2831853072     6.2831853072
     0.9657191703     2.2811280343     2.2811280343     0.8352881050     0.8352881050     3.1415926536     3.1415926536     6.2831853072     6.2831853072
     0.9697263038     2.2763140012     2.2763140012     0.8402811792     0.8402811792     3.1415926536     3.1415926536     6.2831853072     6.2831853072
     0.9737334373     2.2714923007     2.2714923007     0.8452836905     0.8452836905     3.1415926536     3.1415926536     6.2831853072     6.2831853072
     0.9777405708     2.2666631723     2.2666631723     0.8502953505     0.8502953505     3.1415926536     3.1415926536     6.2831853072     6.2831853072
     0.9817477042     2.2618268581     2.2618268581     0.8553158671     0.8553158671     3.1415926536     3.1415926536     6.2831853072     6.2831853072
     0.9857548377     2.2569836035     2.2569836035     0.8603449447     0.8603449447     3.1415926536     3.1415926536     6.2831853072     6.2831853072
     0.9897619712     2.2521336565     2.2521336565     0.8653822844     0.8653822844     3.1415926536     3.1415926536     6.2831853072     6.2831853072
     0.9937691047     2.2472772675     2.2472772675     0.8704275843     0.8704275843     3.1415926536     3.1415926536     6.2831853072     6.2831853072
     0.9977762382     2.2424146895     2.2424146895     0.8754805396     0.8754805396     3.1415926536     3.1415926536     6.2831853072     6.2831853072
     1.0017833717     2.2375461776     2.2375461776     0.8805408427     0.8805408427     3.1415926536     3.1415926536     6.2831853072     6.2831853072
     1.0057905052     2.2326719889     2.2326719889     0.8856081839     0.8856081839     3.1415926536     3.1415926536     6.2831853072     6.2831853072
     1.0097976387     2.2277923822     2.2277923822     0.8906822511     0.8906822511     3.1415926536     3.1415926536     6.2831853072     6.2831853072
     1.0138047721     2.2229076181     2.2229076181     0.8957627302     0.8957627302     3.1415926536     3.1415926536     6.2831853072     6.2831853072
     1.0178119056     2.2180179584     2.2180179584     0.9008493055     0.9008493055     3.1415926536     3.1415926536     6.2831853072     6.2831853072
     1.0218190391     2.2131236664     2.2131236664     0.9059416598     0.9059416598     3.1415926536     3.1415926536     6.2831853072     6.2831853072
     1.0258261726     2.2082250062     2.2082250062     0.9110394745     0.9110394745     3.1415926536     3.1415926536     6.2831853072     6.2831853072
     1.0298333061     2.2033222426     2.2033222426     0.9161424303     0.9161424303     3.1415926536     3.1415926536     6.2831853072     6.2831853072
     1.0338404396     2.1984156413     2.1984156413     0.9212502069     0.9212502069     3.1415926536     3.1415926536     6.2831853072     6.2831853072
     1.0378475731     2.1935054682     2.1935054682     0.9263624836     0.9263624836     3.1415926536     3.1415926536     6.2831853072     6.2831853072
     1.0418547065     2.1885919894     2.1885919894     0.9314789394     0.9314789394     3.1415926536     3.1415926536     6.2831853072     6.2831853072
     1.0458618400     2.1836754710     2.1836754710     0.9365992533     0.9365992533     3.1415926536     3.1415926536     6.2831853072     6.2831853072
     1.0498689735     2.1787561789     2.1787561789     0.9417231046     0.9417231046     3.1415926536     3.1415926536     6.2831853072     6.2831853072
     1.0538761070     2.1738343783     2.1738343783     0.9468501731     0.9468501731     3.1415926536     3.1415926536     6.2831853072     6.2831853072
     1.0578832405     2.1689103341     2.1689103341     0.9519801393     0.9519801393     3.1415926536     3.1415926536     6.2831853072     6.2831853072
     1.0618903740     2.1639843102     2.1639843102     0.9571126847     0.9571126847     3.1415926536     3.1415926536     6.2831853072     6.2831853072
     1.0658975075     2.1590565692     2.1590565692     0.9622474921     0.9622474921     3.1415926536     3.1415926536     6.2831853072     6.2831853072
     1.0699046410     2.1541273728     2.1541273728     0.9673842456     0.9673842456     3.1415926536     3.1415926536     6.2831853072     6.2831853072
     1.0739117744     2.1491969809     2.1491969809     0.9725226314     0.9725226314     3.1415926536     3.1415926536     6.2831853072     6.2831853072
     1.0779189079     2.1442656519     2.1442656519     0.9776623374     0.9776623374     3.1415926536     3.1415926536     6.2831853072     6.2831853072
     1.0819260414     2.1393336422     2.1393336422     0.9828030537     0.9828030537     3.1415926536     3.1415926536     6.2831853072     6.2831853072
     1.0859331749     2.1344012061     2.1344012061     0.9879444731     0.9879444731     3.1415926536     3.1415926536     6.2831853072     6.2831853072
     1.0899403084     2.1294685957     2.1294685957     0.9930862908     0.9930862908     3.1415926536     3.1415926536     6.2831853072     6.2831853072
     1.0939474419     2.1245360606     2.1245360606     0.9982282052     0.9982282052     3.1415926536     3.1415926536     6.2831853072     6.2831853072
     1.0979545754     2.1196038478     2.1196038478     1.0033699174     1.0033699174     3.1415926536     3.1415926536     6.2831853072     6.2831853072
     1.1019617088     2.1146722014     2.1146722014     1.0085111324     1.0085111324     3.1415926536     3.1415926536     6.2831853072     6.2831853072
     1.1059688423     2.1097413623     2.1097413623     1.0136515584     1.0136515584     3.1415926536     3.1415926536     6.2831853072     6.2831853072
     1.1099759758     2.1048115686     2.1048115686     1.0187909075     1.0187909075     3.1415926536     3.1415926536     6.2831853072     6.2831853072
     1.1139831093     2.0998830548     2.0998830548     1.0239288958     1.0239288958     3.1415926536     3.1415926536     6.2831853072     6.2831853072
     1.1179902428     2.0949560518     2.0949560518     1.0290652435     1.0290652435     3.1415926536     3.1415926536     6.2831853072     6.2831853072
     1.1219973763     2.0900307870     2.0900307870     1.0341996752     1.0341996752     3.1415926536     3.1415926536     6.2831853072     6.2831853072
     1.1260045098     2.0851074839     2.0851074839     1.0393319200     1.0393319200     3.1415926536     3.1415926536     6.2831853072     6.2831853072
     1.1300116433     2.0801863619     2.0801863619     1.0444617119     1.0444617119     3.1415926536     3.1415926536     6.2831853072     6.2831853072
     1.1340187767     2.0752676366     2.0752676366     1.0495887897     1.0495887897     3.1415926536     3.1415926536     6.2831853072     6.2831853072
     1.1380259102     2.0703515189     2.0703515189     1.0547128971     1.0547128971     3.1415926536     3.1415926536     6.2831853072     6.2831853072
     1.1420330437     2.0654382157     2.0654382157     1.0598337833     1.0598337833     3.1415926536     3.1415926536     6.2831853072     6.2831853072
     1.1460401772     2.0605279292     2.0605279292     1.0649512027     1.0649512027     3.1415926536     3.1415926536     6.2831853072     6.2831853072
     1.1500473107     2.0556208570     2.0556208570     1.0700649153     1.0700649153     3.1415926536     3.1415926536     6.2831853072     6.2831853072
     1.1540544442     2.0507171919     2.0507171919     1.0751746866     1.0751746866     3.1415926536     3.1415926536     6.2831853072     6.2831853072
     1.1580615777     2.0458171221     2.0458171221     1.0802802879     1.0802802879     3.1415926536     3.1415926536     6.2831853072     6.2831853072
     1.1620687111     2.0409208305     2.0409208305     1.0853814966     1.0853814966     3.1415926536     3.1415926536     6.2831853072     6.2831853072
     1.1660758446     2.0360284953     2.0360284953     1.0904780958     1.0904780958     3.1415926536     3.1415926536     6.2831853072     6.2831853072
     1.1700829781     2.0311402894     2.0311402894     1.0955698749     1.0955698749     3.1415926536     3.1415926536     6.2831853072     6.2831853072
     1.1740901116     2.0262563805     2.0262563805     1.1006566294     1.1006566294     3.1415926536     3.1415926536     6.2831853072     6.2831853072
     1.1780972451     2.0213769314     2.0213769314     1.1057381610     1.1057381610     3.1415926536     3.1415926536     6.2831853072     6.2831853072
     1.1821043786     2.0165020990     2.0165020990     1.1108142780     1.1108142780     3.1415926536     3.1415926536     6.2831853072     6.2831853072
     1.1861115121     2.0116320353     2.0116320353     1.1158847949     1.1158847949     3.1415926536     3.1415926536     6.2831853072     6.2831853072
     1.1901186456     2.0067668866     2.0067668866     1.1209495328     1.1209495328     3.1415926536     3.1415926536     6.2831853072     6.2831853072
     1.1941257790     2.0019067939     2.0019067939     1.1260083193     1.1260083193     3.1415926536     3.1415926536     6.2831853072     6.2831853072
     1.1981329125     1.9970518926     1.9970518926     1.1310609886     1.1310609886     3.1415926536     3.1415926536     6.2831853072     6.2831853072
     1.2021400460     1.9922023125     1.9922023125     1.1361073815     1.1361073815     3.1415926536     3.1415926536     6.2831853072     6.2831853072
     1.2061471795     1.9873581781     1.9873581781     1.1411473455     1.1411473455     3.1415926536     3.1415926536     6.2831853072     6.2831853072
     1.2101543130     1.9825196081     1.9825196081     1.1461807349     1.1461807349     3.1415926536     3.1415926536     6.2831853072     6.2831853072
     1.2141614465     1.9776867155     1.9776867155     1.1512074104     1.1512074104     3.1415926536     3.1415926536     6.2831853072     6.2831853072
     1.2181685800     1.9728596080     1.9728596080     1.1562272397     1.1562272397     3.1415926536     3.1415926536     6.2831853072     6.2831853072
     1.2221757135     1.9680383875     1.9680383875     1.1612400971     1.1612400971     3.1415926536     3.1415926536     6.2831853072     6.2831853072
     1.2261828469     1.9632231504     1.9632231504     1.1662458637     1.1662458637     3.1415926536     3.1415926536     6.2831853072     6.2831853072
     1.2301899804     1.9584139873     1.9584139873     1.1712444273     1.1712444273     3.1415926536     3.1415926536     6.2831853072     6.2831853072
     1.2341971139     1.9536109836     1.9536109836     1.1762356822     1.1762356822     3.1415926536     3.1415926536     6.2831853072     6.2831853072
     1.2382042474     1.9488142189     1.9488142189     1.1812195296     1.1812195296     3.1415926536     3.1415926536     6.2831853072     6.2831853072
     1.2422113809     1.9440237673     1.9440237673     1.1861958772     1.1861958772     3.1415926536     3.1415926536     6.2831853072     6.2831853072
     1.2462185144     1.9392396974     1.9392396974     1.1911646395     1.1911646395     3.1415926536     3.1415926536     6.2831853072     6.2831853072
     1.2502256479     1.9344620723     1.9344620723     1.1961257374     1.1961257374     3.1415926536     3.1415926536     6.2831853072     6.2831853072
     1.2542327813     1.9296909499     1.9296909499     1.2010790983     1.2010790983     3.1415926536     3.1415926536     6.2831853072     6.2831853072
     1.2582399148     1.9249263825     1.9249263825     1.2060246563     1.2060246563     3.1415926536     3.1415926536     6.2831853072     6.2831853072
     1.2622470483     1.9201684171     1.9201684171     1.2109623517     1.2109623517     3.1415926536     3.1415926536     6.2831853072     6.2831853072
     1.2662541818     1.9154170954     1.9154170954     1.2158921313     1.2158921313     3.1415926536     3.1415926536     6.2831853072     6.2831853072
     1.2702613153     1.9106724541     1.9106724541     1.2208139481     1.2208139481     3.1415926536     3.1415926536     6.2831853072     6.2831853072
     1.2742684488     1.9059345244     1.9059345244     1.2257277615     1.2257277615     3.1415926536     3.1415926536     6.2831853072     6.2831853072
     1.2782755823     1.9012033326     1.9012033326     1.2306335369     1.2306335369     3.1415926536     3.1415926536     6.2831853072     6.2831853072
     1.2822827158     1.8964788999     1.8964788999     1.2355312458     1.2355312458     3.1415926536     3.1415926536     6.2831853072     6.2831853072
     1.2862898492     1.8917612426     1.8917612426     1.2404208660     1.2404208660     3.1415926536     3.1415926536     6.2831853072     6.2831853072
     1.2902969827     1.8870503719     1.8870503719     1.2453023809     1.2453023809     3.1415926536     3.1415926536     6.2831853072     6.2831853072
     1.2943041162     1.8823462944     1.8823462944     1.2501757798     1.2501757798     3.1415926536     3.1415926536     6.2831853072     6.2831853072
     1.2983112497     1.8776490117     1.8776490117     1.2550410580     1.2550410580     3.1415926536     3.1415926536     6.2831853072     6.2831853072
     1.3023183832     1.8729585209     1.8729585209     1.2598982163     1.2598982163     3.1415926536     3.1415926536     6.2831853072     6.2831853072
     1.3063255167     1.8682748145     1.8682748145     1.2647472610     1.2647472610     3.1415926536     3.1415926536     6.2831853072     6.2831853072
     1.3103326502     1.8635978802     1.8635978802     1.2695882041     1.2695882041     3.1415926536     3.1415926536     6.2831853072     6.2831853072
     1.3143397836     1.8589277017     1.8589277017     1.2744210629     1.2744210629     3.1415926536     3.1415926536     6.2831853072     6.2831853072
     1.3183469171     1.8542642578     1.8542642578     1.2792458599     1.2792458599     3.1415926536     3.1415926536     6.2831853072     6.2831853072
     1.3223540506     1.8496075235     1.8496075235     1.2840626231     1.2840626231     3.1415926536     3.1415926536     6.2831853072     6.2831853072
     1.3263611841     1.8449574694     1.8449574694     1.2888713852     1.2888713852     3.1415926536     3.1415926536     6.2831853072     6.2831853072
     1.3303683176     1.8403140619     1.8403140619     1.2936721843     1.2936721843     3.1415926536     3.1415926536     6.2831853072     6.2831853072
     1.3343754511     1.8356772636     1.8356772636     1.2984650631     1.2984650631     3.1415926536     3.1415926536     6.2831853072     6.2831853072
     1.3383825846     1.8310470328     1.8310470328     1.3032500692     1.3032500692     3.1415926536     3.1415926536     6.2831853072     6.2831853072
     1.3423897181     1.8264233244     1.8264233244     1.3080272550     1.3080272550     3.1415926536     3.1415926536     6.2831853072     6.2831853072
     1.3463968515     1.8218060892     1.8218060892     1.3127966772     1.3127966772     3.1415926536     3.1415926536     6.2831853072     6.2831853072
     1.3504039850     1.8171952745     1.8171952745     1.3175583974     1.3175583974     3.1415926536     3.1415926536     6.2831853072     6.2831853072
     1.3544111185     1.8125908238     1.8125908238     1.3223124813     1.3223124813     3.1415926536     3.1415926536     6.2831853072     6.2831853072
     1.3584182520     1.8079926774     1.8079926774     1.3270589989     1.3270589989     3.1415926536     3.1415926536     6.2831853072     6.2831853072
     1.3624253855     1.8034007720     1.8034007720     1.3317980243     1.3317980243     3.1415926536     3.1415926536     6.2831853072     6.2831853072
     1.3664325190     1.7988150410     1.7988150410     1.3365296360     1.3365296360     3.1415926536     3.1415926536     6.2831853072     6.2831853072
     1.3704396525     1.7942354145     1.7942354145     1.3412539161     1.3412539161     3.1415926536     3.1415926536     6.2831853072     6.2831853072
     1.3744467859     1.7896618195     1.7896618195     1.3459709507     1.3459709507     3.1415926536     3.1415926536     6.2831853072     6.2831853072
     1.3784539194     1.7850941801     1.7850941801     1.3506808297     1.3506808297     3.1415926536     3.1415926536     6.2831853072     6.2831853072
     1.3824610529     1.7805324171     1.7805324171     1.3553836466     1.3553836466     3.1415926536     3.1415926536     6.2831853072     6.2831853072
     1.3864681864     1.7759764486     1.7759764486     1.3600794985     1.3600794985     3.1415926536     3.1415926536     6.2831853072     6.2831853072
     1.3904753199     1.7714261900     1.7714261900     1.3647684859     1.3647684859     3.1415926536     3.1415926536     6.2831853072     6.2831853072
     1.3944824534     1.7668815536     1.7668815536     1.3694507127     1.3694507127     3.1415926536     3.1415926536     6.2831853072     6.2831853072
     1.3984895869     1.7623424494     1.7623424494     1.3741262859     1.3741262859     3.1415926536     3.1415926536     6.2831853072     6.2831853072
     1.4024967204     1.7578087847     1.7578087847     1.3787953160     1.3787953160     3.1415926536     3.1415926536     6.2831853072     6.2831853072
     1.4065038538     1.7532804643     1.7532804643     1.3834579162     1.3834579162     3.1415926536     3.1415926536     6.2831853072     6.2831853072
     1.4105109873     1.7487573906     1.7487573906     1.3881142029     1.3881142029     3.1415926536     3.1415926536     6.2831853072     6.2831853072
     1.4145181208     1.7442394638     1.7442394638     1.3927642953     1.3927642953     3.1415926536     3.1415926536     6.2831853072     6.2831853072
     1.4185252543     1.7397265816     1.7397265816     1.3974083152     1.3974083152     3.1415926536     3.1415926536     6.2831853072     6.2831853072
     1.4225323878     1.7352186397     1.7352186397     1.4020463874     1.4020463874     3.1415926536     3.1415926536     6.2831853072     6.2831853072
     1.4265395213     1.7307155316     1.7307155316     1.4066786392     1.4066786392     3.1415926536     3.1415926536     6.2831853072     6.2831853072
     1.4305466548     1.7262171490     1.7262171490     1.4113052001     1.4113052001     3.1415926536     3.1415926536     6.2831853072     6.2831853072
     1.4345537882     1.7217233813     1.7217233813     1.4159262025     1.4159262025     3.1415926536     3.1415926536     6.2831853072     6.2831853072
     1.4385609217     1.7172341163     1.7172341163     1.4205417809     1.4205417809     3.1415926536     3.1415926536     6.2831853072     6.2831853072
     1.4425680552     1.7127492399     1.7127492399     1.4251520718     1.4251520718     3.1415926536     3.1415926536     6.2831853072     6.2831853072
     1.4465751887     1.7082686361     1.7082686361     1.4297572144     1.4297572144     3.1415926536     3.1415926536     6.2831853072     6.2831853072
     1.4505823222     1.7037921875     1.7037921875     1.4343573494     1.4343573494     3.1415926536     3.1415926536     6.2831853072     6.2831853072
     1.4545894557     1.6993197749     1.6993197749     1.4389526200     1.4389526200     3.1415926536     3.1415926536     6.2831853072     6.2831853072
     1.4585965892     1.6948512776     1.6948512776     1.4435431710     1.4435431710     3.1415926536     3.1415926536     6.2831853072     6.2831853072
     1.4626037227     1.6903865734     1.6903865734     1.4481291491     1.4481291491     3.1415926536     3.1415926536     6.2831853072     6.2831853072
     1.4666108561     1.6859255388     1.6859255388     1.4527107028     1.4527107028     3.1415926536     3.1415926536     6.2831853072     6.2831853072
     1.4706179896     1.6814680488     1.6814680488     1.4572879824     1.4572879824     3.1415926536     3.1415926536     6.2831853072     6.2831853072
     1.4746251231     1.6770139772     1.6770139772     1.4618611396     1.4618611396     3.1415926536     3.1415926536     6.2831853072     6.2831853072
     1.4786322566     1.6725631964     1.6725631964     1.4664303276     1.4664303276     3.1415926536     3.1415926536     6.2831853072     6.2831853072
     1.4826393901     1.6681155779     1.6681155779     1.4709957014     1.4709957014     3.1415926536     3.1415926536     6.2831853072     6.2831853072
     1.4866465236     1.6636709919     1.6636709919     1.4755574171     1.4755574171     3.1415926536     3.1415926536     6.2831853072     6.2831853072
     1.4906536571     1.6592293075     1.6592293075     1.4801156323     1.4801156323     3.1415926536     3.1415926536     6.2831853072     6.2831853072
     1.4946607905     1.6547903929     1.6547903929     1.4846705056     1.4846705056     3.1415926536     3.1415926536     6.2831853072     6.2831853072
     1.4986679240     1.6503541154     1.6503541154     1.4892221970     1.4892221970     3.1415926536     3.1415926536     6.2831853072     6.2831853072
     1.5026750575     1.6459203412     1.6459203412     1.4937708676     1.4937708676     3.1415926536     3.1415926536     6.2831853072     6.2831853072
     1.5066821910     1.6414889357     1.6414889357     1.4983166796     1.4983166796     3.1415926536     3.1415926536     6.2831853072     6.2831853072
     1.5106893245     1.6370597638     1.6370597638     1.5028597961     1.5028597961     3.1415926536     3.1415926536     6.2831853072     6.2831853072
     1.5146964580     1.6326326893     1.6326326893     1.5074003811     1.5074003811     3.1415926536     3.1415926536     6.2831853072     6.2831853072
     1.5187035915     1.6282075754     1.6282075754     1.5119385996     1.5119385996     3.1415926536     3.1415926536     6.2831853072     6.2831853072
     1.5227107250     1.6237842848     1.6237842848     1.5164746172     1.5164746172     3.1415926536     3.1415926536     6.2831853072     6.2831853072
     1.5267178584     1.6193626794     1.6193626794     1.5210086005     1.5210086005     3.1415926536     3.1415926536     6.2831853072     6.2831853072
     1.5307249919     1.6149426207     1.6149426207     1.5255407165     1.5255407165     3.1415926536     3.1415926536     6.2831853072     6.2831853072
     1.5347321254     1.6105239697     1.6105239697     1.5300711332     1.5300711332     3.1415926536     3.1415926536     6.2831853072     6.2831853072
     1.5387392589     1.6061065868     1.6061065868     1.5346000188     1.5346000188     3.1415926536     3.1415926536     6.2831853072     6.2831853072
     1.5427463924     1.6016903322     1.6016903322     1.5391275421     1.5391275421     3.1415926536     3.1415926536     6.2831853072     6.2831853072
     1.5467535259     1.5972750657     1.5972750657     1.5436538725     1.5436538725     3.1415926536     3.1415926536     6.2831853072     6.2831853072
     1.5507606594     1.5928606466     1.5928606466     1.5481791797     1.5481791797     3.1415926536     3.1415926536     6.2831853072     6.2831853072
     1.5547677928     1.5884469341     1.5884469341     1.5527036337     1.5527036337     3.1415926536     3.1415926536     6.2831853072     6.2831853072
     1.5587749263     1.5840337872     1.5840337872     1.5572274048     1.5572274048     3.1415926536     3.1415926536     6.2831853072     6.2831853072
     1.5627820598     1.5796210646     1.5796210646     1.5617506636     1.5617506636     3.1415926536     3.1415926536     6.2831853072     6.2831853072
     1.5667891933     1.5752086249     1.5752086249     1.5662735806     1.5662735806     3.1415926536     3.1415926536     6.2831853072     6.2831853072
     1.5707963268     1.5707963268     1.5707963268     1.5707963268     1.5707963268     3.1415926536     3.1415926536     6.2831853072     6.2831853072
