           1  -1082.59786113991                0
           1  -1082.59786113991                1
 
           2  -828.346741990971                0
           2  -828.346741990971                1
 
           3  -518.224364933589                0
           3  -518.224364933589                1
 
           4  -152.230729967762                0
           4  -152.230729967762                1
 
           5   269.634162906511                0
           5   269.634162906511                1
 
           6   747.370313689230                0
           6   747.370313689230                1
 
