           1  -1313.36437872144                0
           1  -1313.36437872144                1
 
           2  -922.397965015027                0
           2  -922.397965015027                1
 
           3  -576.755024794491                0
           3  -576.755024794491                1
 
           4  -201.007780453494                0
           4  -201.007780453494                1
 
           5   206.960548964203                0
           5   206.960548964203                1
 
           6   671.409780592182                0
           6   671.409780592182                1
 
           7   873.322890797512                0
           7   873.322890797512                1
 
           8   1072.04702754535                0
           8   1072.04702754535                1
 
           9   1253.99335539312                0
           9   1253.99335539312                1
 
          10   1414.59759068638                0
          10   1414.59759068638                1
 
          11   1557.63267755768                0
          11   1557.63267755768                1
 
          12   1587.61417114397                0
          12   1587.61417114397                1
 
          13   1692.90824077577                0
          13   1692.90824077577                1
 
          14   1743.26572386114                0
          14   1743.26572386114                1
 
          15   3054.72421555157                0
          15   3054.72421555157                1
 
          16   3296.59581672669                0
          16   3296.59581672669                1
 
          17   3442.18637900289                0
          17   3442.18637900289                1
 
          18   3502.67304272084                0
          18   3502.67304272084                1
 
          19   3567.76076736681                0
          19   3567.76076736681                1
 
          20   3644.76942411037                0
          20   3644.76942411037                1
 
          21   3666.71613764273                0
          21   3666.71613764273                1
 
          22   3703.89389422050                0
          22   3703.89389422050                1
 
          23   3720.91121558898                0
          23   3720.91121558898                1
 
          24   3727.54224873576                0
          24   3727.54224873576                1
 
