           1  -1089.71724544876                0
           1  -1089.71724544876                1
 
           2  -759.296920037801                0
           2  -759.296920037801                1
 
           3  -500.443849880729                0
           3  -500.443849880729                1
 
           4  -193.626926372552                0
           4  -193.626926372552                1
 
           5   192.086701989063                0
           5   192.086701989063                1
 
           6   688.801712426068                0
           6   688.801712426068                1
 
