        0.00000      940.22892     1106.69905     1258.54229     1397.92427     1532.60330     1601.56302
        1.00000      940.23479     1106.70321     1258.54488     1397.92501     1532.60210     1601.56325
        2.00000      940.24555     1106.71082     1258.54961     1397.92637     1532.59990     1601.56366
        3.00000      940.25951     1106.72071     1258.55575     1397.92813     1532.59705     1601.56420
        4.00000      940.27610     1106.73245     1258.56304     1397.93023     1532.59366     1601.56484
        5.00000      940.29496     1106.74580     1258.57133     1397.93261     1532.58981     1601.56556
        6.00000      940.31587     1106.76061     1258.58053     1397.93524     1532.58554     1601.56637
        7.00000      940.33866     1106.77675     1258.59055     1397.93812     1532.58088     1601.56724
        8.00000      940.36321     1106.79413     1258.60134     1397.94122     1532.57586     1601.56818
        9.00000      940.38942     1106.81268     1258.61287     1397.94453     1532.57051     1601.56918
       10.00000      940.41720     1106.83235     1258.62508     1397.94803     1532.56483     1601.57025
       11.00000      940.44649     1106.85308     1258.63796     1397.95173     1532.55885     1601.57137
       12.00000      940.47722     1106.87484     1258.65147     1397.95561     1532.55257     1601.57254
       13.00000      940.50934     1106.89758     1258.66559     1397.95966     1532.54601     1601.57377
       14.00000      940.54281     1106.92127     1258.68031     1397.96388     1532.53917     1601.57504
       15.00000      940.57760     1106.94590     1258.69560     1397.96827     1532.53207     1601.57637
       16.00000      940.61365     1106.97142     1258.71145     1397.97282     1532.52470     1601.57774
       17.00000      940.65095     1106.99783     1258.72785     1397.97753     1532.51708     1601.57915
       18.00000      940.68947     1107.02509     1258.74479     1397.98239     1532.50922     1601.58061
       19.00000      940.72917     1107.05320     1258.76224     1397.98740     1532.50110     1601.58212
       20.00000      940.77005     1107.08213     1258.78021     1397.99256     1532.49276     1601.58366
       21.00000      940.81206     1107.11188     1258.79868     1397.99786     1532.48417     1601.58525
       22.00000      940.85521     1107.14242     1258.81765     1398.00330     1532.47536     1601.58688
       23.00000      940.89946     1107.17374     1258.83710     1398.00888     1532.46632     1601.58854
       24.00000      940.94480     1107.20584     1258.85704     1398.01460     1532.45706     1601.59025
       25.00000      940.99122     1107.23870     1258.87744     1398.02046     1532.44758     1601.59199
       26.00000      941.03870     1107.27231     1258.89832     1398.02645     1532.43788     1601.59377
       27.00000      941.08723     1107.30666     1258.91965     1398.03257     1532.42797     1601.59559
       28.00000      941.13680     1107.34175     1258.94144     1398.03882     1532.41784     1601.59744
       29.00000      941.18739     1107.37756     1258.96368     1398.04520     1532.40751     1601.59932
       30.00000      941.23899     1107.41409     1258.98636     1398.05171     1532.39697     1601.60124
       31.00000      941.29160     1107.45133     1259.00949     1398.05835     1532.38622     1601.60320
       32.00000      941.34521     1107.48927     1259.03305     1398.06511     1532.37527     1601.60519
       33.00000      941.39980     1107.52791     1259.05705     1398.07199     1532.36412     1601.60721
       34.00000      941.45537     1107.56724     1259.08147     1398.07900     1532.35277     1601.60926
       35.00000      941.51191     1107.60726     1259.10633     1398.08613     1532.34123     1601.61134
       36.00000      941.56941     1107.64796     1259.13160     1398.09338     1532.32948     1601.61346
       37.00000      941.62786     1107.68934     1259.15729     1398.10075     1532.31754     1601.61561
       38.00000      941.68727     1107.73138     1259.18340     1398.10824     1532.30541     1601.61778
       39.00000      941.74762     1107.77410     1259.20993     1398.11585     1532.29309     1601.61999
       40.00000      941.80890     1107.81747     1259.23686     1398.12357     1532.28057     1601.62223
       41.00000      941.87112     1107.86151     1259.26421     1398.13142     1532.26786     1601.62449
       42.00000      941.93426     1107.90619     1259.29196     1398.13938     1532.25497     1601.62678
       43.00000      941.99832     1107.95153     1259.32011     1398.14745     1532.24189     1601.62911
       44.00000      942.06330     1107.99752     1259.34867     1398.15564     1532.22862     1601.63145
       45.00000      942.12919     1108.04415     1259.37763     1398.16395     1532.21516     1601.63383
       46.00000      942.19598     1108.09143     1259.40698     1398.17237     1532.20152     1601.63623
       47.00000      942.26368     1108.13934     1259.43673     1398.18090     1532.18770     1601.63867
       48.00000      942.33228     1108.18789     1259.46688     1398.18955     1532.17369     1601.64112
       49.00000      942.40178     1108.23707     1259.49742     1398.19830     1532.15950     1601.64360
       50.00000      942.47216     1108.28688     1259.52835     1398.20717     1532.14512     1601.64611
       51.00000      942.54344     1108.33733     1259.55967     1398.21616     1532.13057     1601.64864
       52.00000      942.61560     1108.38839     1259.59138     1398.22525     1532.11583     1601.65120
       53.00000      942.68865     1108.44009     1259.62348     1398.23445     1532.10092     1601.65378
       54.00000      942.76258     1108.49240     1259.65596     1398.24377     1532.08582     1601.65639
       55.00000      942.83738     1108.54534     1259.68883     1398.25319     1532.07055     1601.65902
       56.00000      942.91306     1108.59889     1259.72208     1398.26272     1532.05510     1601.66167
       57.00000      942.98961     1108.65306     1259.75572     1398.27237     1532.03947     1601.66435
       58.00000      943.06703     1108.70785     1259.78974     1398.28212     1532.02366     1601.66705
       59.00000      943.14533     1108.76325     1259.82413     1398.29198     1532.00768     1601.66977
       60.00000      943.22448     1108.81926     1259.85891     1398.30195     1531.99152     1601.67251
       61.00000      943.30450     1108.87588     1259.89407     1398.31203     1531.97518     1601.67527
       62.00000      943.38539     1108.93311     1259.92960     1398.32221     1531.95867     1601.67806
       63.00000      943.46713     1108.99095     1259.96552     1398.33251     1531.94198     1601.68087
       64.00000      943.54974     1109.04940     1260.00181     1398.34291     1531.92511     1601.68369
       65.00000      943.63320     1109.10845     1260.03847     1398.35342     1531.90807     1601.68654
       66.00000      943.71752     1109.16811     1260.07551     1398.36404     1531.89086     1601.68941
       67.00000      943.80269     1109.22838     1260.11293     1398.37476     1531.87347     1601.69230
       68.00000      943.88872     1109.28924     1260.15072     1398.38559     1531.85591     1601.69520
       69.00000      943.97560     1109.35071     1260.18888     1398.39653     1531.83818     1601.69813
       70.00000      944.06333     1109.41278     1260.22742     1398.40757     1531.82027     1601.70107
       71.00000      944.15192     1109.47545     1260.26633     1398.41872     1531.80219     1601.70404
       72.00000      944.24135     1109.53873     1260.30561     1398.42997     1531.78393     1601.70702
       73.00000      944.33163     1109.60260     1260.34526     1398.44134     1531.76551     1601.71002
       74.00000      944.42276     1109.66707     1260.38529     1398.45280     1531.74691     1601.71303
       75.00000      944.51474     1109.73214     1260.42568     1398.46438     1531.72813     1601.71606
       76.00000      944.60756     1109.79780     1260.46645     1398.47606     1531.70919     1601.71911
       77.00000      944.70123     1109.86406     1260.50759     1398.48784     1531.69007     1601.72218
       78.00000      944.79574     1109.93093     1260.54910     1398.49973     1531.67078     1601.72526
       79.00000      944.89110     1109.99838     1260.59097     1398.51173     1531.65132     1601.72836
       80.00000      944.98731     1110.06644     1260.63322     1398.52383     1531.63169     1601.73147
       81.00000      945.08436     1110.13508     1260.67584     1398.53604     1531.61188     1601.73460
       82.00000      945.18225     1110.20433     1260.71882     1398.54835     1531.59190     1601.73774
       83.00000      945.28098     1110.27417     1260.76218     1398.56077     1531.57175     1601.74090
       84.00000      945.38056     1110.34461     1260.80590     1398.57329     1531.55143     1601.74407
       85.00000      945.48099     1110.41564     1260.85000     1398.58592     1531.53094     1601.74725
       86.00000      945.58225     1110.48726     1260.89446     1398.59865     1531.51028     1601.75045
       87.00000      945.68436     1110.55948     1260.93929     1398.61149     1531.48944     1601.75366
       88.00000      945.78731     1110.63230     1260.98449     1398.62443     1531.46844     1601.75688
       89.00000      945.89110     1110.70571     1261.03006     1398.63748     1531.44726     1601.76012
       90.00000      945.99574     1110.77971     1261.07600     1398.65064     1531.42591     1601.76337
       91.00000      946.10122     1110.85431     1261.12231     1398.66389     1531.40439     1601.76662
       92.00000      946.20754     1110.92951     1261.16898     1398.67726     1531.38270     1601.76989
       93.00000      946.31470     1111.00530     1261.21603     1398.69072     1531.36083     1601.77318
       94.00000      946.42271     1111.08168     1261.26344     1398.70430     1531.33880     1601.77647
       95.00000      946.53156     1111.15866     1261.31122     1398.71797     1531.31659     1601.77977
       96.00000      946.64126     1111.23623     1261.35937     1398.73176     1531.29421     1601.78308
       97.00000      946.75180     1111.31441     1261.40789     1398.74565     1531.27166     1601.78640
       98.00000      946.86318     1111.39317     1261.45678     1398.75964     1531.24894     1601.78973
       99.00000      946.97541     1111.47253     1261.50604     1398.77374     1531.22604     1601.79307
      100.00000      947.08849     1111.55249     1261.55567     1398.78794     1531.20298     1601.79642
      101.00000      947.20241     1111.63305     1261.60566     1398.80225     1531.17974     1601.79977
      102.00000      947.31718     1111.71420     1261.65603     1398.81666     1531.15633     1601.80313
      103.00000      947.43279     1111.79594     1261.70677     1398.83118     1531.13275     1601.80650
      104.00000      947.54925     1111.87829     1261.75788     1398.84580     1531.10900     1601.80988
      105.00000      947.66656     1111.96123     1261.80935     1398.86053     1531.08507     1601.81326
      106.00000      947.78472     1112.04477     1261.86120     1398.87536     1531.06097     1601.81665
      107.00000      947.90372     1112.12892     1261.91342     1398.89030     1531.03670     1601.82005
      108.00000      948.02358     1112.21365     1261.96601     1398.90535     1531.01226     1601.82345
      109.00000      948.14429     1112.29899     1262.01898     1398.92050     1530.98764     1601.82685
      110.00000      948.26584     1112.38493     1262.07231     1398.93575     1530.96285     1601.83026
      111.00000      948.38825     1112.47147     1262.12602     1398.95111     1530.93789     1601.83368
      112.00000      948.51152     1112.55861     1262.18009     1398.96658     1530.91276     1601.83709
      113.00000      948.63563     1112.64635     1262.23455     1398.98215     1530.88745     1601.84052
      114.00000      948.76060     1112.73469     1262.28937     1398.99783     1530.86197     1601.84394
      115.00000      948.88643     1112.82364     1262.34457     1399.01361     1530.83631     1601.84736
      116.00000      949.01311     1112.91319     1262.40014     1399.02950     1530.81048     1601.85079
      117.00000      949.14064     1113.00334     1262.45608     1399.04550     1530.78448     1601.85422
      118.00000      949.26904     1113.09410     1262.51240     1399.06160     1530.75830     1601.85765
      119.00000      949.39829     1113.18546     1262.56909     1399.07781     1530.73195     1601.86109
      120.00000      949.52841     1113.27742     1262.62616     1399.09412     1530.70543     1601.86452
      121.00000      949.65938     1113.37000     1262.68360     1399.11054     1530.67873     1601.86795
      122.00000      949.79122     1113.46318     1262.74142     1399.12707     1530.65185     1601.87138
      123.00000      949.92392     1113.55696     1262.79962     1399.14370     1530.62480     1601.87481
      124.00000      950.05748     1113.65136     1262.85819     1399.16045     1530.59758     1601.87824
      125.00000      950.19191     1113.74636     1262.91714     1399.17729     1530.57017     1601.88167
      126.00000      950.32720     1113.84198     1262.97647     1399.19425     1530.54260     1601.88510
      127.00000      950.46336     1113.93820     1263.03618     1399.21131     1530.51485     1601.88852
      128.00000      950.60039     1114.03504     1263.09626     1399.22848     1530.48692     1601.89194
      129.00000      950.73829     1114.13249     1263.15672     1399.24575     1530.45881     1601.89536
      130.00000      950.87706     1114.23055     1263.21756     1399.26313     1530.43053     1601.89877
      131.00000      951.01670     1114.32922     1263.27879     1399.28062     1530.40207     1601.90218
      132.00000      951.15721     1114.42851     1263.34039     1399.29822     1530.37344     1601.90558
      133.00000      951.29860     1114.52842     1263.40237     1399.31593     1530.34463     1601.90898
      134.00000      951.44086     1114.62894     1263.46474     1399.33374     1530.31564     1601.91237
      135.00000      951.58401     1114.73008     1263.52748     1399.35166     1530.28647     1601.91575
      136.00000      951.72802     1114.83183     1263.59061     1399.36969     1530.25713     1601.91913
      137.00000      951.87292     1114.93420     1263.65412     1399.38783     1530.22760     1601.92250
      138.00000      952.01870     1115.03720     1263.71802     1399.40607     1530.19790     1601.92586
      139.00000      952.16536     1115.14081     1263.78230     1399.42443     1530.16802     1601.92922
      140.00000      952.31291     1115.24505     1263.84696     1399.44289     1530.13796     1601.93256
      141.00000      952.46134     1115.34991     1263.91201     1399.46146     1530.10772     1601.93590
      142.00000      952.61066     1115.45539     1263.97745     1399.48014     1530.07731     1601.93923
      143.00000      952.76086     1115.56150     1264.04327     1399.49893     1530.04671     1601.94254
      144.00000      952.91196     1115.66823     1264.10948     1399.51783     1530.01593     1601.94585
      145.00000      953.06394     1115.77559     1264.17608     1399.53684     1529.98497     1601.94914
      146.00000      953.21682     1115.88357     1264.24306     1399.55596     1529.95384     1601.95242
      147.00000      953.37059     1115.99219     1264.31044     1399.57519     1529.92252     1601.95569
      148.00000      953.52526     1116.10143     1264.37820     1399.59452     1529.89102     1601.95895
      149.00000      953.68083     1116.21131     1264.44635     1399.61397     1529.85933     1601.96219
      150.00000      953.83729     1116.32181     1264.51490     1399.63353     1529.82747     1601.96542
      151.00000      953.99466     1116.43295     1264.58383     1399.65320     1529.79542     1601.96863
      152.00000      954.15292     1116.54472     1264.65316     1399.67297     1529.76319     1601.97183
      153.00000      954.31209     1116.65713     1264.72288     1399.69286     1529.73078     1601.97501
      154.00000      954.47217     1116.77018     1264.79299     1399.71286     1529.69819     1601.97818
      155.00000      954.63315     1116.88386     1264.86350     1399.73297     1529.66541     1601.98133
      156.00000      954.79504     1116.99818     1264.93441     1399.75319     1529.63245     1601.98446
      157.00000      954.95784     1117.11314     1265.00570     1399.77353     1529.59931     1601.98757
      158.00000      955.12155     1117.22873     1265.07740     1399.79397     1529.56598     1601.99067
      159.00000      955.28618     1117.34498     1265.14949     1399.81453     1529.53246     1601.99374
      160.00000      955.45172     1117.46186     1265.22198     1399.83519     1529.49876     1601.99680
      161.00000      955.61818     1117.57939     1265.29487     1399.85597     1529.46488     1601.99983
      162.00000      955.78556     1117.69756     1265.36815     1399.87687     1529.43081     1602.00285
      163.00000      955.95386     1117.81638     1265.44184     1399.89787     1529.39655     1602.00584
      164.00000      956.12309     1117.93585     1265.51593     1399.91899     1529.36211     1602.00881
      165.00000      956.29323     1118.05597     1265.59041     1399.94022     1529.32748     1602.01176
      166.00000      956.46431     1118.17674     1265.66530     1399.96156     1529.29267     1602.01468
      167.00000      956.63631     1118.29816     1265.74060     1399.98302     1529.25766     1602.01758
      168.00000      956.80924     1118.42023     1265.81629     1400.00459     1529.22247     1602.02046
      169.00000      956.98311     1118.54296     1265.89239     1400.02627     1529.18709     1602.02331
      170.00000      957.15791     1118.66634     1265.96890     1400.04806     1529.15152     1602.02613
      171.00000      957.33365     1118.79038     1266.04581     1400.06997     1529.11577     1602.02893
      172.00000      957.51032     1118.91508     1266.12313     1400.09200     1529.07982     1602.03170
      173.00000      957.68794     1119.04043     1266.20086     1400.11414     1529.04369     1602.03444
      174.00000      957.86649     1119.16645     1266.27899     1400.13639     1529.00736     1602.03715
      175.00000      958.04600     1119.29313     1266.35754     1400.15876     1528.97084     1602.03983
      176.00000      958.22644     1119.42048     1266.43649     1400.18124     1528.93414     1602.04248
      177.00000      958.40784     1119.54849     1266.51586     1400.20384     1528.89724     1602.04510
      178.00000      958.59019     1119.67716     1266.59563     1400.22655     1528.86015     1602.04769
      179.00000      958.77349     1119.80651     1266.67582     1400.24938     1528.82287     1602.05025
      180.00000      958.95774     1119.93652     1266.75643     1400.27233     1528.78539     1602.05278
      181.00000      959.14295     1120.06721     1266.83745     1400.29539     1528.74773     1602.05527
      182.00000      959.32913     1120.19856     1266.91888     1400.31857     1528.70987     1602.05772
      183.00000      959.51626     1120.33059     1267.00073     1400.34186     1528.67181     1602.06015
      184.00000      959.70435     1120.46330     1267.08299     1400.36527     1528.63357     1602.06253
      185.00000      959.89341     1120.59668     1267.16568     1400.38880     1528.59513     1602.06488
      186.00000      960.08344     1120.73074     1267.24878     1400.41244     1528.55649     1602.06719
      187.00000      960.27444     1120.86548     1267.33230     1400.43620     1528.51766     1602.06947
      188.00000      960.46642     1121.00090     1267.41625     1400.46008     1528.47863     1602.07170
      189.00000      960.65936     1121.13701     1267.50061     1400.48408     1528.43940     1602.07389
      190.00000      960.85329     1121.27379     1267.58540     1400.50819     1528.39998     1602.07605
      191.00000      961.04819     1121.41127     1267.67061     1400.53243     1528.36037     1602.07816
      192.00000      961.24407     1121.54943     1267.75625     1400.55678     1528.32055     1602.08023
      193.00000      961.44094     1121.68828     1267.84231     1400.58125     1528.28054     1602.08226
      194.00000      961.63880     1121.82782     1267.92880     1400.60584     1528.24033     1602.08424
      195.00000      961.83764     1121.96806     1268.01571     1400.63055     1528.19992     1602.08618
      196.00000      962.03748     1122.10898     1268.10305     1400.65538     1528.15931     1602.08808
      197.00000      962.23831     1122.25061     1268.19083     1400.68033     1528.11850     1602.08993
      198.00000      962.44014     1122.39293     1268.27903     1400.70540     1528.07749     1602.09173
      199.00000      962.64296     1122.53595     1268.36766     1400.73058     1528.03628     1602.09348
      200.00000      962.84679     1122.67967     1268.45673     1400.75589     1527.99487     1602.09518
      201.00000      963.05162     1122.82409     1268.54623     1400.78132     1527.95326     1602.09684
      202.00000      963.25745     1122.96922     1268.63616     1400.80687     1527.91144     1602.09844
      203.00000      963.46430     1123.11505     1268.72653     1400.83255     1527.86943     1602.10000
      204.00000      963.67215     1123.26159     1268.81734     1400.85834     1527.82721     1602.10150
      205.00000      963.88102     1123.40884     1268.90858     1400.88426     1527.78478     1602.10294
      206.00000      964.09091     1123.55680     1269.00027     1400.91029     1527.74216     1602.10434
      207.00000      964.30181     1123.70547     1269.09239     1400.93645     1527.69932     1602.10567
      208.00000      964.51374     1123.85485     1269.18495     1400.96273     1527.65629     1602.10696
      209.00000      964.72669     1124.00496     1269.27795     1400.98914     1527.61305     1602.10818
      210.00000      964.94067     1124.15578     1269.37140     1401.01567     1527.56960     1602.10935
      211.00000      965.15568     1124.30732     1269.46529     1401.04232     1527.52594     1602.11046
      212.00000      965.37172     1124.45958     1269.55963     1401.06910     1527.48208     1602.11151
      213.00000      965.58880     1124.61257     1269.65441     1401.09600     1527.43801     1602.11250
      214.00000      965.80692     1124.76628     1269.74964     1401.12302     1527.39373     1602.11342
      215.00000      966.02607     1124.92072     1269.84532     1401.15017     1527.34925     1602.11429
      216.00000      966.24628     1125.07588     1269.94145     1401.17744     1527.30455     1602.11509
      217.00000      966.46752     1125.23178     1270.03803     1401.20484     1527.25965     1602.11582
      218.00000      966.68982     1125.38842     1270.13506     1401.23236     1527.21453     1602.11649
      219.00000      966.91317     1125.54578     1270.23254     1401.26001     1527.16921     1602.11710
      220.00000      967.13757     1125.70389     1270.33048     1401.28779     1527.12367     1602.11763
      221.00000      967.36303     1125.86273     1270.42887     1401.31569     1527.07792     1602.11810
      222.00000      967.58956     1126.02231     1270.52772     1401.34371     1527.03196     1602.11850
      223.00000      967.81715     1126.18264     1270.62703     1401.37187     1526.98579     1602.11882
      224.00000      968.04580     1126.34371     1270.72679     1401.40015     1526.93940     1602.11908
      225.00000      968.27552     1126.50553     1270.82702     1401.42856     1526.89280     1602.11926
      226.00000      968.50632     1126.66809     1270.92771     1401.45710     1526.84599     1602.11936
      227.00000      968.73820     1126.83141     1271.02886     1401.48576     1526.79896     1602.11940
      228.00000      968.97115     1126.99548     1271.13047     1401.51456     1526.75171     1602.11935
      229.00000      969.20518     1127.16030     1271.23255     1401.54348     1526.70425     1602.11923
      230.00000      969.44031     1127.32589     1271.33510     1401.57253     1526.65657     1602.11903
      231.00000      969.67651     1127.49223     1271.43811     1401.60171     1526.60867     1602.11874
      232.00000      969.91382     1127.65933     1271.54159     1401.63102     1526.56056     1602.11838
      233.00000      970.15221     1127.82719     1271.64555     1401.66046     1526.51222     1602.11794
      234.00000      970.39171     1127.99583     1271.74997     1401.69003     1526.46367     1602.11741
      235.00000      970.63230     1128.16523     1271.85487     1401.71973     1526.41490     1602.11680
      236.00000      970.87400     1128.33539     1271.96024     1401.74956     1526.36590     1602.11610
      237.00000      971.11681     1128.50634     1272.06609     1401.77952     1526.31669     1602.11531
      238.00000      971.36073     1128.67805     1272.17241     1401.80962     1526.26726     1602.11444
      239.00000      971.60576     1128.85054     1272.27921     1401.83984     1526.21760     1602.11347
      240.00000      971.85191     1129.02381     1272.38649     1401.87020     1526.16772     1602.11242
      241.00000      972.09918     1129.19786     1272.49425     1401.90069     1526.11761     1602.11127
      242.00000      972.34758     1129.37270     1272.60250     1401.93131     1526.06729     1602.11003
      243.00000      972.59710     1129.54832     1272.71122     1401.96207     1526.01673     1602.10870
      244.00000      972.84776     1129.72473     1272.82044     1401.99296     1525.96595     1602.10727
      245.00000      973.09955     1129.90193     1272.93013     1402.02399     1525.91495     1602.10574
      246.00000      973.35248     1130.07992     1273.04032     1402.05514     1525.86372     1602.10411
      247.00000      973.60655     1130.25870     1273.15099     1402.08644     1525.81226     1602.10238
      248.00000      973.86177     1130.43829     1273.26216     1402.11787     1525.76058     1602.10056
      249.00000      974.11813     1130.61867     1273.37382     1402.14943     1525.70866     1602.09862
      250.00000      974.37565     1130.79985     1273.48597     1402.18113     1525.65652     1602.09659
      251.00000      974.63432     1130.98184     1273.59862     1402.21296     1525.60414     1602.09445
      252.00000      974.89416     1131.16464     1273.71176     1402.24493     1525.55154     1602.09220
      253.00000      975.15516     1131.34824     1273.82540     1402.27704     1525.49870     1602.08984
      254.00000      975.41732     1131.53266     1273.93954     1402.30929     1525.44564     1602.08737
      255.00000      975.68066     1131.71789     1274.05418     1402.34167     1525.39233     1602.08480
      256.00000      975.94517     1131.90394     1274.16932     1402.37419     1525.33880     1602.08211
      257.00000      976.21086     1132.09081     1274.28497     1402.40685     1525.28503     1602.07930
      258.00000      976.47773     1132.27850     1274.40112     1402.43965     1525.23103     1602.07638
      259.00000      976.74578     1132.46701     1274.51778     1402.47258     1525.17679     1602.07334
      260.00000      977.01503     1132.65635     1274.63494     1402.50566     1525.12232     1602.07018
      261.00000      977.28547     1132.84652     1274.75262     1402.53887     1525.06761     1602.06690
      262.00000      977.55711     1133.03752     1274.87081     1402.57223     1525.01266     1602.06350
      263.00000      977.82995     1133.22936     1274.98951     1402.60572     1524.95747     1602.05998
      264.00000      978.10400     1133.42204     1275.10873     1402.63936     1524.90204     1602.05633
      265.00000      978.37925     1133.61555     1275.22846     1402.67314     1524.84638     1602.05255
      266.00000      978.65572     1133.80991     1275.34871     1402.70706     1524.79047     1602.04864
      267.00000      978.93341     1134.00511     1275.46948     1402.74112     1524.73432     1602.04461
      268.00000      979.21232     1134.20116     1275.59077     1402.77533     1524.67793     1602.04044
      269.00000      979.49246     1134.39807     1275.71259     1402.80967     1524.62130     1602.03613
      270.00000      979.77382     1134.59582     1275.83493     1402.84416     1524.56443     1602.03170
      271.00000      980.05642     1134.79444     1275.95779     1402.87880     1524.50731     1602.02712
      272.00000      980.34026     1134.99391     1276.08119     1402.91358     1524.44994     1602.02241
      273.00000      980.62534     1135.19424     1276.20511     1402.94850     1524.39233     1602.01755
      274.00000      980.91167     1135.39544     1276.32956     1402.98357     1524.33447     1602.01255
      275.00000      981.19925     1135.59751     1276.45455     1403.01878     1524.27637     1602.00741
      276.00000      981.48809     1135.80045     1276.58007     1403.05414     1524.21801     1602.00212
      277.00000      981.77818     1136.00426     1276.70613     1403.08964     1524.15941     1601.99669
      278.00000      982.06955     1136.20895     1276.83273     1403.12530     1524.10056     1601.99110
      279.00000      982.36218     1136.41452     1276.95986     1403.16110     1524.04145     1601.98536
      280.00000      982.65608     1136.62097     1277.08754     1403.19704     1523.98210     1601.97947
      281.00000      982.95126     1136.82831     1277.21576     1403.23314     1523.92249     1601.97342
      282.00000      983.24772     1137.03654     1277.34453     1403.26938     1523.86263     1601.96721
      283.00000      983.54548     1137.24566     1277.47385     1403.30577     1523.80252     1601.96085
      284.00000      983.84452     1137.45567     1277.60371     1403.34231     1523.74215     1601.95432
      285.00000      984.14486     1137.66658     1277.73413     1403.37900     1523.68152     1601.94763
      286.00000      984.44650     1137.87839     1277.86509     1403.41585     1523.62064     1601.94077
      287.00000      984.74944     1138.09111     1277.99662     1403.45284     1523.55950     1601.93374
      288.00000      985.05370     1138.30473     1278.12870     1403.48998     1523.49811     1601.92655
      289.00000      985.35927     1138.51926     1278.26133     1403.52728     1523.43645     1601.91918
      290.00000      985.66617     1138.73471     1278.39453     1403.56472     1523.37454     1601.91164
      291.00000      985.97438     1138.95108     1278.52829     1403.60232     1523.31236     1601.90392
      292.00000      986.28393     1139.16836     1278.66262     1403.64007     1523.24992     1601.89602
      293.00000      986.59481     1139.38657     1278.79751     1403.67798     1523.18722     1601.88794
      294.00000      986.90703     1139.60570     1278.93297     1403.71604     1523.12426     1601.87968
      295.00000      987.22060     1139.82577     1279.06900     1403.75425     1523.06103     1601.87123
      296.00000      987.53552     1140.04677     1279.20560     1403.79262     1522.99754     1601.86260
      297.00000      987.85179     1140.26870     1279.34278     1403.83115     1522.93378     1601.85377
      298.00000      988.16942     1140.49158     1279.48053     1403.86983     1522.86975     1601.84476
      299.00000      988.48842     1140.71540     1279.61886     1403.90867     1522.80545     1601.83554
      300.00000      988.80879     1140.94016     1279.75777     1403.94766     1522.74089     1601.82613
      301.00000      989.13053     1141.16588     1279.89727     1403.98681     1522.67605     1601.81652
      302.00000      989.45366     1141.39255     1280.03735     1404.02612     1522.61095     1601.80671
      303.00000      989.77817     1141.62018     1280.17801     1404.06559     1522.54557     1601.79669
      304.00000      990.10407     1141.84877     1280.31927     1404.10522     1522.47992     1601.78647
      305.00000      990.43137     1142.07833     1280.46111     1404.14500     1522.41400     1601.77603
      306.00000      990.76007     1142.30885     1280.60355     1404.18495     1522.34780     1601.76539
      307.00000      991.09018     1142.54035     1280.74659     1404.22506     1522.28132     1601.75452
      308.00000      991.42171     1142.77282     1280.89022     1404.26533     1522.21457     1601.74344
      309.00000      991.75465     1143.00627     1281.03445     1404.30576     1522.14754     1601.73214
      310.00000      992.08902     1143.24070     1281.17929     1404.34635     1522.08023     1601.72062
      311.00000      992.42482     1143.47613     1281.32473     1404.38710     1522.01265     1601.70887
      312.00000      992.76206     1143.71254     1281.47077     1404.42802     1521.94478     1601.69689
      313.00000      993.10074     1143.94995     1281.61743     1404.46910     1521.87662     1601.68468
      314.00000      993.44087     1144.18835     1281.76469     1404.51035     1521.80819     1601.67224
      315.00000      993.78245     1144.42776     1281.91257     1404.55176     1521.73947     1601.65955
      316.00000      994.12549     1144.66818     1282.06107     1404.59334     1521.67047     1601.64663
      317.00000      994.47000     1144.90960     1282.21018     1404.63508     1521.60118     1601.63346
      318.00000      994.81597     1145.15204     1282.35991     1404.67699     1521.53160     1601.62005
      319.00000      995.16343     1145.39550     1282.51027     1404.71907     1521.46174     1601.60639
      320.00000      995.51237     1145.63998     1282.66125     1404.76131     1521.39158     1601.59247
      321.00000      995.86280     1145.88549     1282.81286     1404.80373     1521.32114     1601.57830
      322.00000      996.21473     1146.13202     1282.96510     1404.84631     1521.25040     1601.56387
      323.00000      996.56816     1146.37959     1283.11798     1404.88906     1521.17937     1601.54918
      324.00000      996.92310     1146.62821     1283.27148     1404.93198     1521.10805     1601.53422
      325.00000      997.27955     1146.87786     1283.42563     1404.97508     1521.03643     1601.51899
      326.00000      997.63753     1147.12856     1283.58042     1405.01834     1520.96452     1601.50349
      327.00000      997.99703     1147.38031     1283.73585     1405.06178     1520.89231     1601.48772
      328.00000      998.35807     1147.63312     1283.89192     1405.10539     1520.81979     1601.47167
      329.00000      998.72065     1147.88699     1284.04865     1405.14917     1520.74699     1601.45533
      330.00000      999.08478     1148.14193     1284.20602     1405.19313     1520.67387     1601.43871
      331.00000      999.45047     1148.39793     1284.36405     1405.23726     1520.60046     1601.42180
      332.00000      999.81771     1148.65501     1284.52273     1405.28156     1520.52675     1601.40459
      333.00000     1000.18653     1148.91316     1284.68208     1405.32605     1520.45273     1601.38709
      334.00000     1000.55692     1149.17240     1284.84208     1405.37070     1520.37840     1601.36929
      335.00000     1000.92889     1149.43272     1285.00275     1405.41554     1520.30377     1601.35118
      336.00000     1001.30245     1149.69414     1285.16408     1405.46055     1520.22883     1601.33276
      337.00000     1001.67761     1149.95665     1285.32609     1405.50575     1520.15358     1601.31403
      338.00000     1002.05437     1150.22027     1285.48877     1405.55112     1520.07801     1601.29499
      339.00000     1002.43274     1150.48499     1285.65212     1405.59667     1520.00214     1601.27562
      340.00000     1002.81273     1150.75082     1285.81615     1405.64240     1519.92596     1601.25593
      341.00000     1003.19434     1151.01777     1285.98086     1405.68831     1519.84945     1601.23591
      342.00000     1003.57759     1151.28583     1286.14626     1405.73441     1519.77264     1601.21556
      343.00000     1003.96247     1151.55503     1286.31234     1405.78069     1519.69550     1601.19487
      344.00000     1004.34901     1151.82535     1286.47911     1405.82715     1519.61805     1601.17384
      345.00000     1004.73720     1152.09681     1286.64658     1405.87379     1519.54028     1601.15246
      346.00000     1005.12705     1152.36941     1286.81474     1405.92062     1519.46219     1601.13074
      347.00000     1005.51857     1152.64315     1286.98360     1405.96764     1519.38377     1601.10866
      348.00000     1005.91177     1152.91804     1287.15316     1406.01484     1519.30504     1601.08621
      349.00000     1006.30666     1153.19409     1287.32343     1406.06223     1519.22597     1601.06341
      350.00000     1006.70324     1153.47130     1287.49441     1406.10981     1519.14658     1601.04023
      351.00000     1007.10152     1153.74968     1287.66609     1406.15757     1519.06686     1601.01668
      352.00000     1007.50151     1154.02923     1287.83850     1406.20552     1518.98681     1600.99276
      353.00000     1007.90322     1154.30995     1288.01161     1406.25367     1518.90644     1600.96844
      354.00000     1008.30666     1154.59186     1288.18545     1406.30200     1518.82572     1600.94374
      355.00000     1008.71183     1154.87496     1288.36002     1406.35053     1518.74468     1600.91865
      356.00000     1009.11875     1155.15924     1288.53531     1406.39925     1518.66330     1600.89316
      357.00000     1009.52741     1155.44473     1288.71133     1406.44816     1518.58158     1600.86726
      358.00000     1009.93784     1155.73142     1288.88808     1406.49726     1518.49953     1600.84095
      359.00000     1010.35003     1156.01932     1289.06558     1406.54656     1518.41714     1600.81423
      360.00000     1010.76401     1156.30844     1289.24381     1406.59606     1518.33440     1600.78708
      361.00000     1011.17976     1156.59878     1289.42279     1406.64575     1518.25132     1600.75951
      362.00000     1011.59731     1156.89034     1289.60251     1406.69564     1518.16790     1600.73150
      363.00000     1012.01667     1157.18314     1289.78299     1406.74573     1518.08413     1600.70306
      364.00000     1012.43784     1157.47718     1289.96422     1406.79601     1518.00002     1600.67417
      365.00000     1012.86083     1157.77246     1290.14621     1406.84650     1517.91555     1600.64483
      366.00000     1013.28565     1158.06899     1290.32896     1406.89719     1517.83074     1600.61504
      367.00000     1013.71231     1158.36678     1290.51247     1406.94807     1517.74557     1600.58478
      368.00000     1014.14082     1158.66584     1290.69676     1406.99916     1517.66005     1600.55405
      369.00000     1014.57120     1158.96616     1290.88181     1407.05045     1517.57418     1600.52285
      370.00000     1015.00343     1159.26776     1291.06765     1407.10195     1517.48795     1600.49116
      371.00000     1015.43755     1159.57064     1291.25426     1407.15365     1517.40135     1600.45899
      372.00000     1015.87356     1159.87480     1291.44166     1407.20556     1517.31440     1600.42631
      373.00000     1016.31146     1160.18027     1291.62984     1407.25767     1517.22709     1600.39314
      374.00000     1016.75127     1160.48703     1291.81882     1407.31000     1517.13941     1600.35945
      375.00000     1017.19300     1160.79510     1292.00859     1407.36253     1517.05137     1600.32524
      376.00000     1017.63665     1161.10449     1292.19916     1407.41527     1516.96296     1600.29051
      377.00000     1018.08225     1161.41520     1292.39054     1407.46822     1516.87418     1600.25524
      378.00000     1018.52979     1161.72723     1292.58272     1407.52138     1516.78503     1600.21944
      379.00000     1018.97929     1162.04060     1292.77571     1407.57475     1516.69551     1600.18308
      380.00000     1019.43076     1162.35531     1292.96952     1407.62834     1516.60561     1600.14617
      381.00000     1019.88421     1162.67137     1293.16415     1407.68214     1516.51534     1600.10869
      382.00000     1020.33965     1162.98879     1293.35961     1407.73616     1516.42469     1600.07064
      383.00000     1020.79710     1163.30757     1293.55589     1407.79039     1516.33366     1600.03201
      384.00000     1021.25655     1163.62772     1293.75300     1407.84484     1516.24224     1599.99278
      385.00000     1021.71803     1163.94924     1293.95095     1407.89951     1516.15045     1599.95296
      386.00000     1022.18154     1164.27215     1294.14974     1407.95440     1516.05827     1599.91252
      387.00000     1022.64710     1164.59645     1294.34938     1408.00950     1515.96570     1599.87147
      388.00000     1023.11472     1164.92215     1294.54986     1408.06483     1515.87274     1599.82979
      389.00000     1023.58440     1165.24926     1294.75121     1408.12039     1515.77939     1599.78747
      390.00000     1024.05617     1165.57778     1294.95340     1408.17616     1515.68565     1599.74450
      391.00000     1024.53002     1165.90773     1295.15647     1408.23216     1515.59151     1599.70087
      392.00000     1025.00598     1166.23910     1295.36040     1408.28839     1515.49697     1599.65658
      393.00000     1025.48406     1166.57191     1295.56520     1408.34484     1515.40203     1599.61160
      394.00000     1025.96427     1166.90617     1295.77088     1408.40152     1515.30670     1599.56594
      395.00000     1026.44662     1167.24188     1295.97744     1408.45843     1515.21096     1599.51957
      396.00000     1026.93112     1167.57905     1296.18489     1408.51557     1515.11481     1599.47249
      397.00000     1027.41778     1167.91769     1296.39323     1408.57294     1515.01825     1599.42469
      398.00000     1027.90663     1168.25781     1296.60247     1408.63055     1514.92129     1599.37615
      399.00000     1028.39766     1168.59942     1296.81261     1408.68839     1514.82391     1599.32686
      400.00000     1028.89090     1168.94252     1297.02365     1408.74646     1514.72612     1599.27680
      401.00000     1029.38635     1169.28712     1297.23561     1408.80477     1514.62791     1599.22598
      402.00000     1029.88404     1169.63324     1297.44849     1408.86331     1514.52928     1599.17436
      403.00000     1030.38397     1169.98088     1297.66228     1408.92210     1514.43024     1599.12194
      404.00000     1030.88616     1170.33004     1297.87700     1408.98112     1514.33076     1599.06871
      405.00000     1031.39062     1170.68075     1298.09266     1409.04039     1514.23087     1599.01465
      406.00000     1031.89736     1171.03300     1298.30925     1409.09989     1514.13054     1598.95974
      407.00000     1032.40640     1171.38681     1298.52679     1409.15964     1514.02978     1598.90397
      408.00000     1032.91776     1171.74219     1298.74527     1409.21964     1513.92860     1598.84733
      409.00000     1033.43144     1172.09914     1298.96471     1409.27988     1513.82697     1598.78979
      410.00000     1033.94746     1172.45768     1299.18511     1409.34037     1513.72491     1598.73135
      411.00000     1034.46584     1172.81781     1299.40648     1409.40111     1513.62241     1598.67198
      412.00000     1034.98659     1173.17954     1299.62881     1409.46209     1513.51946     1598.61167
      413.00000     1035.50973     1173.54289     1299.85212     1409.52333     1513.41607     1598.55040
      414.00000     1036.03527     1173.90786     1300.07642     1409.58482     1513.31223     1598.48816
      415.00000     1036.56322     1174.27446     1300.30170     1409.64657     1513.20795     1598.42491
      416.00000     1037.09361     1174.64271     1300.52798     1409.70857     1513.10321     1598.36065
      417.00000     1037.62645     1175.01261     1300.75526     1409.77083     1512.99801     1598.29535
      418.00000     1038.16175     1175.38418     1300.98354     1409.83335     1512.89236     1598.22900
      419.00000     1038.69952     1175.75742     1301.21284     1409.89612     1512.78624     1598.16156
      420.00000     1039.23980     1176.13234     1301.44315     1409.95916     1512.67966     1598.09303
      421.00000     1039.78259     1176.50897     1301.67450     1410.02246     1512.57262     1598.02337
      422.00000     1040.32790     1176.88729     1301.90687     1410.08603     1512.46510     1597.95257
      423.00000     1040.87576     1177.26734     1302.14028     1410.14986     1512.35712     1597.88059
      424.00000     1041.42619     1177.64911     1302.37474     1410.21396     1512.24866     1597.80742
      425.00000     1041.97919     1178.03262     1302.61025     1410.27833     1512.13972     1597.73303
      426.00000     1042.53479     1178.41788     1302.84681     1410.34297     1512.03030     1597.65740
      427.00000     1043.09301     1178.80491     1303.08444     1410.40788     1511.92040     1597.58048
      428.00000     1043.65386     1179.19371     1303.32315     1410.47306     1511.81001     1597.50227
      429.00000     1044.21737     1179.58430     1303.56293     1410.53852     1511.69913     1597.42272
      430.00000     1044.78354     1179.97668     1303.80380     1410.60426     1511.58776     1597.34182
      431.00000     1045.35240     1180.37087     1304.04576     1410.67027     1511.47590     1597.25952
      432.00000     1045.92397     1180.76689     1304.28881     1410.73657     1511.36353     1597.17579
      433.00000     1046.49826     1181.16474     1304.53298     1410.80314     1511.25067     1597.09061
      434.00000     1047.07530     1181.56443     1304.77826     1410.87001     1511.13729     1597.00393
      435.00000     1047.65510     1181.96599     1305.02467     1410.93715     1511.02342     1596.91572
      436.00000     1048.23769     1182.36941     1305.27220     1411.00459     1510.90902     1596.82595
      437.00000     1048.82308     1182.77473     1305.52087     1411.07231     1510.79412     1596.73458
      438.00000     1049.41130     1183.18194     1305.77069     1411.14032     1510.67870     1596.64156
      439.00000     1050.00236     1183.59106     1306.02166     1411.20863     1510.56275     1596.54687
      440.00000     1050.59629     1184.00211     1306.27379     1411.27723     1510.44628     1596.45044
      441.00000     1051.19311     1184.41509     1306.52709     1411.34613     1510.32928     1596.35225
      442.00000     1051.79284     1184.83003     1306.78156     1411.41533     1510.21175     1596.25224
      443.00000     1052.39550     1185.24694     1307.03722     1411.48483     1510.09369     1596.15038
      444.00000     1053.00111     1185.66582     1307.29408     1411.55463     1509.97508     1596.04660
      445.00000     1053.60969     1186.08670     1307.55214     1411.62473     1509.85594     1595.94086
      446.00000     1054.22127     1186.50960     1307.81141     1411.69514     1509.73624     1595.83312
      447.00000     1054.83587     1186.93451     1308.07189     1411.76586     1509.61600     1595.72331
      448.00000     1055.45352     1187.36147     1308.33361     1411.83689     1509.49520     1595.61139
      449.00000     1056.07423     1187.79048     1308.59656     1411.90823     1509.37385     1595.49728
      450.00000     1056.69804     1188.22156     1308.86077     1411.97989     1509.25193     1595.38095
      451.00000     1057.32496     1188.65472     1309.12622     1412.05186     1509.12945     1595.26232
      452.00000     1057.95501     1189.08999     1309.39294     1412.12415     1509.00640     1595.14133
      453.00000     1058.58824     1189.52737     1309.66094     1412.19677     1508.88277     1595.01792
      454.00000     1059.22465     1189.96689     1309.93022     1412.26970     1508.75857     1594.89203
      455.00000     1059.86427     1190.40856     1310.20079     1412.34297     1508.63379     1594.76357
      456.00000     1060.50714     1190.85240     1310.47267     1412.41656     1508.50842     1594.63250
      457.00000     1061.15328     1191.29841     1310.74586     1412.49048     1508.38246     1594.49872
      458.00000     1061.80271     1191.74663     1311.02037     1412.56473     1508.25590     1594.36218
      459.00000     1062.45546     1192.19707     1311.29622     1412.63932     1508.12875     1594.22279
      460.00000     1063.11155     1192.64975     1311.57341     1412.71425     1508.00099     1594.08047
      461.00000     1063.77103     1193.10468     1311.85196     1412.78952     1507.87263     1593.93516
      462.00000     1064.43391     1193.56188     1312.13187     1412.86513     1507.74365     1593.78676
      463.00000     1065.10022     1194.02137     1312.41316     1412.94108     1507.61405     1593.63520
      464.00000     1065.77000     1194.48317     1312.69584     1413.01738     1507.48384     1593.48040
      465.00000     1066.44326     1194.94730     1312.97991     1413.09404     1507.35299     1593.32227
      466.00000     1067.12005     1195.41378     1313.26540     1413.17104     1507.22152     1593.16072
      467.00000     1067.80039     1195.88263     1313.55231     1413.24840     1507.08941     1592.99568
      468.00000     1068.48432     1196.35386     1313.84065     1413.32612     1506.95666     1592.82706
      469.00000     1069.17186     1196.82750     1314.13044     1413.40421     1506.82326     1592.65478
      470.00000     1069.86304     1197.30357     1314.42168     1413.48265     1506.68921     1592.47874
      471.00000     1070.55791     1197.78209     1314.71439     1413.56146     1506.55451     1592.29887
      472.00000     1071.25649     1198.26307     1315.00859     1413.64064     1506.41914     1592.11508
      473.00000     1071.95881     1198.74655     1315.30428     1413.72020     1506.28311     1591.92730
      474.00000     1072.66491     1199.23255     1315.60148     1413.80013     1506.14640     1591.73544
      475.00000     1073.37483     1199.72107     1315.90019     1413.88044     1506.00902     1591.53942
      476.00000     1074.08859     1200.21216     1316.20045     1413.96113     1505.87095     1591.33918
      477.00000     1074.80624     1200.70583     1316.50224     1414.04221     1505.73219     1591.13464
      478.00000     1075.52781     1201.20210     1316.80560     1414.12367     1505.59274     1590.92573
      479.00000     1076.25334     1201.70100     1317.11054     1414.20553     1505.45259     1590.71240
      480.00000     1076.98286     1202.20255     1317.41706     1414.28778     1505.31173     1590.49457
      481.00000     1077.71642     1202.70677     1317.72519     1414.37043     1505.17015     1590.27220
      482.00000     1078.45405     1203.21370     1318.03493     1414.45348     1505.02786     1590.04523
      483.00000     1079.19578     1203.72335     1318.34631     1414.53693     1504.88484     1589.81362
      484.00000     1079.94167     1204.23576     1318.65934     1414.62080     1504.74110     1589.57733
      485.00000     1080.69176     1204.75094     1318.97402     1414.70507     1504.59661     1589.33633
      486.00000     1081.44607     1205.26893     1319.29039     1414.78977     1504.45138     1589.09059
      487.00000     1082.20466     1205.78974     1319.60845     1414.87488     1504.30540     1588.84008
      488.00000     1082.96757     1206.31342     1319.92822     1414.96041     1504.15866     1588.58480
      489.00000     1083.73484     1206.83998     1320.24972     1415.04637     1504.01115     1588.32472
      490.00000     1084.50652     1207.36946     1320.57296     1415.13277     1503.86288     1588.05984
      491.00000     1085.28265     1207.90188     1320.89797     1415.21960     1503.71382     1587.79017
      492.00000     1086.06327     1208.43728     1321.22475     1415.30686     1503.56398     1587.51571
      493.00000     1086.84844     1208.97568     1321.55332     1415.39457     1503.41335     1587.23648
      494.00000     1087.63820     1209.51711     1321.88371     1415.48273     1503.26191     1586.95248
      495.00000     1088.43260     1210.06161     1322.21593     1415.57134     1503.10967     1586.66374
      496.00000     1089.23169     1210.60920     1322.55000     1415.66040     1502.95661     1586.37029
      497.00000     1090.03552     1211.15992     1322.88594     1415.74993     1502.80273     1586.07214
      498.00000     1090.84415     1211.71380     1323.22377     1415.83992     1502.64801     1585.76935
      499.00000     1091.65761     1212.27088     1323.56351     1415.93038     1502.49245     1585.46193
      500.00000     1092.47598     1212.83119     1323.90517     1416.02131     1502.33605     1585.14993
      501.00000     1093.29929     1213.39476     1324.24878     1416.11272     1502.17879     1584.83338
      502.00000     1094.12761     1213.96162     1324.59436     1416.20462     1502.02066     1584.51234
      503.00000     1094.96099     1214.53183     1324.94193     1416.29701     1501.86166     1584.18683
      504.00000     1095.79950     1215.10540     1325.29152     1416.38988     1501.70178     1583.85690
      505.00000     1096.64318     1215.68238     1325.64313     1416.48326     1501.54100     1583.52261
      506.00000     1097.49211     1216.26281     1325.99680     1416.57714     1501.37932     1583.18398
      507.00000     1098.34633     1216.84672     1326.35255     1416.67154     1501.21673     1582.84108
      508.00000     1099.20591     1217.43416     1326.71040     1416.76644     1501.05322     1582.49393
      509.00000     1100.07092     1218.02517     1327.07038     1416.86187     1500.88878     1582.14258
      510.00000     1100.94143     1218.61978     1327.43251     1416.95782     1500.72340     1581.78707
      511.00000     1101.81748     1219.21804     1327.79681     1417.05431     1500.55707     1581.42746
      512.00000     1102.69917     1219.81999     1328.16331     1417.15133     1500.38977     1581.06376
      513.00000     1103.58654     1220.42568     1328.53204     1417.24890     1500.22151     1580.69603
      514.00000     1104.47968     1221.03516     1328.90301     1417.34701     1500.05226     1580.32429
      515.00000     1105.37866     1221.64845     1329.27627     1417.44569     1499.88202     1579.94859
      516.00000     1106.28355     1222.26562     1329.65184     1417.54492     1499.71077     1579.56895
      517.00000     1107.19442     1222.88672     1330.02973     1417.64473     1499.53851     1579.18540
      518.00000     1108.11135     1223.51178     1330.40999     1417.74511     1499.36522     1578.79798
      519.00000     1109.03443     1224.14086     1330.79264     1417.84607     1499.19089     1578.40670
      520.00000     1109.96372     1224.77402     1331.17772     1417.94763     1499.01550     1578.01159
      521.00000     1110.89932     1225.41129     1331.56525     1418.04978     1498.83905     1577.61268
      522.00000     1111.84130     1226.05275     1331.95526     1418.15254     1498.66152     1577.20997
      523.00000     1112.78975     1226.69843     1332.34778     1418.25591     1498.48291     1576.80349
      524.00000     1113.74477     1227.34840     1332.74285     1418.35990     1498.30318     1576.39326
      525.00000     1114.70644     1228.00272     1333.14051     1418.46452     1498.12234     1575.97927
      526.00000     1115.67485     1228.66144     1333.54078     1418.56977     1497.94036     1575.56154
      527.00000     1116.65009     1229.32462     1333.94371     1418.67567     1497.75724     1575.14008
      528.00000     1117.63227     1229.99232     1334.34932     1418.78222     1497.57296     1574.71490
      529.00000     1118.62148     1230.66461     1334.75765     1418.88943     1497.38750     1574.28598
      530.00000     1119.61783     1231.34155     1335.16874     1418.99731     1497.20085     1573.85334
      531.00000     1120.62141     1232.02321     1335.58264     1419.10587     1497.01299     1573.41696
      532.00000     1121.63234     1232.70965     1335.99937     1419.21512     1496.82391     1572.97685
      533.00000     1122.65072     1233.40095     1336.41899     1419.32507     1496.63359     1572.53299
      534.00000     1123.67667     1234.09716     1336.84152     1419.43572     1496.44201     1572.08538
      535.00000     1124.71030     1234.79838     1337.26702     1419.54710     1496.24915     1571.63400
      536.00000     1125.75172     1235.50466     1337.69553     1419.65920     1496.05501     1571.17883
      537.00000     1126.80107     1236.21610     1338.12708     1419.77204     1495.85955     1570.71986
      538.00000     1127.85846     1236.93276     1338.56174     1419.88563     1495.66276     1570.25707
      539.00000     1128.92402     1237.65472     1338.99954     1419.99998     1495.46462     1569.79043
      540.00000     1129.99788     1238.38208     1339.44054     1420.11511     1495.26512     1569.31992
      541.00000     1131.08018     1239.11491     1339.88478     1420.23102     1495.06423     1568.84551
      542.00000     1132.17105     1239.85330     1340.33232     1420.34772     1494.86193     1568.36717
      543.00000     1133.27064     1240.59735     1340.78320     1420.46524     1494.65819     1567.88486
      544.00000     1134.37910     1241.34714     1341.23749     1420.58358     1494.45301     1567.39856
      545.00000     1135.49657     1242.10277     1341.69523     1420.70275     1494.24634     1566.90821
      546.00000     1136.62321     1242.86433     1342.15649     1420.82277     1494.03818     1566.41378
      547.00000     1137.75918     1243.63194     1342.62132     1420.94366     1493.82850     1565.91523
      548.00000     1138.90464     1244.40569     1343.08978     1421.06542     1493.61727     1565.41250
      549.00000     1140.05977     1245.18568     1343.56195     1421.18807     1493.40447     1564.90555
      550.00000     1141.22473     1245.97204     1344.03787     1421.31164     1493.19007     1564.39432
      551.00000     1142.39971     1246.76486     1344.51762     1421.43612     1492.97404     1563.87875
      552.00000     1143.58489     1247.56428     1345.00127     1421.56155     1492.75636     1563.35879
      553.00000     1144.78047     1248.37040     1345.48888     1421.68793     1492.53700     1562.83437
      554.00000     1145.98664     1249.18336     1345.98053     1421.81529     1492.31592     1562.30541
      555.00000     1147.20360     1250.00328     1346.47629     1421.94363     1492.09311     1561.77186
      556.00000     1148.43156     1250.83029     1346.97625     1422.07299     1491.86852     1561.23362
      557.00000     1149.67075     1251.66454     1347.48047     1422.20338     1491.64213     1560.69063
      558.00000     1150.92139     1252.50615     1347.98906     1422.33482     1491.41390     1560.14280
      559.00000     1152.18371     1253.35529     1348.50208     1422.46733     1491.18379     1559.59003
      560.00000     1153.45795     1254.21210     1349.01963     1422.60093     1490.95178     1559.03223
      561.00000     1154.74435     1255.07673     1349.54179     1422.73565     1490.71781     1558.46930
      562.00000     1156.04319     1255.94935     1350.06868     1422.87150     1490.48187     1557.90114
      563.00000     1157.35472     1256.83013     1350.60037     1423.00851     1490.24390     1557.32762
      564.00000     1158.67922     1257.71924     1351.13698     1423.14670     1490.00386     1556.74864
      565.00000     1160.01698     1258.61686     1351.67861     1423.28611     1489.76172     1556.16407
      566.00000     1161.36830     1259.52318     1352.22537     1423.42675     1489.51742     1555.57376
      567.00000     1162.73348     1260.43839     1352.77737     1423.56866     1489.27093     1554.97758
      568.00000     1164.11286     1261.36270     1353.33474     1423.71185     1489.02218     1554.37538
      569.00000     1165.50675     1262.29631     1353.89758     1423.85637     1488.77115     1553.76700
      570.00000     1166.91552     1263.23944     1354.46604     1424.00225     1488.51776     1553.15226
      571.00000     1168.33951     1264.19233     1355.04024     1424.14951     1488.26198     1552.53098
      572.00000     1169.77912     1265.15520     1355.62032     1424.29819     1488.00374     1551.90297
      573.00000     1171.23473     1266.12829     1356.20643     1424.44832     1487.74298     1551.26803
      574.00000     1172.70674     1267.11188     1356.79872     1424.59994     1487.47965     1550.62592
      575.00000     1174.19560     1268.10623     1357.39733     1424.75310     1487.21367     1549.97642
      576.00000     1175.70174     1269.11160     1358.00244     1424.90782     1486.94499     1549.31927
      577.00000     1177.22563     1270.12831     1358.61422     1425.06415     1486.67354     1548.65419
      578.00000     1178.76775     1271.15665     1359.23284     1425.22213     1486.39924     1547.98091
      579.00000     1180.32863     1272.19693     1359.85849     1425.38182     1486.12202     1547.29911
      580.00000     1181.90878     1273.24951     1360.49136     1425.54325     1485.84180     1546.60846
      581.00000     1183.50878     1274.31472     1361.13167     1425.70648     1485.55849     1545.90861
      582.00000     1185.12921     1275.39293     1361.77962     1425.87156     1485.27200     1545.19917
      583.00000     1186.77068     1276.48454     1362.43544     1426.03855     1484.98226     1544.47974
      584.00000     1188.43385     1277.58994     1363.09937     1426.20750     1484.68915     1543.74990
      585.00000     1190.11940     1278.70956     1363.77166     1426.37847     1484.39258     1543.00919
      586.00000     1191.82805     1279.84385     1364.45257     1426.55154     1484.09244     1542.25713
      587.00000     1193.56056     1280.99329     1365.14237     1426.72677     1483.78861     1541.49320
      588.00000     1195.31772     1282.15838     1365.84137     1426.90423     1483.48099     1540.71689
      589.00000     1197.10039     1283.33964     1366.54986     1427.08400     1483.16943     1539.92764
      590.00000     1198.90946     1284.53763     1367.26817     1427.26616     1482.85381     1539.12489
      591.00000     1200.74588     1285.75295     1367.99666     1427.45079     1482.53398     1538.30803
      592.00000     1202.61065     1286.98623     1368.73568     1427.63799     1482.20980     1537.47649
      593.00000     1204.50485     1288.23812     1369.48562     1427.82786     1481.88109     1536.62965
      594.00000     1206.42962     1289.50935     1370.24691     1428.02049     1481.54770     1535.76690
      595.00000     1208.38617     1290.80067     1371.01998     1428.21600     1481.20943     1534.88763
      596.00000     1210.37579     1292.11288     1371.80531     1428.41451     1480.86610     1533.99122
      597.00000     1212.39987     1293.44686     1372.60339     1428.61614     1480.51749     1533.07706
      598.00000     1214.45988     1294.80351     1373.41476     1428.82104     1480.16337     1532.14452
      599.00000     1216.55743     1296.18384     1374.24002     1429.02933     1479.80350     1531.19297
      600.00000     1218.69422     1297.58891     1375.07976     1429.24119     1479.43763     1530.22174
      601.00000     1220.87210     1299.01986     1375.93467     1429.45678     1479.06546     1529.23016
      602.00000     1223.09305     1300.47794     1376.80547     1429.67628     1478.68670     1528.21751
      603.00000     1225.35923     1301.96449     1377.69294     1429.89989     1478.30101     1527.18299
      604.00000     1227.67298     1303.48096     1378.59792     1430.12783     1477.90802     1526.12578
      605.00000     1230.03683     1305.02894     1379.52134     1430.36034     1477.50734     1525.04494
      606.00000     1232.45358     1306.61015     1380.46420     1430.59766     1477.09854     1523.93944
      607.00000     1234.92624     1308.22647     1381.42760     1430.84008     1476.68113     1522.80814
      608.00000     1237.45815     1309.87999     1382.41275     1431.08792     1476.25460     1521.64975
      609.00000     1240.05300     1311.57299     1383.42098     1431.34150     1475.81834     1520.46283
      610.00000     1242.71483     1313.30799     1384.45375     1431.60121     1475.37172     1519.24576
      611.00000     1245.44816     1315.08779     1385.51269     1431.86746     1474.91400     1517.99670
      612.00000     1248.25802     1316.91554     1386.59962     1432.14073     1474.44436     1516.71356
      613.00000     1251.15006     1318.79471     1387.71657     1432.42155     1473.96186     1515.39397
      614.00000     1254.13061     1320.72928     1388.86583     1432.71050     1473.46546     1514.03525
      615.00000     1257.20687     1322.72370     1390.04998     1433.00825     1472.95393     1512.63428
      616.00000     1260.38706     1324.78308     1391.27197     1433.31558     1472.42589     1511.18754
      617.00000     1263.68060     1326.91328     1392.53519     1433.63337     1471.87969     1509.69089
      618.00000     1267.09838     1329.12106     1393.84354     1433.96263     1471.31343     1508.13956
      619.00000     1270.65314     1331.41433     1395.20157     1434.30456     1470.72481     1506.52795
      620.00000     1274.35987     1333.80242     1396.61463     1434.66056     1470.11111     1504.84944
      621.00000     1278.23647     1336.29644     1398.08910     1435.03231     1469.46897     1503.09614
      622.00000     1282.30452     1338.90981     1399.63264     1435.42183     1468.79425     1501.25853
      623.00000     1286.59046     1341.65895     1401.25461     1435.83157     1468.08171     1499.32499
      624.00000     1291.12726     1344.56437     1402.96664     1436.26461     1467.32459     1497.28111
      625.00000     1295.95686     1347.65214     1404.78344     1436.72482     1466.51394     1495.10869
      626.00000     1301.13394     1350.95626     1406.72411     1437.21723     1465.63750     1492.78429
      627.00000     1306.73199     1354.52247     1408.81410     1437.74855     1464.67781     1490.27684
      628.00000     1312.85362     1358.41467     1411.08862     1438.32799     1463.60876     1487.54388
      629.00000     1319.64946     1362.72669     1413.59869     1438.96882     1462.38867     1484.52471
      630.00000     1327.35603     1367.60608     1416.42294     1439.69122     1460.94510     1481.12701
      631.00000     1336.38298     1373.30876     1419.69365     1440.52816     1459.13604     1477.19519
      632.00000     1347.55973     1380.35405     1423.66500     1441.53879     1456.63049     1472.40233
      633.00000     1363.15269     1390.16726     1428.94490     1442.82609     1452.42053     1465.46581
      634.00000     1417.56912     1417.56912     1426.15616     1426.15616     1445.75177     1445.75177
