           1  -1232.98910903725                0
           1  -1232.98910903725                1
 
           2  -963.429957197226                0
           2  -963.429957197226                1
 
           3  -623.984401677551                0
           3  -623.984401677551                1
 
           4  -214.652442478227                0
           4  -214.652442478227                1
 
           5   264.565920400744                0
           5   264.565920400744                1
 
           6   813.670686959364                0
           6   813.670686959364                1
 
