           1  -1192.17363221373                0
           1  -1192.17363221373                1
 
           2  -894.030161432889                0
           2  -894.030161432889                1
 
           3  -572.059332041908                0
           3  -572.059332041908                1
 
           4  -218.330023592076                0
           4  -218.330023592076                1
 
           5   181.595891806403                0
           5   181.595891806403                1
 
           6   661.874065112179                0
           6   661.874065112179                1
 
           7   953.264844514817                0
           7   953.264844514817                1
 
           8   1092.95739595357                0
           8   1092.95739595357                1
 
           9   1236.82759594764                0
           9   1236.82759594764                1
 
          10   1382.52243162451                0
          10   1382.52243162451                1
 
          11   1526.26340725208                0
          11   1526.26340725208                1
 
          12   1596.73919602985                0
          12   1596.73919602985                1
 
          13   1660.17408189836                0
          13   1660.17408189836                1
 
          14   1760.81861827090                0
          14   1760.81861827090                1
 
          15   3100.71818181818                0
          15   3100.71818181818                1
 
          16   3343.79716760652                0
          16   3343.79716760652                1
 
          17   3475.28181818182                0
          17   3475.28181818182                1
 
          18   3507.76186207147                0
          18   3507.76186207147                1
 
          19   3559.19879184882                0
          19   3559.19879184882                1
 
          20   3607.10275356797                0
          20   3607.10275356797                1
 
          21   3621.76169080562                0
          21   3621.76169080562                1
 
          22   3659.35752543091                0
          22   3659.35752543091                1
 
          23   3661.32983821252                0
          23   3661.32983821252                1
 
          24   3675.24599132649                0
          24   3675.24599132649                1
 
