           1  -1074.65558208947                0
           1  -1074.65558208947                1
 
           2  -688.922351863566                0
           2  -688.922351863566                1
 
           3  -421.102249798795                0
           3  -421.102249798795                1
 
           4  -130.978388737577                0
           4  -130.978388737577                1
 
           5   238.293076096699                0
           5   238.293076096699                1
 
           6   659.739861051505                0
           6   659.739861051505                1
 
