           1  -1172.36664801573                0
           1  -1172.36664801573                1
 
           2  -841.438523001249                0
           2  -841.438523001249                1
 
           3  -570.195522692831                0
           3  -570.195522692831                1
 
           4  -243.626766772271                0
           4  -243.626766772271                1
 
           5   165.178416693135                0
           5   165.178416693135                1
 
           6   712.297671070489                0
           6   712.297671070489                1
 
