     0.0000000000     3.1415926536     3.1415926536     6.2831853072     6.2831853072     3.1382786377     3.1382786377     0.0031387200     0.0031387200
     0.0314159265     3.1729640940     3.1730531137     0.0313749282     0.0314569580     3.1382786423     3.1382786423     0.0031387240     0.0031387240
     0.0628318531     3.2043357096     3.2045133979     0.0627500179     0.0629137538     3.1382786562     3.1382786562     0.0031387362     0.0031387362
     0.0314159265     3.1729640940     3.1730531137     0.0313749282     0.0314569580     3.1382786423     3.1382786423     0.0031387240     0.0031387240
     0.1256637061     3.2670801638     3.2674327381     0.1255013249     0.1258262144     3.1382787114     3.1382787114     0.0031387844     0.0031387844
     0.1570796327     3.2984533467     3.2988914483     0.1568778597     0.1572815607     3.1382787525     3.1382787525     0.0031388204     0.0031388204
     0.1884955592     3.3298273924     3.3303492924     0.1882551898     0.1887361092     3.1382788024     3.1382788024     0.0031388640     0.0031388640
     0.2199114858     3.3612024659     3.3618061045     0.2196334675     0.2201897072     3.1382788610     3.1382788610     0.0031389152     0.0031389152
     0.2513274123     3.3925787282     3.3932617232     0.2510128412     0.2516422061     3.1382789279     3.1382789279     0.0031389737     0.0031389737
     0.2827433388     3.4239563358     3.4247159916     0.2823934550     0.2830934613     3.1382790029     3.1382790029     0.0031390393     0.0031390393
     0.3141592654     3.4553354396     3.4561687583     0.3137754483     0.3145433333     3.1382790858     3.1382790858     0.0031391117     0.0031391117
     0.3455751919     3.4867161850     3.4876198778     0.3451589548     0.3459916880     3.1382791761     3.1382791761     0.0031391907     0.0031391907
     0.3769911184     3.5180987107     3.5190692112     0.3765441025     0.3774383976     3.1382792736     3.1382792736     0.0031392759     0.0031392759
     0.4084070450     3.5494831485     3.5505166265     0.4079310128     0.4088833403     3.1382793778     3.1382793778     0.0031393670     0.0031393670
     0.4398229715     3.5808696226     3.5819619995     0.4393198003     0.4403264018     3.1382794884     3.1382794884     0.0031394637     0.0031394637
     0.4712388980     3.6122582493     3.6134052140     0.4707105720     0.4717674749     3.1382796049     3.1382796049     0.0031395655     0.0031395655
     0.5026548246     3.6436491365     3.6448461624     0.5021034273     0.5032064605     3.1382797268     3.1382797268     0.0031396721     0.0031396721
     0.5340707511     3.6750423830     3.6762847460     0.5334984572     0.5346432677     3.1382798537     3.1382798537     0.0031397830     0.0031397830
     0.5654866776     3.7064380786     3.7077208756     0.5648957445     0.5660778140     3.1382799850     3.1382799850     0.0031398978     0.0031398978
     0.5969026042     3.7378363031     3.7391544716     0.5962953627     0.5975100262     3.1382801203     3.1382801203     0.0031400160     0.0031400160
     0.6283185307     3.7692371267     3.7705854644     0.6276973763     0.6289398401     3.1382802590     3.1382802590     0.0031401373     0.0031401373
     0.6597344573     3.8006406092     3.8020137949     0.6591018404     0.6603672011     3.1382804006     3.1382804006     0.0031402610     0.0031402610
     0.6911503838     3.8320467999     3.8334394142     0.6905088004     0.6917920642     3.1382805445     3.1382805445     0.0031403867     0.0031403867
     0.7225663103     3.8634557375     3.8648622844     0.7219182919     0.7232143943     3.1382806901     3.1382806901     0.0031405140     0.0031405140
     0.7539822369     3.8948674499     3.8962823784     0.7533303405     0.7546341663     3.1382808369     3.1382808369     0.0031406423     0.0031406423
     0.7853981634     3.9262819539     3.9276996800     0.7847449615     0.7860513653     3.1382809842     3.1382809842     0.0031407710     0.0031407710
     0.8168140899     3.9576992555     3.9591141841     0.8161621605     0.8174659863     3.1382811316     3.1382811316     0.0031408998     0.0031408998
     0.8482300165     3.9891193495     3.9905258964     0.8475819325     0.8488780349     3.1382812784     3.1382812784     0.0031410281     0.0031410281
     0.8796459430     4.0205422198     4.0219348340     0.8790042626     0.8802875263     3.1382814240     3.1382814240     0.0031411553     0.0031411553
     0.9110618695     4.0519678391     4.0533410248     0.9104291257     0.9116944864     3.1382815679     3.1382815679     0.0031412811     0.0031412811
     0.9424777961     4.0833961696     4.0847445072     0.9418564866     0.9430989505     3.1382817095     3.1382817095     0.0031414048     0.0031414048
     0.9738937226     4.1148271624     4.1161453308     0.9732863006     0.9745009641     3.1382818483     3.1382818483     0.0031415260     0.0031415260
     1.0053096491     4.1462607584     4.1475435554     1.0047185128     1.0059005823     3.1382819836     3.1382819836     0.0031416442     0.0031416442
     1.0367255757     4.1776968880     4.1789392509     1.0361530591     1.0372978695     3.1382821150     3.1382821150     0.0031417590     0.0031417590
     1.0681415022     4.2091354716     4.2103324975     1.0675898663     1.0686928995     3.1382822419     3.1382822419     0.0031418699     0.0031418699
     1.0995574288     4.2405764200     4.2417233846     1.0990288519     1.1000857548     3.1382823639     3.1382823639     0.0031419765     0.0031419765
     1.1309733553     4.2720196345     4.2731120114     1.1304699250     1.1314765265     3.1382824804     3.1382824804     0.0031420783     0.0031420783
     1.1623892818     4.3034650075     4.3044984855     1.1619129865     1.1628653140     3.1382825911     3.1382825911     0.0031421749     0.0031421749
     1.1938052084     4.3349124228     4.3358829233     1.1933579292     1.1942522243     3.1382826954     3.1382826954     0.0031422660     0.0031422660
     1.2252211349     4.3663617561     4.3672654490     1.2248046388     1.2256373720     3.1382827929     3.1382827929     0.0031423512     0.0031423512
     1.2566370614     4.3978128756     4.3986461944     1.2562529935     1.2570208785     3.1382828833     3.1382828833     0.0031424301     0.0031424301
     1.2880529880     4.4292656424     4.4300252982     1.2877028655     1.2884028718     3.1382829662     3.1382829662     0.0031425026     0.0031425026
     1.3194689145     4.4607199108     4.4614029058     1.3191541207     1.3197834856     3.1382830413     3.1382830413     0.0031425681     0.0031425681
     1.3508848410     4.4921755295     4.4927791681     1.3506066195     1.3511628593     3.1382831082     3.1382831082     0.0031426266     0.0031426266
     1.3823007676     4.5236323416     4.5241542416     1.3820602176     1.3825411370     3.1382831668     3.1382831668     0.0031426778     0.0031426778
     1.4137166941     4.5550901856     4.5555282873     1.4135147661     1.4139184671     3.1382832167     3.1382832167     0.0031427214     0.0031427214
     1.4451326207     4.5865488959     4.5869014702     1.4449701124     1.4452950019     3.1382832579     3.1382832579     0.0031427574     0.0031427574
     1.4765485472     4.6180083034     4.6182739588     1.4764261008     1.4766708965     3.1382832901     3.1382832901     0.0031427855     0.0031427855
     1.5079644737     4.6494682361     4.6496459244     1.5078825730     1.5080463089     3.1382833131     3.1382833131     0.0031428056     0.0031428056
     1.5393804003     4.6809285202     4.6810175400     1.5393393688     1.5394213986     3.1382833270     3.1382833270     0.0031428177     0.0031428177
     1.5707963268     4.7123889804     4.7123889804     1.5707963268     1.5707963268     3.1382833317     3.1382833317     0.0031428218     0.0031428218
     1.6022122533     4.7438494405     4.7437604207     1.6022532848     1.6021712550     3.1382833270     3.1382833270     0.0031428177     0.0031428177
     1.6336281799     4.7753097247     4.7751320364     1.6337100806     1.6335463447     3.1382833131     3.1382833131     0.0031428056     0.0031428056
     1.6650441064     4.8067696574     4.8065040019     1.6651665528     1.6649217571     3.1382832901     3.1382832901     0.0031427855     0.0031427855
     1.6964600329     4.8382290649     4.8378764906     1.6966225412     1.6962976517     3.1382832579     3.1382832579     0.0031427574     0.0031427574
     1.7278759595     4.8696877751     4.8692496735     1.7280778875     1.7276741865     3.1382832167     3.1382832167     0.0031427214     0.0031427214
     1.7592918860     4.9011456192     4.9006237192     1.7595324360     1.7590515166     3.1382831668     3.1382831668     0.0031426778     0.0031426778
     1.7907078125     4.9326024313     4.9319987927     1.7909860340     1.7904297943     3.1382831082     3.1382831082     0.0031426266     0.0031426266
     1.8221237391     4.9640580500     4.9633750550     1.8224385329     1.8218091680     3.1382830413     3.1382830413     0.0031425681     0.0031425681
     1.8535396656     4.9955123184     4.9947526626     1.8538897881     1.8531897818     3.1382829662     3.1382829662     0.0031425026     0.0031425026
     1.8849555922     5.0269650851     5.0261317664     1.8853396601     1.8845717751     3.1382828833     3.1382828833     0.0031424301     0.0031424301
     1.9163715187     5.0584162046     5.0575125118     1.9167880148     1.9159552816     3.1382827929     3.1382827929     0.0031423512     0.0031423512
     1.9477874452     5.0898655380     5.0888950375     1.9482347243     1.9473404293     3.1382826953     3.1382826953     0.0031422660     0.0031422660
     1.9792033718     5.1213129533     5.1202794753     1.9796796671     1.9787273396     3.1382825911     3.1382825911     0.0031421749     0.0031421749
     2.0106192983     5.1527583263     5.1516659494     2.0111227286     2.0101161271     3.1382824804     3.1382824804     0.0031420783     0.0031420783
     2.0420352248     5.1842015408     5.1830545761     2.0425638017     2.0415068988     3.1382823639     3.1382823639     0.0031419765     0.0031419765
     2.0734511514     5.2156424892     5.2144454633     2.0740027873     2.0728997541     3.1382822419     3.1382822419     0.0031418699     0.0031418699
     2.1048670779     5.2470810728     5.2458387098     2.1054395944     2.1042947840     3.1382821150     3.1382821150     0.0031417590     0.0031417590
     2.1362830044     5.2785172024     5.2772344054     2.1368741408     2.1356920713     3.1382819836     3.1382819836     0.0031416442     0.0031416442
     2.1676989310     5.3099507984     5.3086326299     2.1683063530     2.1670916895     3.1382818483     3.1382818483     0.0031415260     0.0031415260
     2.1991148575     5.3413817912     5.3400334535     2.1997361669     2.1984937031     3.1382817095     3.1382817095     0.0031414048     0.0031414048
     2.2305307840     5.3728101217     5.3714369360     2.2311635279     2.2298981672     3.1382815679     3.1382815679     0.0031412811     0.0031412811
     2.2619467106     5.4042357410     5.4028431267     2.2625883910     2.2613051272     3.1382814240     3.1382814240     0.0031411553     0.0031411553
     2.2933626371     5.4356586112     5.4342520643     2.2940107211     2.2927146187     3.1382812784     3.1382812784     0.0031410281     0.0031410281
     2.3247785637     5.4670787052     5.4656637767     2.3254304931     2.3241266672     3.1382811316     3.1382811316     0.0031408998     0.0031408998
     2.3561944902     5.4984960068     5.4970782807     2.3568476921     2.3555412883     3.1382809842     3.1382809842     0.0031407710     0.0031407710
     2.3876104167     5.5299105109     5.5284955823     2.3882623131     2.3869584873     3.1382808369     3.1382808369     0.0031406423     0.0031406423
     2.4190263433     5.5613222232     5.5599156763     2.4196743617     2.4183782593     3.1382806901     3.1382806901     0.0031405140     0.0031405140
     2.4504422698     5.5927311608     5.5913385466     2.4510838531     2.4498005894     3.1382805445     3.1382805445     0.0031403867     0.0031403867
     2.4818581963     5.6241373516     5.6227641659     2.4824908132     2.4812254525     3.1382804006     3.1382804006     0.0031402610     0.0031402610
     2.5132741229     5.6555408340     5.6541924964     2.5138952773     2.5126528134     3.1382802590     3.1382802590     0.0031401373     0.0031401373
     2.5446900494     5.6869416576     5.6856234892     2.5452972909     2.5440826274     3.1382801203     3.1382801203     0.0031400160     0.0031400160
     2.5761059759     5.7183398822     5.7170570852     2.5766969091     2.5755148396     3.1382799850     3.1382799850     0.0031398978     0.0031398978
     2.6075219025     5.7497355777     5.7484932148     2.6080941963     2.6069493859     3.1382798537     3.1382798537     0.0031397830     0.0031397830
     2.6389378290     5.7811288243     5.7799317984     2.6394892263     2.6383861931     3.1382797268     3.1382797268     0.0031396721     0.0031396721
     2.6703537556     5.8125197114     5.8113727468     2.6708820816     2.6698251787     3.1382796049     3.1382796049     0.0031395655     0.0031395655
     2.7017696821     5.8439083382     5.8428159613     2.7022728533     2.7012662518     3.1382794884     3.1382794884     0.0031394637     0.0031394637
     2.7331856086     5.8752948123     5.8742613343     2.7336616407     2.7327093133     3.1382793778     3.1382793778     0.0031393670     0.0031393670
     2.7646015352     5.9066792501     5.9057087496     2.7650485511     2.7641542560     3.1382792736     3.1382792736     0.0031392759     0.0031392759
     2.7960174617     5.9380617758     5.9371580829     2.7964336988     2.7956009656     3.1382791761     3.1382791761     0.0031391907     0.0031391907
     2.8274333882     5.9694425211     5.9686092024     2.8278172053     2.8270493203     3.1382790858     3.1382790858     0.0031391117     0.0031391117
     2.8588493148     6.0008216250     6.0000619692     2.8591991986     2.8584991923     3.1382790029     3.1382790029     0.0031390393     0.0031390393
     2.8902652413     6.0321992325     6.0315162376     2.8905798124     2.8899504475     3.1382789279     3.1382789279     0.0031389737     0.0031389737
     2.9216811678     6.0635754949     6.0629718563     2.9219591861     2.9214029463     3.1382788610     3.1382788610     0.0031389152     0.0031389152
     2.9530970944     6.0949505684     6.0944286684     2.9533374638     2.9528565444     3.1382788024     3.1382788024     0.0031388640     0.0031388640
     2.9845130209     6.1263246140     6.1258865124     2.9847147939     2.9843110929     3.1382787525     3.1382787525     0.0031388204     0.0031388204
     3.0159289474     6.1576977970     6.1573452227     3.0160913287     3.0157664392     3.1382787114     3.1382787114     0.0031387844     0.0031387844
     3.0473448740     6.1890702856     6.1888046301     3.0474672233     3.0472224276     3.1382786792     3.1382786792     0.0031387563     0.0031387563
     3.0787608005     6.2204422512     6.2202645629     3.0788426356     3.0786788998     3.1382786562     3.1382786562     0.0031387362     0.0031387362
     3.1101767271     6.2518138668     6.2517248470     3.1102177254     3.1101356956     3.1382786423     3.1382786423     0.0031387240     0.0031387240
     3.1415926536     6.2831853072     6.2831853072     3.1415926536     3.1415926536     3.1382786377     3.1382786377     0.0031387200     0.0031387200
