           1  -1284.57729336125                0
           1  -1284.57729336125                1
 
           2  -932.205547414374                0
           2  -932.205547414374                1
 
           3  -663.521530551964                0
           3  -663.521530551964                1
 
           4  -334.088889394154                0
           4  -334.088889394154                1
 
           5   110.998050180114                0
           5   110.998050180114                1
 
           6   744.065265997966                0
           6   744.065265997966                1
 
