        0.00000     3048.89319     3260.16094     3423.45705     3474.04007     3562.01499     3633.58853
        1.00000     3048.89802     3260.15528     3423.45223     3474.02753     3562.00521     3633.57153
        2.00000     3048.90683     3260.14492     3423.44341     3474.00461     3561.98732     3633.54044
        3.00000     3048.91825     3260.13150     3423.43199     3473.97493     3561.96416     3633.50018
        4.00000     3048.93178     3260.11562     3423.41847     3473.93977     3561.93672     3633.45251
        5.00000     3048.94712     3260.09760     3423.40313     3473.89990     3561.90560     3633.39843
        6.00000     3048.96409     3260.07768     3423.38616     3473.85580     3561.87119     3633.33864
        7.00000     3048.98254     3260.05602     3423.36771     3473.80786     3561.83376     3633.27362
        8.00000     3049.00236     3260.03275     3423.34789     3473.75636     3561.79356     3633.20376
        9.00000     3049.02347     3260.00799     3423.32678     3473.70152     3561.75074     3633.12939
       10.00000     3049.04579     3259.98180     3423.30446     3473.64355     3561.70547     3633.05075
       11.00000     3049.06926     3259.95427     3423.28099     3473.58259     3561.65787     3632.96807
       12.00000     3049.09382     3259.92546     3423.25642     3473.51879     3561.60804     3632.88153
       13.00000     3049.11945     3259.89542     3423.23080     3473.45227     3561.55608     3632.79129
       14.00000     3049.14608     3259.86421     3423.20416     3473.38313     3561.50207     3632.69750
       15.00000     3049.17369     3259.83186     3423.17655     3473.31147     3561.44608     3632.60029
       16.00000     3049.20224     3259.79842     3423.14800     3473.23737     3561.38818     3632.49976
       17.00000     3049.23171     3259.76391     3423.11853     3473.16092     3561.32843     3632.39603
       18.00000     3049.26207     3259.72837     3423.08817     3473.08217     3561.26688     3632.28918
       19.00000     3049.29329     3259.69184     3423.05695     3473.00120     3561.20357     3632.17930
       20.00000     3049.32536     3259.65433     3423.02488     3472.91805     3561.13856     3632.06648
       21.00000     3049.35824     3259.61587     3422.99200     3472.83279     3561.07189     3631.95078
       22.00000     3049.39193     3259.57649     3422.95831     3472.74547     3561.00359     3631.83227
       23.00000     3049.42641     3259.53620     3422.92383     3472.65613     3560.93370     3631.71101
       24.00000     3049.46166     3259.49502     3422.88858     3472.56481     3560.86225     3631.58707
       25.00000     3049.49766     3259.45299     3422.85258     3472.47156     3560.78928     3631.46049
       26.00000     3049.53440     3259.41010     3422.81583     3472.37642     3560.71481     3631.33134
       27.00000     3049.57187     3259.36638     3422.77836     3472.27941     3560.63887     3631.19964
       28.00000     3049.61006     3259.32185     3422.74018     3472.18057     3560.56148     3631.06546
       29.00000     3049.64895     3259.27651     3422.70129     3472.07995     3560.48267     3630.92884
       30.00000     3049.68853     3259.23039     3422.66171     3471.97755     3560.40247     3630.78981
       31.00000     3049.72879     3259.18349     3422.62145     3471.87342     3560.32089     3630.64841
       32.00000     3049.76972     3259.13583     3422.58051     3471.76759     3560.23796     3630.50469
       33.00000     3049.81131     3259.08742     3422.53892     3471.66007     3560.15368     3630.35867
       34.00000     3049.85356     3259.03828     3422.49667     3471.55089     3560.06810     3630.21038
       35.00000     3049.89645     3258.98840     3422.45378     3471.44007     3559.98121     3630.05987
       36.00000     3049.93998     3258.93781     3422.41025     3471.32765     3559.89304     3629.90715
       37.00000     3049.98414     3258.88652     3422.36610     3471.21363     3559.80360     3629.75226
       38.00000     3050.02891     3258.83453     3422.32132     3471.09805     3559.71291     3629.59523
       39.00000     3050.07430     3258.78185     3422.27593     3470.98091     3559.62098     3629.43608
       40.00000     3050.12030     3258.72849     3422.22993     3470.86224     3559.52783     3629.27484
       41.00000     3050.16690     3258.67447     3422.18333     3470.74206     3559.43347     3629.11152
       42.00000     3050.21409     3258.61978     3422.13614     3470.62039     3559.33792     3628.94616
       43.00000     3050.26187     3258.56444     3422.08836     3470.49723     3559.24118     3628.77878
       44.00000     3050.31023     3258.50845     3422.03999     3470.37262     3559.14326     3628.60940
       45.00000     3050.35917     3258.45183     3421.99105     3470.24655     3559.04419     3628.43804
       46.00000     3050.40868     3258.39457     3421.94154     3470.11906     3558.94396     3628.26471
       47.00000     3050.45876     3258.33669     3421.89146     3469.99014     3558.84260     3628.08945
       48.00000     3050.50940     3258.27819     3421.84082     3469.85983     3558.74011     3627.91226
       49.00000     3050.56060     3258.21909     3421.78963     3469.72812     3558.63650     3627.73316
       50.00000     3050.61234     3258.15937     3421.73788     3469.59504     3558.53178     3627.55218
       51.00000     3050.66464     3258.09906     3421.68558     3469.46059     3558.42595     3627.36933
       52.00000     3050.71748     3258.03816     3421.63274     3469.32479     3558.31904     3627.18463
       53.00000     3050.77086     3257.97667     3421.57936     3469.18766     3558.21104     3626.99808
       54.00000     3050.82477     3257.91460     3421.52545     3469.04919     3558.10197     3626.80971
       55.00000     3050.87922     3257.85196     3421.47100     3468.90941     3557.99183     3626.61954
       56.00000     3050.93419     3257.78874     3421.41602     3468.76832     3557.88063     3626.42757
       57.00000     3050.98969     3257.72496     3421.36052     3468.62594     3557.76838     3626.23382
       58.00000     3051.04571     3257.66062     3421.30450     3468.48228     3557.65509     3626.03830
       59.00000     3051.10225     3257.59572     3421.24796     3468.33734     3557.54075     3625.84103
       60.00000     3051.15930     3257.53028     3421.19091     3468.19113     3557.42539     3625.64202
       61.00000     3051.21687     3257.46429     3421.13335     3468.04367     3557.30900     3625.44128
       62.00000     3051.27494     3257.39776     3421.07527     3467.89496     3557.19160     3625.23882
       63.00000     3051.33352     3257.33069     3421.01670     3467.74502     3557.07318     3625.03466
       64.00000     3051.39260     3257.26309     3420.95761     3467.59384     3556.95376     3624.82880
       65.00000     3051.45218     3257.19496     3420.89803     3467.44145     3556.83333     3624.62127
       66.00000     3051.51225     3257.12631     3420.83796     3467.28784     3556.71191     3624.41206
       67.00000     3051.57283     3257.05714     3420.77738     3467.13303     3556.58951     3624.20119
       68.00000     3051.63389     3256.98745     3420.71632     3466.97703     3556.46612     3623.98867
       69.00000     3051.69544     3256.91725     3420.65476     3466.81983     3556.34175     3623.77450
       70.00000     3051.75748     3256.84655     3420.59272     3466.66146     3556.21641     3623.55871
       71.00000     3051.82001     3256.77534     3420.53020     3466.50191     3556.09010     3623.34129
       72.00000     3051.88302     3256.70362     3420.46719     3466.34120     3555.96282     3623.12227
       73.00000     3051.94651     3256.63142     3420.40370     3466.17933     3555.83459     3622.90163
       74.00000     3052.01048     3256.55871     3420.33973     3466.01630     3555.70540     3622.67941
       75.00000     3052.07492     3256.48552     3420.27528     3465.85213     3555.57527     3622.45559
       76.00000     3052.13984     3256.41184     3420.21036     3465.68682     3555.44418     3622.23020
       77.00000     3052.20524     3256.33768     3420.14497     3465.52038     3555.31215     3622.00324
       78.00000     3052.27110     3256.26304     3420.07910     3465.35281     3555.17919     3621.77472
       79.00000     3052.33743     3256.18792     3420.01277     3465.18412     3555.04529     3621.54464
       80.00000     3052.40423     3256.11233     3419.94596     3465.01431     3554.91046     3621.31301
       81.00000     3052.47150     3256.03626     3419.87870     3464.84340     3554.77471     3621.07985
       82.00000     3052.53923     3255.95973     3419.81097     3464.67138     3554.63803     3620.84515
       83.00000     3052.60742     3255.88274     3419.74277     3464.49826     3554.50043     3620.60893
       84.00000     3052.67608     3255.80528     3419.67412     3464.32406     3554.36191     3620.37119
       85.00000     3052.74519     3255.72736     3419.60500     3464.14876     3554.22248     3620.13194
       86.00000     3052.81477     3255.64899     3419.53543     3463.97239     3554.08214     3619.89118
       87.00000     3052.88479     3255.57016     3419.46540     3463.79493     3553.94090     3619.64893
       88.00000     3052.95528     3255.49088     3419.39491     3463.61641     3553.79875     3619.40518
       89.00000     3053.02622     3255.41116     3419.32397     3463.43682     3553.65569     3619.15994
       90.00000     3053.09761     3255.33099     3419.25258     3463.25617     3553.51174     3618.91323
       91.00000     3053.16946     3255.25037     3419.18073     3463.07446     3553.36690     3618.66504
       92.00000     3053.24175     3255.16932     3419.10844     3462.89169     3553.22116     3618.41538
       93.00000     3053.31449     3255.08783     3419.03569     3462.70788     3553.07453     3618.16426
       94.00000     3053.38769     3255.00590     3418.96250     3462.52303     3552.92702     3617.91169
       95.00000     3053.46133     3254.92354     3418.88886     3462.33714     3552.77861     3617.65766
       96.00000     3053.53541     3254.84075     3418.81477     3462.15021     3552.62933     3617.40218
       97.00000     3053.60994     3254.75753     3418.74024     3461.96225     3552.47917     3617.14526
       98.00000     3053.68492     3254.67388     3418.66526     3461.77327     3552.32812     3616.88690
       99.00000     3053.76034     3254.58982     3418.58984     3461.58326     3552.17620     3616.62712
      100.00000     3053.83620     3254.50533     3418.51398     3461.39223     3552.02341     3616.36590
      101.00000     3053.91250     3254.42042     3418.43767     3461.20019     3551.86974     3616.10327
      102.00000     3053.98925     3254.33509     3418.36093     3461.00714     3551.71521     3615.83921
      103.00000     3054.06643     3254.24935     3418.28374     3460.81308     3551.55980     3615.57374
      104.00000     3054.14405     3254.16320     3418.20612     3460.61801     3551.40353     3615.30687
      105.00000     3054.22212     3254.07664     3418.12806     3460.42195     3551.24640     3615.03859
      106.00000     3054.30062     3253.98966     3418.04956     3460.22489     3551.08840     3614.76890
      107.00000     3054.37955     3253.90229     3417.97062     3460.02683     3550.92954     3614.49783
      108.00000     3054.45893     3253.81450     3417.89124     3459.82779     3550.76982     3614.22536
      109.00000     3054.53873     3253.72632     3417.81143     3459.62776     3550.60925     3613.95150
      110.00000     3054.61898     3253.63774     3417.73119     3459.42675     3550.44782     3613.67626
      111.00000     3054.69966     3253.54875     3417.65051     3459.22476     3550.28553     3613.39963
      112.00000     3054.78077     3253.45937     3417.56939     3459.02179     3550.12239     3613.12163
      113.00000     3054.86232     3253.36960     3417.48785     3458.81784     3549.95840     3612.84226
      114.00000     3054.94430     3253.27944     3417.40587     3458.61293     3549.79355     3612.56152
      115.00000     3055.02671     3253.18888     3417.32345     3458.40705     3549.62786     3612.27941
      116.00000     3055.10955     3253.09793     3417.24061     3458.20020     3549.46132     3611.99593
      117.00000     3055.19283     3253.00660     3417.15733     3457.99239     3549.29393     3611.71110
      118.00000     3055.27654     3252.91488     3417.07362     3457.78363     3549.12570     3611.42491
      119.00000     3055.36067     3252.82278     3416.98948     3457.57390     3548.95662     3611.13737
      120.00000     3055.44524     3252.73030     3416.90491     3457.36322     3548.78670     3610.84848
      121.00000     3055.53024     3252.63744     3416.81991     3457.15160     3548.61593     3610.55824
      122.00000     3055.61567     3252.54420     3416.73448     3456.93902     3548.44433     3610.26666
      123.00000     3055.70153     3252.45058     3416.64862     3456.72550     3548.27188     3609.97374
      124.00000     3055.78782     3252.35659     3416.56233     3456.51103     3548.09859     3609.67947
      125.00000     3055.87454     3252.26223     3416.47561     3456.29563     3547.92447     3609.38388
      126.00000     3055.96168     3252.16749     3416.38846     3456.07928     3547.74950     3609.08694
      127.00000     3056.04926     3252.07238     3416.30089     3455.86200     3547.57370     3608.78868
      128.00000     3056.13726     3251.97691     3416.21288     3455.64379     3547.39706     3608.48910
      129.00000     3056.22570     3251.88107     3416.12445     3455.42465     3547.21959     3608.18818
      130.00000     3056.31456     3251.78486     3416.03559     3455.20457     3547.04128     3607.88595
      131.00000     3056.40385     3251.68830     3415.94630     3454.98357     3546.86213     3607.58239
      132.00000     3056.49356     3251.59137     3415.85658     3454.76165     3546.68215     3607.27751
      133.00000     3056.58371     3251.49408     3415.76643     3454.53880     3546.50134     3606.97132
      134.00000     3056.67428     3251.39643     3415.67586     3454.31504     3546.31969     3606.66382
      135.00000     3056.76528     3251.29842     3415.58486     3454.09035     3546.13721     3606.35501
      136.00000     3056.85671     3251.20006     3415.49343     3453.86475     3545.95390     3606.04488
      137.00000     3056.94857     3251.10134     3415.40157     3453.63824     3545.76975     3605.73345
      138.00000     3057.04085     3251.00228     3415.30928     3453.41081     3545.58478     3605.42071
      139.00000     3057.13356     3250.90286     3415.21657     3453.18247     3545.39897     3605.10668
      140.00000     3057.22670     3250.80309     3415.12343     3452.95323     3545.21233     3604.79134
      141.00000     3057.32027     3250.70297     3415.02986     3452.72308     3545.02486     3604.47470
      142.00000     3057.41427     3250.60251     3414.93586     3452.49202     3544.83656     3604.15676
      143.00000     3057.50869     3250.50170     3414.84143     3452.26007     3544.64743     3603.83753
      144.00000     3057.60354     3250.40054     3414.74658     3452.02721     3544.45747     3603.51700
      145.00000     3057.69882     3250.29905     3414.65130     3451.79345     3544.26668     3603.19518
      146.00000     3057.79453     3250.19721     3414.55559     3451.55879     3544.07506     3602.87207
      147.00000     3057.89067     3250.09504     3414.45945     3451.32324     3543.88260     3602.54768
      148.00000     3057.98724     3249.99252     3414.36288     3451.08679     3543.68932     3602.22199
      149.00000     3058.08424     3249.88967     3414.26588     3450.84946     3543.49521     3601.89502
      150.00000     3058.18166     3249.78648     3414.16845     3450.61123     3543.30027     3601.56676
      151.00000     3058.27952     3249.68296     3414.07059     3450.37211     3543.10450     3601.23722
      152.00000     3058.37781     3249.57911     3413.97231     3450.13210     3542.90789     3600.90640
      153.00000     3058.47652     3249.47492     3413.87359     3449.89121     3542.71046     3600.57430
      154.00000     3058.57567     3249.37040     3413.77444     3449.64943     3542.51219     3600.24092
      155.00000     3058.67525     3249.26556     3413.67486     3449.40677     3542.31310     3599.90626
      156.00000     3058.77526     3249.16039     3413.57485     3449.16323     3542.11317     3599.57033
      157.00000     3058.87570     3249.05489     3413.47441     3448.91880     3541.91241     3599.23312
      158.00000     3058.97657     3248.94906     3413.37354     3448.67350     3541.71082     3598.89463
      159.00000     3059.07787     3248.84292     3413.27223     3448.42732     3541.50840     3598.55487
      160.00000     3059.17961     3248.73645     3413.17049     3448.18026     3541.30515     3598.21384
      161.00000     3059.28178     3248.62965     3413.06832     3447.93233     3541.10106     3597.87154
      162.00000     3059.38438     3248.52254     3412.96571     3447.68352     3540.89614     3597.52796
      163.00000     3059.48742     3248.41511     3412.86268     3447.43384     3540.69039     3597.18312
      164.00000     3059.59089     3248.30737     3412.75920     3447.18329     3540.48380     3596.83701
      165.00000     3059.69480     3248.19930     3412.65530     3446.93186     3540.27638     3596.48963
      166.00000     3059.79914     3248.09092     3412.55095     3446.67957     3540.06812     3596.14098
      167.00000     3059.90392     3247.98223     3412.44617     3446.42641     3539.85902     3595.79107
      168.00000     3060.00913     3247.87323     3412.34096     3446.17238     3539.64910     3595.43989
      169.00000     3060.11478     3247.76391     3412.23531     3445.91749     3539.43833     3595.08745
      170.00000     3060.22087     3247.65429     3412.12922     3445.66173     3539.22672     3594.73374
      171.00000     3060.32739     3247.54435     3412.02269     3445.40511     3539.01428     3594.37877
      172.00000     3060.43436     3247.43411     3411.91572     3445.14762     3538.80100     3594.02254
      173.00000     3060.54176     3247.32356     3411.80832     3444.88928     3538.58688     3593.66504
      174.00000     3060.64961     3247.21271     3411.70047     3444.63007     3538.37192     3593.30628
      175.00000     3060.75789     3247.10155     3411.59219     3444.37000     3538.15612     3592.94626
      176.00000     3060.86661     3246.99009     3411.48346     3444.10907     3537.93947     3592.58498
      177.00000     3060.97578     3246.87833     3411.37429     3443.84728     3537.72198     3592.22244
      178.00000     3061.08539     3246.76626     3411.26468     3443.58464     3537.50365     3591.85864
      179.00000     3061.19544     3246.65390     3411.15463     3443.32114     3537.28448     3591.49358
      180.00000     3061.30594     3246.54124     3411.04413     3443.05678     3537.06446     3591.12726
      181.00000     3061.41688     3246.42828     3410.93319     3442.79157     3536.84359     3590.75968
      182.00000     3061.52826     3246.31503     3410.82180     3442.52551     3536.62188     3590.39084
      183.00000     3061.64009     3246.20148     3410.70997     3442.25859     3536.39931     3590.02074
      184.00000     3061.75237     3246.08764     3410.59769     3441.99082     3536.17590     3589.64938
      185.00000     3061.86509     3245.97351     3410.48497     3441.72220     3535.95164     3589.27676
      186.00000     3061.97827     3245.85908     3410.37179     3441.45272     3535.72652     3588.90289
      187.00000     3062.09189     3245.74437     3410.25817     3441.18240     3535.50055     3588.52775
      188.00000     3062.20596     3245.62936     3410.14409     3440.91122     3535.27373     3588.15136
      189.00000     3062.32048     3245.51407     3410.02957     3440.63920     3535.04606     3587.77371
      190.00000     3062.43546     3245.39850     3409.91459     3440.36633     3534.81753     3587.39480
      191.00000     3062.55089     3245.28263     3409.79916     3440.09261     3534.58814     3587.01464
      192.00000     3062.66677     3245.16648     3409.68328     3439.81805     3534.35789     3586.63321
      193.00000     3062.78310     3245.05005     3409.56694     3439.54263     3534.12678     3586.25052
      194.00000     3062.89989     3244.93334     3409.45015     3439.26637     3533.89481     3585.86658
      195.00000     3063.01714     3244.81635     3409.33290     3438.98927     3533.66198     3585.48138
      196.00000     3063.13484     3244.69907     3409.21520     3438.71132     3533.42828     3585.09492
      197.00000     3063.25300     3244.58152     3409.09703     3438.43253     3533.19372     3584.70719
      198.00000     3063.37162     3244.46369     3408.97841     3438.15289     3532.95830     3584.31821
      199.00000     3063.49070     3244.34558     3408.85933     3437.87241     3532.72200     3583.92797
      200.00000     3063.61025     3244.22720     3408.73979     3437.59108     3532.48483     3583.53647
      201.00000     3063.73025     3244.10855     3408.61978     3437.30891     3532.24680     3583.14371
      202.00000     3063.85072     3243.98962     3408.49931     3437.02590     3532.00789     3582.74968
      203.00000     3063.97165     3243.87042     3408.37838     3436.74205     3531.76811     3582.35440
      204.00000     3064.09304     3243.75094     3408.25698     3436.45736     3531.52745     3581.95785
      205.00000     3064.21491     3243.63120     3408.13512     3436.17183     3531.28591     3581.56004
      206.00000     3064.33724     3243.51119     3408.01278     3435.88545     3531.04350     3581.16096
      207.00000     3064.46003     3243.39091     3407.88998     3435.59824     3530.80020     3580.76062
      208.00000     3064.58330     3243.27037     3407.76671     3435.31018     3530.55602     3580.35902
      209.00000     3064.70704     3243.14956     3407.64297     3435.02129     3530.31096     3579.95616
      210.00000     3064.83126     3243.02849     3407.51876     3434.73155     3530.06501     3579.55202
      211.00000     3064.95594     3242.90715     3407.39407     3434.44098     3529.81818     3579.14662
      212.00000     3065.08110     3242.78555     3407.26891     3434.14956     3529.57045     3578.73996
      213.00000     3065.20674     3242.66369     3407.14327     3433.85731     3529.32184     3578.33203
      214.00000     3065.33285     3242.54158     3407.01715     3433.56422     3529.07233     3577.92282
      215.00000     3065.45944     3242.41920     3406.89056     3433.27029     3528.82192     3577.51235
      216.00000     3065.58651     3242.29656     3406.76349     3432.97553     3528.57062     3577.10061
      217.00000     3065.71406     3242.17367     3406.63594     3432.67992     3528.31842     3576.68760
      218.00000     3065.84210     3242.05053     3406.50790     3432.38348     3528.06532     3576.27332
      219.00000     3065.97061     3241.92713     3406.37938     3432.08620     3527.81132     3575.85776
      220.00000     3066.09962     3241.80347     3406.25038     3431.78808     3527.55641     3575.44093
      221.00000     3066.22910     3241.67957     3406.12088     3431.48912     3527.30060     3575.02282
      222.00000     3066.35908     3241.55541     3405.99091     3431.18933     3527.04387     3574.60344
      223.00000     3066.48955     3241.43101     3405.86044     3430.88870     3526.78624     3574.18279
      224.00000     3066.62050     3241.30635     3405.72948     3430.58723     3526.52769     3573.76085
      225.00000     3066.75195     3241.18145     3405.59803     3430.28493     3526.26823     3573.33764
      226.00000     3066.88389     3241.05631     3405.46609     3429.98179     3526.00785     3572.91314
      227.00000     3067.01633     3240.93092     3405.33365     3429.67781     3525.74654     3572.48737
      228.00000     3067.14926     3240.80528     3405.20071     3429.37299     3525.48432     3572.06031
      229.00000     3067.28269     3240.67940     3405.06728     3429.06733     3525.22117     3571.63197
      230.00000     3067.41662     3240.55328     3404.93335     3428.76084     3524.95710     3571.20235
      231.00000     3067.55105     3240.42692     3404.79891     3428.45351     3524.69209     3570.77143
      232.00000     3067.68599     3240.30032     3404.66398     3428.14535     3524.42616     3570.33924
      233.00000     3067.82142     3240.17349     3404.52854     3427.83634     3524.15929     3569.90575
      234.00000     3067.95737     3240.04641     3404.39259     3427.52650     3523.89148     3569.47097
      235.00000     3068.09382     3239.91910     3404.25614     3427.21582     3523.62273     3569.03490
      236.00000     3068.23078     3239.79156     3404.11917     3426.90430     3523.35305     3568.59754
      237.00000     3068.36825     3239.66378     3403.98170     3426.59195     3523.08242     3568.15888
      238.00000     3068.50624     3239.53577     3403.84371     3426.27876     3522.81084     3567.71893
      239.00000     3068.64473     3239.40753     3403.70521     3425.96472     3522.53831     3567.27768
      240.00000     3068.78375     3239.27906     3403.56620     3425.64985     3522.26483     3566.83514
      241.00000     3068.92328     3239.15036     3403.42666     3425.33414     3521.99040     3566.39129
      242.00000     3069.06333     3239.02143     3403.28661     3425.01760     3521.71500     3565.94614
      243.00000     3069.20390     3238.89228     3403.14603     3424.70021     3521.43865     3565.49968
      244.00000     3069.34500     3238.76290     3403.00494     3424.38198     3521.16134     3565.05192
      245.00000     3069.48662     3238.63329     3402.86331     3424.06291     3520.88305     3564.60286
      246.00000     3069.62877     3238.50347     3402.72116     3423.74301     3520.60380     3564.15248
      247.00000     3069.77145     3238.37342     3402.57848     3423.42226     3520.32358     3563.70080
      248.00000     3069.91465     3238.24316     3402.43527     3423.10067     3520.04239     3563.24780
      249.00000     3070.05839     3238.11267     3402.29153     3422.77824     3519.76021     3562.79349
      250.00000     3070.20267     3237.98197     3402.14725     3422.45497     3519.47706     3562.33786
      251.00000     3070.34748     3237.85105     3402.00244     3422.13086     3519.19292     3561.88091
      252.00000     3070.49283     3237.71991     3401.85709     3421.80590     3518.90779     3561.42265
      253.00000     3070.63872     3237.58856     3401.71120     3421.48011     3518.62168     3560.96306
      254.00000     3070.78515     3237.45700     3401.56476     3421.15347     3518.33457     3560.50215
      255.00000     3070.93213     3237.32523     3401.41778     3420.82599     3518.04646     3560.03991
      256.00000     3071.07965     3237.19324     3401.27025     3420.49766     3517.75736     3559.57635
      257.00000     3071.22772     3237.06105     3401.12218     3420.16849     3517.46725     3559.11145
      258.00000     3071.37635     3236.92865     3400.97355     3419.83847     3517.17614     3558.64522
      259.00000     3071.52552     3236.79604     3400.82437     3419.50761     3516.88401     3558.17766
      260.00000     3071.67526     3236.66323     3400.67464     3419.17591     3516.59088     3557.70876
      261.00000     3071.82555     3236.53022     3400.52435     3418.84336     3516.29672     3557.23853
      262.00000     3071.97640     3236.39700     3400.37349     3418.50996     3516.00155     3556.76695
      263.00000     3072.12781     3236.26358     3400.22208     3418.17571     3515.70536     3556.29403
      264.00000     3072.27978     3236.12996     3400.07010     3417.84062     3515.40813     3555.81977
      265.00000     3072.43233     3235.99615     3399.91755     3417.50468     3515.10988     3555.34415
      266.00000     3072.58544     3235.86213     3399.76444     3417.16789     3514.81059     3554.86719
      267.00000     3072.73912     3235.72792     3399.61075     3416.83025     3514.51027     3554.38887
      268.00000     3072.89338     3235.59352     3399.45649     3416.49176     3514.20890     3553.90920
      269.00000     3073.04821     3235.45892     3399.30166     3416.15242     3513.90649     3553.42817
      270.00000     3073.20362     3235.32413     3399.14624     3415.81222     3513.60303     3552.94578
      271.00000     3073.35962     3235.18915     3398.99025     3415.47118     3513.29851     3552.46203
      272.00000     3073.51619     3235.05398     3398.83367     3415.12928     3512.99294     3551.97691
      273.00000     3073.67336     3234.91863     3398.67650     3414.78653     3512.68631     3551.49043
      274.00000     3073.83111     3234.78309     3398.51875     3414.44293     3512.37861     3551.00257
      275.00000     3073.98945     3234.64736     3398.36040     3414.09847     3512.06984     3550.51335
      276.00000     3074.14839     3234.51145     3398.20146     3413.75316     3511.76000     3550.02274
      277.00000     3074.30793     3234.37536     3398.04192     3413.40699     3511.44909     3549.53076
      278.00000     3074.46806     3234.23909     3397.88178     3413.05996     3511.13709     3549.03739
      279.00000     3074.62879     3234.10264     3397.72105     3412.71208     3510.82400     3548.54264
      280.00000     3074.79013     3233.96602     3397.55970     3412.36333     3510.50983     3548.04651
      281.00000     3074.95208     3233.82922     3397.39775     3412.01373     3510.19456     3547.54898
      282.00000     3075.11464     3233.69224     3397.23519     3411.66327     3509.87820     3547.05006
      283.00000     3075.27781     3233.55509     3397.07201     3411.31195     3509.56073     3546.54974
      284.00000     3075.44160     3233.41777     3396.90822     3410.95976     3509.24215     3546.04803
      285.00000     3075.60601     3233.28028     3396.74381     3410.60671     3508.92246     3545.54491
      286.00000     3075.77104     3233.14262     3396.57878     3410.25280     3508.60165     3545.04038
      287.00000     3075.93669     3233.00480     3396.41312     3409.89803     3508.27973     3544.53445
      288.00000     3076.10297     3232.86681     3396.24684     3409.54238     3507.95667     3544.02711
      289.00000     3076.26989     3232.72866     3396.07992     3409.18588     3507.63249     3543.51835
      290.00000     3076.43743     3232.59034     3395.91237     3408.82850     3507.30717     3543.00817
      291.00000     3076.60562     3232.45187     3395.74419     3408.47026     3506.98071     3542.49657
      292.00000     3076.77444     3232.31324     3395.57536     3408.11115     3506.65311     3541.98355
      293.00000     3076.94391     3232.17445     3395.40589     3407.75116     3506.32435     3541.46909
      294.00000     3077.11402     3232.03550     3395.23577     3407.39031     3505.99444     3540.95321
      295.00000     3077.28479     3231.89641     3395.06500     3407.02858     3505.66337     3540.43589
      296.00000     3077.45621     3231.75716     3394.89358     3406.66598     3505.33114     3539.91713
      297.00000     3077.62828     3231.61776     3394.72150     3406.30251     3504.99773     3539.39692
      298.00000     3077.80102     3231.47821     3394.54876     3405.93816     3504.66315     3538.87528
      299.00000     3077.97442     3231.33852     3394.37536     3405.57294     3504.32738     3538.35218
      300.00000     3078.14848     3231.19868     3394.20129     3405.20683     3503.99043     3537.82763
      301.00000     3078.32322     3231.05870     3394.02655     3404.83985     3503.65229     3537.30162
      302.00000     3078.49863     3230.91857     3393.85114     3404.47199     3503.31295     3536.77415
      303.00000     3078.67471     3230.77831     3393.67505     3404.10325     3502.97240     3536.24521
      304.00000     3078.85148     3230.63791     3393.49828     3403.73362     3502.63065     3535.71481
      305.00000     3079.02893     3230.49738     3393.32082     3403.36311     3502.28769     3535.18293
      306.00000     3079.20707     3230.35671     3393.14268     3402.99172     3501.94350     3534.64958
      307.00000     3079.38591     3230.21591     3392.96384     3402.61944     3501.59809     3534.11474
      308.00000     3079.56544     3230.07498     3392.78431     3402.24628     3501.25144     3533.57842
      309.00000     3079.74567     3229.93392     3392.60407     3401.87222     3500.90356     3533.04061
      310.00000     3079.92660     3229.79274     3392.42314     3401.49728     3500.55443     3532.50131
      311.00000     3080.10824     3229.65143     3392.24149     3401.12144     3500.20405     3531.96051
      312.00000     3080.29059     3229.51000     3392.05914     3400.74472     3499.85242     3531.41821
      313.00000     3080.47366     3229.36845     3391.87607     3400.36710     3499.49952     3530.87440
      314.00000     3080.65745     3229.22678     3391.69227     3399.98858     3499.14536     3530.32908
      315.00000     3080.84196     3229.08500     3391.50776     3399.60917     3498.78992     3529.78225
      316.00000     3081.02720     3228.94310     3391.32252     3399.22886     3498.43320     3529.23390
      317.00000     3081.21317     3228.80109     3391.13654     3398.84766     3498.07519     3528.68402
      318.00000     3081.39988     3228.65897     3390.94983     3398.46555     3497.71588     3528.13262
      319.00000     3081.58733     3228.51674     3390.76238     3398.08254     3497.35528     3527.57968
      320.00000     3081.77552     3228.37441     3390.57418     3397.69863     3496.99336     3527.02520
      321.00000     3081.96446     3228.23198     3390.38523     3397.31381     3496.63013     3526.46919
      322.00000     3082.15416     3228.08944     3390.19553     3396.92809     3496.26558     3525.91162
      323.00000     3082.34462     3227.94681     3390.00507     3396.54145     3495.89970     3525.35250
      324.00000     3082.53584     3227.80408     3389.81385     3396.15391     3495.53248     3524.79183
      325.00000     3082.72782     3227.66125     3389.62185     3395.76546     3495.16391     3524.22959
      326.00000     3082.92058     3227.51834     3389.42909     3395.37610     3494.79400     3523.66578
      327.00000     3083.11412     3227.37533     3389.23555     3394.98582     3494.42273     3523.10041
      328.00000     3083.30844     3227.23224     3389.04123     3394.59463     3494.05009     3522.53345
      329.00000     3083.50355     3227.08906     3388.84612     3394.20252     3493.67608     3521.96491
      330.00000     3083.69944     3226.94580     3388.65021     3393.80949     3493.30069     3521.39479
      331.00000     3083.89614     3226.80247     3388.45351     3393.41554     3492.92391     3520.82307
      332.00000     3084.09364     3226.65905     3388.25601     3393.02067     3492.54573     3520.24975
      333.00000     3084.29194     3226.51556     3388.05770     3392.62487     3492.16615     3519.67483
      334.00000     3084.49106     3226.37200     3387.85858     3392.22815     3491.78515     3519.09829
      335.00000     3084.69099     3226.22837     3387.65864     3391.83050     3491.40274     3518.52015
      336.00000     3084.89175     3226.08467     3387.45788     3391.43193     3491.01889     3517.94038
      337.00000     3085.09333     3225.94091     3387.25629     3391.03242     3490.63361     3517.35898
      338.00000     3085.29575     3225.79709     3387.05387     3390.63198     3490.24688     3516.77595
      339.00000     3085.49901     3225.65321     3386.85061     3390.23060     3489.85870     3516.19128
      340.00000     3085.70312     3225.50927     3386.64650     3389.82829     3489.46905     3515.60497
      341.00000     3085.90807     3225.36528     3386.44154     3389.42505     3489.07793     3515.01701
      342.00000     3086.11388     3225.22124     3386.23572     3389.02086     3488.68533     3514.42739
      343.00000     3086.32055     3225.07716     3386.02905     3388.61573     3488.29124     3513.83611
      344.00000     3086.52809     3224.93302     3385.82150     3388.20965     3487.89566     3513.24316
      345.00000     3086.73651     3224.78885     3385.61308     3387.80263     3487.49856     3512.64853
      346.00000     3086.94581     3224.64464     3385.40378     3387.39467     3487.09995     3512.05223
      347.00000     3087.15599     3224.50040     3385.19359     3386.98575     3486.69980     3511.45423
      348.00000     3087.36706     3224.35612     3384.98252     3386.57588     3486.29813     3510.85454
      349.00000     3087.57903     3224.21181     3384.77054     3386.16506     3485.89490     3510.25315
      350.00000     3087.79191     3224.06748     3384.55765     3385.75328     3485.49012     3509.65005
      351.00000     3088.00570     3223.92313     3384.34386     3385.34055     3485.08377     3509.04524
      352.00000     3088.22041     3223.77875     3384.12915     3384.92685     3484.67585     3508.43870
      353.00000     3088.43605     3223.63436     3383.91351     3384.51219     3484.26634     3507.83044
      354.00000     3088.65261     3223.48996     3383.69694     3384.09657     3483.85523     3507.22044
      355.00000     3088.87012     3223.34555     3383.47943     3383.67998     3483.44252     3506.60870
      356.00000     3089.08856     3223.20113     3383.26097     3383.26243     3483.02818     3505.99521
      357.00000     3089.30797     3223.05671     3382.84390     3383.04157     3482.61222     3505.37996
      358.00000     3089.52833     3222.91229     3382.42440     3382.82120     3482.19462     3504.76294
      359.00000     3089.74966     3222.76788     3382.00393     3382.59986     3481.77536     3504.14416
      360.00000     3089.97196     3222.62348     3381.58248     3382.37756     3481.35445     3503.52359
      361.00000     3090.19525     3222.47909     3381.16005     3382.15426     3480.93186     3502.90124
      362.00000     3090.41952     3222.33471     3380.73663     3381.92999     3480.50758     3502.27710
      363.00000     3090.64479     3222.19036     3380.31224     3381.70471     3480.08161     3501.65115
      364.00000     3090.87107     3222.04603     3379.88685     3381.47843     3479.65392     3501.02339
      365.00000     3091.09836     3221.90172     3379.46048     3381.25113     3479.22452     3500.39381
      366.00000     3091.32667     3221.75745     3379.03311     3381.02282     3478.79338     3499.76240
      367.00000     3091.55600     3221.61322     3378.60475     3380.79347     3478.36050     3499.12916
      368.00000     3091.78638     3221.46902     3378.17540     3380.56309     3477.92586     3498.49408
      369.00000     3092.01780     3221.32487     3377.74505     3380.33167     3477.48944     3497.85715
      370.00000     3092.25027     3221.18077     3377.31369     3380.09919     3477.05125     3497.21835
      371.00000     3092.48381     3221.03672     3376.88133     3379.86565     3476.61125     3496.57769
      372.00000     3092.71842     3220.89273     3376.44796     3379.63103     3476.16945     3495.93514
      373.00000     3092.95410     3220.74880     3376.01359     3379.39534     3475.72582     3495.29072
      374.00000     3093.19088     3220.60494     3375.57820     3379.15856     3475.28035     3494.64439
      375.00000     3093.42875     3220.46115     3375.14180     3378.92068     3474.83303     3493.99616
      376.00000     3093.66773     3220.31744     3374.70438     3378.68169     3474.38385     3493.34602
      377.00000     3093.90783     3220.17380     3374.26594     3378.44159     3473.93278     3492.69395
      378.00000     3094.14906     3220.03025     3373.82648     3378.20036     3473.47982     3492.03995
      379.00000     3094.39142     3219.88679     3373.38600     3377.95799     3473.02495     3491.38401
      380.00000     3094.63492     3219.74343     3372.94448     3377.71448     3472.56816     3490.72612
      381.00000     3094.87958     3219.60017     3372.50194     3377.46981     3472.10943     3490.06627
      382.00000     3095.12541     3219.45702     3372.05836     3377.22398     3471.64874     3489.40444
      383.00000     3095.37241     3219.31397     3371.61375     3376.97697     3471.18608     3488.74063
      384.00000     3095.62060     3219.17104     3371.16809     3376.72878     3470.72143     3488.07483
      385.00000     3095.86999     3219.02824     3370.72139     3376.47938     3470.25478     3487.40703
      386.00000     3096.12058     3218.88556     3370.27365     3376.22878     3469.78612     3486.73721
      387.00000     3096.37240     3218.74302     3369.82486     3375.97696     3469.31541     3486.06537
      388.00000     3096.62544     3218.60061     3369.37502     3375.72391     3468.84266     3485.39150
      389.00000     3096.87973     3218.45835     3368.92412     3375.46962     3468.36783     3484.71558
      390.00000     3097.13526     3218.31624     3368.47217     3375.21407     3467.89092     3484.03760
      391.00000     3097.39207     3218.17429     3368.01915     3374.95726     3467.41190     3483.35755
      392.00000     3097.65015     3218.03251     3367.56507     3374.69918     3466.93076     3482.67543
      393.00000     3097.90952     3217.89089     3367.10993     3374.43980     3466.44747     3481.99122
      394.00000     3098.17018     3217.74944     3366.65371     3374.17913     3465.96203     3481.30490
      395.00000     3098.43217     3217.60819     3366.19642     3373.91714     3465.47441     3480.61647
      396.00000     3098.69548     3217.46712     3365.73806     3373.65382     3464.98459     3479.92591
      397.00000     3098.96012     3217.32624     3365.27861     3373.38917     3464.49255     3479.23321
      398.00000     3099.22612     3217.18557     3364.81808     3373.12316     3463.99828     3478.53837
      399.00000     3099.49349     3217.04511     3364.35647     3372.85579     3463.50175     3477.84136
      400.00000     3099.76223     3216.90487     3363.89376     3372.58703     3463.00293     3477.14217
      401.00000     3100.03237     3216.76485     3363.42996     3372.31689     3462.50183     3476.44079
      402.00000     3100.30392     3216.62507     3362.96507     3372.04534     3461.99840     3475.73721
      403.00000     3100.57688     3216.48552     3362.49907     3371.77236     3461.49263     3475.03142
      404.00000     3100.85129     3216.34622     3362.03197     3371.49795     3460.98449     3474.32339
      405.00000     3101.12714     3216.20718     3361.56377     3371.22209     3460.47397     3473.61313
      406.00000     3101.40446     3216.06840     3361.09445     3370.94476     3459.96104     3472.90060
      407.00000     3101.68326     3215.92990     3360.62402     3370.66595     3459.44568     3472.18581
      408.00000     3101.96356     3215.79167     3360.15247     3370.38564     3458.92787     3471.46873
      409.00000     3102.24537     3215.65373     3359.67979     3370.10383     3458.40758     3470.74935
      410.00000     3102.52871     3215.51609     3359.20599     3369.82048     3457.88478     3470.02765
      411.00000     3102.81360     3215.37876     3358.73107     3369.53558     3457.35945     3469.30363
      412.00000     3103.10005     3215.24174     3358.25501     3369.24912     3456.83157     3468.57726
      413.00000     3103.38808     3215.10505     3357.77781     3368.96108     3456.30112     3467.84853
      414.00000     3103.67771     3214.96870     3357.29947     3368.67145     3455.76805     3467.11743
      415.00000     3103.96895     3214.83268     3356.81999     3368.38020     3455.23236     3466.38393
      416.00000     3104.26183     3214.69703     3356.33936     3368.08731     3454.69401     3465.64802
      417.00000     3104.55635     3214.56173     3355.85757     3367.79278     3454.15297     3464.90969
      418.00000     3104.85255     3214.42681     3355.37463     3367.49657     3453.60921     3464.16892
      419.00000     3105.15044     3214.29228     3354.89053     3367.19867     3453.06271     3463.42569
      420.00000     3105.45004     3214.15814     3354.40527     3366.89906     3452.51344     3462.67999
      421.00000     3105.75137     3214.02441     3353.91883     3366.59773     3451.96137     3461.93179
      422.00000     3106.05445     3213.89110     3353.43123     3366.29464     3451.40646     3461.18108
      423.00000     3106.35930     3213.75822     3352.94244     3365.98978     3450.84870     3460.42784
      424.00000     3106.66594     3213.62578     3352.45248     3365.68313     3450.28803     3459.67206
      425.00000     3106.97440     3213.49379     3351.96133     3365.37466     3449.72444     3458.91371
      426.00000     3107.28469     3213.36228     3351.46899     3365.06436     3449.15789     3458.15277
      427.00000     3107.59684     3213.23124     3350.97545     3364.75220     3448.58834     3457.38923
      428.00000     3107.91088     3213.10069     3350.48072     3364.43815     3448.01577     3456.62307
      429.00000     3108.22682     3212.97064     3349.98478     3364.12220     3447.44014     3455.85426
      430.00000     3108.54469     3212.84112     3349.48764     3363.80432     3446.86140     3455.08279
      431.00000     3108.86451     3212.71213     3348.98929     3363.48449     3446.27953     3454.30863
      432.00000     3109.18631     3212.58368     3348.48972     3363.16268     3445.69449     3453.53177
      433.00000     3109.51012     3212.45580     3347.98893     3362.83886     3445.10624     3452.75218
      434.00000     3109.83596     3212.32849     3347.48691     3362.51301     3444.51475     3451.96984
      435.00000     3110.16386     3212.20177     3346.98367     3362.18510     3443.91996     3451.18472
      436.00000     3110.49384     3212.07566     3346.47919     3361.85511     3443.32185     3450.39682
      437.00000     3110.82594     3211.95018     3345.97347     3361.52300     3442.72037     3449.60610
      438.00000     3111.16017     3211.82533     3345.46651     3361.18875     3442.11548     3448.81253
      439.00000     3111.49658     3211.70114     3344.95830     3360.85233     3441.50713     3448.01611
      440.00000     3111.83520     3211.57762     3344.44884     3360.51371     3440.89528     3447.21679
      441.00000     3112.17604     3211.45479     3343.93812     3360.17286     3440.27990     3446.41456
      442.00000     3112.51915     3211.33268     3343.42614     3359.82974     3439.66092     3445.60940
      443.00000     3112.86455     3211.21129     3342.91289     3359.48432     3439.03831     3444.80126
      444.00000     3113.21228     3211.09065     3342.39837     3359.13658     3438.41201     3443.99014
      445.00000     3113.56238     3210.97077     3341.88257     3358.78647     3437.78198     3443.17600
      446.00000     3113.91487     3210.85168     3341.36549     3358.43397     3437.14817     3442.35882
      447.00000     3114.26979     3210.73340     3340.84712     3358.07903     3436.51052     3441.53857
      448.00000     3114.62719     3210.61595     3340.32747     3357.72163     3435.86898     3440.71521
      449.00000     3114.98709     3210.49935     3339.80651     3357.36171     3435.22350     3439.88873
      450.00000     3115.34953     3210.38362     3339.28426     3356.99926     3434.57402     3439.05909
      451.00000     3115.71456     3210.26879     3338.76070     3356.63422     3433.92049     3438.22626
      452.00000     3116.08221     3210.15488     3338.23582     3356.26656     3433.26284     3437.39021
      453.00000     3116.45252     3210.04191     3337.70963     3355.89623     3432.60102     3436.55091
      454.00000     3116.82554     3209.92991     3337.18212     3355.52320     3431.93497     3435.70833
      455.00000     3117.20131     3209.81891     3336.65329     3355.14741     3431.26462     3434.86243
      456.00000     3117.57988     3209.70893     3336.12312     3354.76883     3430.58992     3434.01319
      457.00000     3117.96128     3209.60000     3335.59162     3354.38741     3429.91078     3433.16056
      458.00000     3118.34557     3209.49215     3335.05877     3354.00311     3429.22715     3432.30452
      459.00000     3118.73280     3209.38540     3334.52458     3353.61587     3428.53896     3431.44502
      460.00000     3119.12302     3209.27979     3333.98904     3353.22564     3427.84613     3430.58204
      461.00000     3119.51626     3209.17535     3333.45214     3352.83238     3427.14859     3429.71553
      462.00000     3119.91260     3209.07211     3332.91388     3352.43602     3426.44627     3428.84546
      463.00000     3120.31208     3208.97010     3332.37425     3352.03653     3425.73909     3427.97179
      464.00000     3120.71476     3208.86935     3331.83326     3351.63384     3425.02697     3427.09447
      465.00000     3121.12069     3208.76991     3331.29089     3351.22789     3424.30982     3426.21348
      466.00000     3121.52994     3208.67181     3330.74713     3350.81863     3423.58756     3425.32876
      467.00000     3121.94256     3208.57507     3330.20200     3350.40599     3422.86011     3424.44027
      468.00000     3122.35862     3208.47976     3329.65547     3349.98992     3422.12738     3423.54797
      469.00000     3122.77818     3208.38589     3329.10755     3349.57034     3421.38927     3422.65182
      470.00000     3123.20130     3208.29352     3328.55823     3349.14720     3420.64570     3421.75177
      471.00000     3123.62807     3208.20268     3328.00750     3348.72042     3419.89655     3420.84778
      472.00000     3124.05854     3208.11343     3327.45537     3348.28993     3419.14174     3419.93978
      473.00000     3124.49278     3208.02580     3326.90183     3347.85567     3418.38115     3419.02775
      474.00000     3124.93089     3207.93985     3326.34687     3347.41754     3417.61469     3418.11162
      475.00000     3125.37293     3207.85561     3325.79049     3346.97549     3416.84224     3417.19135
      476.00000     3125.81898     3207.77315     3325.23268     3346.52942     3416.06368     3416.26687
      477.00000     3126.26912     3207.69252     3324.67345     3346.07926     3415.27891     3415.33815
      478.00000     3126.72345     3207.61376     3324.11279     3345.62491     3414.40511     3414.48779
      479.00000     3127.18205     3207.53695     3323.55069     3345.16629     3413.46771     3413.69020
      480.00000     3127.64501     3207.46212     3322.98716     3344.70331     3412.52588     3412.88602
      481.00000     3128.11243     3207.38936     3322.42218     3344.23587     3411.57957     3412.07510
      482.00000     3128.58441     3207.31871     3321.85576     3343.76387     3410.62870     3411.25732
      483.00000     3129.06105     3207.25025     3321.28789     3343.28722     3409.67323     3410.43252
      484.00000     3129.54245     3207.18404     3320.71858     3342.80579     3408.71307     3409.60055
      485.00000     3130.02873     3207.12016     3320.14781     3342.31949     3407.74817     3408.76127
      486.00000     3130.52000     3207.05868     3319.57560     3341.82820     3406.77846     3407.91450
      487.00000     3131.01638     3206.99967     3319.00193     3341.33180     3405.80385     3407.06010
      488.00000     3131.51800     3206.94322     3318.42681     3340.83016     3404.82428     3406.19787
      489.00000     3132.02497     3206.88942     3317.85024     3340.32317     3403.83968     3405.32765
      490.00000     3132.53744     3206.83834     3317.27221     3339.81067     3402.84995     3404.44924
      491.00000     3133.05554     3206.79008     3316.69274     3339.29255     3401.85503     3403.56246
      492.00000     3133.57943     3206.74474     3316.11181     3338.76864     3400.85482     3402.66710
      493.00000     3134.10924     3206.70242     3315.52944     3338.23880     3399.84924     3401.76294
      494.00000     3134.64514     3206.66321     3314.94562     3337.70288     3398.83820     3400.84979
      495.00000     3135.18730     3206.62724     3314.36036     3337.16070     3397.82160     3399.92739
      496.00000     3135.73588     3206.59462     3313.77366     3336.61209     3396.79936     3398.99553
      497.00000     3136.29106     3206.56546     3313.18553     3336.05688     3395.77137     3398.05394
      498.00000     3136.85304     3206.53990     3312.59598     3335.49488     3394.73753     3397.10237
      499.00000     3137.42201     3206.51806     3312.00501     3334.92589     3393.69773     3396.14055
      500.00000     3137.99817     3206.50009     3311.41263     3334.34970     3392.65187     3395.16819
      501.00000     3138.58174     3206.48613     3310.81886     3333.76610     3391.59982     3394.18500
      502.00000     3139.17296     3206.47634     3310.22370     3333.17486     3390.54147     3393.19067
      503.00000     3139.77205     3206.47088     3309.62716     3332.57573     3389.47669     3392.18487
      504.00000     3140.37927     3206.46993     3309.02927     3331.96848     3388.40537     3391.16726
      505.00000     3140.99488     3206.47366     3308.43004     3331.35284     3387.32735     3390.13747
      506.00000     3141.61917     3206.48226     3307.82950     3330.72852     3386.24251     3389.09513
      507.00000     3142.25242     3206.49595     3307.22765     3330.09524     3385.15070     3388.03983
      508.00000     3142.89494     3206.51494     3306.62453     3329.45269     3384.05177     3386.97117
      509.00000     3143.54707     3206.53945     3306.02016     3328.80053     3382.94556     3385.88869
      510.00000     3144.20914     3206.56972     3305.41458     3328.13842     3381.83191     3384.79192
      511.00000     3144.88153     3206.60603     3304.80781     3327.46600     3380.71065     3383.68037
      512.00000     3145.56463     3206.64863     3304.19991     3326.78286     3379.58159     3382.55352
      513.00000     3146.25885     3206.69783     3303.59090     3326.08861     3378.44455     3381.41080
      514.00000     3146.96462     3206.75393     3302.98084     3325.38280     3377.29934     3380.25163
      515.00000     3147.68243     3206.81728     3302.36978     3324.66495     3376.14574     3379.07536
      516.00000     3148.41277     3206.88822     3301.75779     3323.93458     3374.98354     3377.88135
      517.00000     3149.15617     3206.96716     3301.14491     3323.19114     3373.81251     3376.66886
      518.00000     3149.91321     3207.05448     3300.53124     3322.43406     3372.63241     3375.43713
      519.00000     3150.68451     3207.15066     3299.91686     3321.66272     3371.44298     3374.18535
      520.00000     3151.47072     3207.25615     3299.30184     3320.87647     3370.24397     3372.91264
      521.00000     3152.27255     3207.37149     3298.68631     3320.07459     3369.03509     3371.61805
      522.00000     3153.09078     3207.49724     3298.07037     3319.25631     3367.81604     3370.30057
      523.00000     3153.92624     3207.63400     3297.45416     3318.42081     3366.58651     3368.95910
      524.00000     3154.77982     3207.78245     3296.83782     3317.56718     3365.34615     3367.59246
      525.00000     3155.65250     3207.94330     3296.22152     3316.69445     3364.09462     3366.19936
      526.00000     3156.54535     3208.11735     3295.60544     3315.80155     3362.83152     3364.77840
      527.00000     3157.45954     3208.30548     3294.98980     3314.88731     3361.55647     3363.32806
      528.00000     3158.39635     3208.50865     3294.37483     3313.95045     3360.26902     3361.84667
      529.00000     3159.35717     3208.72791     3293.76081     3312.98957     3358.96871     3360.33240
      530.00000     3160.34356     3208.96444     3293.14805     3312.00312     3357.65504     3358.78324
      531.00000     3161.35724     3209.21956     3292.53691     3310.98938     3356.32747     3357.19696
      532.00000     3162.40013     3209.49472     3291.92779     3309.94644     3354.98543     3355.57109
      533.00000     3163.47436     3209.79158     3291.32117     3308.87215     3353.62829     3353.90288
      534.00000     3164.58233     3210.11198     3290.71760     3307.76411     3352.18925     3352.25537
      535.00000     3165.72675     3210.45804     3290.11773     3306.61962     3350.42672     3350.86592
      536.00000     3166.91070     3210.83216     3289.52229     3305.43560     3348.61136     3349.45915
      537.00000     3168.13770     3211.23711     3288.93218     3304.20853     3346.73871     3348.03417
      538.00000     3169.41180     3211.67607     3288.34846     3302.93435     3344.80363     3346.59001
      539.00000     3170.73770     3212.15279     3287.77238     3301.60837     3342.80018     3345.12558
      540.00000     3172.12089     3212.67165     3287.20548     3300.22510     3340.72143     3343.63970
      541.00000     3173.56788     3213.23788     3286.64962     3298.77803     3338.55925     3342.13105
      542.00000     3175.08643     3213.85776     3286.10710     3297.25939     3336.30393     3340.59813
      543.00000     3176.68595     3214.53894     3285.58081     3295.65977     3333.94376     3339.03928
      544.00000     3178.37800     3215.29091     3285.07441     3293.96763     3331.46442     3337.45260
      545.00000     3180.17704     3216.12561     3284.59265     3292.16848     3328.84810     3335.83595
      546.00000     3182.10154     3217.05837     3284.14180     3290.24388     3326.07213     3334.18688
      547.00000     3184.17565     3218.10947     3283.73038     3288.16965     3323.10706     3332.50260
      548.00000     3186.43200     3219.30649     3283.37031     3285.91317     3319.91329     3330.77992
      549.00000     3188.91636     3220.68847     3283.07901     3283.42868     3316.43568     3329.01526
      550.00000     3191.69625     3222.31360     3280.64865     3282.88321     3312.59341     3327.20480
      551.00000     3194.87834     3224.27483     3277.46640     3282.82708     3308.25980     3325.34506
      552.00000     3198.64875     3226.73633     3273.69582     3282.99143     3303.21590     3323.43502
      553.00000     3203.38763     3230.03848     3268.95674     3283.55064     3297.01938     3321.48484
      554.00000     3210.14722     3235.14162     3262.19693     3285.02121     3288.46424     3319.55994
      555.00000     3236.17187     3236.17187     3258.86405     3258.86405     3297.85807     3297.85807
