           1  -1311.53202813906                0
           1  -1311.53202813906                1
 
           2  -956.904025220383                0
           2  -956.904025220383                1
 
           3  -655.002936096388                0
           3  -655.002936096388                1
 
           4  -293.365414925515                0
           4  -293.365414925515                1
 
           5   141.006888664567                0
           5   141.006888664567                1
 
           6   673.191076077048                0
           6   673.191076077048                1
 
           7   904.732753532278                0
           7   904.732753532278                1
 
           8   1060.64121196308                0
           8   1060.64121196308                1
 
           9   1208.53364350297                0
           9   1208.53364350297                1
 
          10   1362.20894513186                0
          10   1362.20894513186                1
 
          11   1527.68241207393                0
          11   1527.68241207393                1
 
          12   1609.43783781994                0
          12   1609.43783781994                1
 
          13   1708.60689330716                0
          13   1708.60689330716                1
 
          14   1802.83097414043                0
          14   1802.83097414043                1
 
          15   3099.19810258492                0
          15   3099.19810258492                1
 
          16   3351.06541808568                0
          16   3351.06541808568                1
 
          17   3498.64739216883                0
          17   3498.64739216883                1
 
          18   3555.96900601173                0
          18   3555.96900601173                1
 
          19   3571.24318939917                0
          19   3571.24318939917                1
 
          20   3629.97505960898                0
          20   3629.97505960898                1
 
          21   3680.65067573956                0
          21   3680.65067573956                1
 
          22   3685.62943453642                0
          22   3685.62943453642                1
 
          23   3764.77042840348                0
          23   3764.77042840348                1
 
          24   3768.78306162931                0
          24   3768.78306162931                1
 
