     0.0000000000     0.0000000000     0.0000000000     0.0000000000
     0.0040071335     0.0016238323     0.0016238323     0.0001655492
     0.0080142670     0.0064951458     0.0064951458     0.0006621795
     0.0120214005     0.0146133894     0.0146133894     0.0014898394
     0.0160285339     0.0259776450     0.0259776450     0.0026484431
     0.0200356674     0.0405866275     0.0405866275     0.0041378703
     0.0240428009     0.0584386843     0.0584386843     0.0059579664
     0.0280499344     0.0795317961     0.0795317961     0.0081085425
     0.0320570679     0.1038635765     0.1038635765     0.0105893753
     0.0360642014     0.1314312722     0.1314312722     0.0134002074
     0.0400713349     0.1622317633     0.1622317633     0.0165407467
     0.0440784684     0.1962615633     0.1962615633     0.0200106673
     0.0480856018     0.2335168195     0.2335168195     0.0238096086
     0.0520927353     0.2739933128     0.2739933128     0.0279371760
     0.0560998688     0.3176864582     0.3176864582     0.0323929405
     0.0601070023     0.3645913050     0.3645913050     0.0371764391
     0.0641141358     0.4147025369     0.4147025369     0.0422871745
     0.0681212693     0.4680144723     0.4680144723     0.0477246151
     0.0721284028     0.5245210648     0.5245210648     0.0534881954
     0.0761355362     0.5842159034     0.5842159034     0.0595773157
     0.0801426697     0.6470922125     0.6470922125     0.0659913422
     0.0841498032     0.7131428527     0.7131428527     0.0727296070
     0.0881569367     0.7823603211     0.7823603211     0.0797914084
     0.0921640702     0.8547367513     0.8547367513     0.0871760106
     0.0961712037     0.9302639143     0.9302639143     0.0948826437
     0.1001783372     1.0089332186     1.0089332186     0.1029105044
     0.1041854707     1.0907357111     1.0907357111     0.1112587550
     0.1081926041     1.1756620768     1.1756620768     0.1199265244
     0.1121997376     1.2637026402     1.2637026402     0.1289129076
     0.1162068711     1.3548473652     1.3548473652     0.1382169658
     0.1202140046     1.4490858559     1.4490858559     0.1478377269
     0.1242211381     1.5464073573     1.5464073573     0.1577741848
     0.1282282716     1.6468007556     1.6468007556     0.1680253001
     0.1322354051     1.7502545792     1.7502545792     0.1785900000
     0.1362425385     1.8567569991     1.8567569991     0.1894671781
     0.1402496720     1.9662958296     1.9662958296     0.2006556948
     0.1442568055     2.0788585293     2.0788585293     0.2121543772
     0.1482639390     2.1944322015     2.1944322015     0.2239620192
     0.1522710725     2.3130035953     2.3130035953     0.2360773815
     0.1562782060     2.4345591063     2.4345591063     0.2484991919
     0.1602853395     2.5590847774     2.5590847774     0.2612261451
     0.1642924730     2.6865662996     2.6865662996     0.2742569029
     0.1682996064     2.8169890133     2.8169890133     0.2875900946
     0.1723067399     2.9503379088     2.9503379088     0.3012243164
     0.1763138734     3.0865976278     3.0865976278     0.3151581321
     0.1803210069     3.2257524638     3.2257524638     0.3293900730
     0.1843281404     3.3677863637     3.3677863637     0.3439186378
     0.1883352739     3.5126829288     3.5126829288     0.3587422931
     0.1923424074     3.6604254158     3.6604254158     0.3738594732
     0.1963495408     3.8109967379     3.8109967379     0.3892685802
     0.2003566743     3.9643794666     3.9643794666     0.4049679845
     0.2043638078     4.1205558321     4.1205558321     0.4209560243
     0.2083709413     4.2795077256     4.2795077256     0.4372310062
     0.2123780748     4.4412166998     4.4412166998     0.4537912052
     0.2163852083     4.6056639708     4.6056639708     0.4706348649
     0.2203923418     4.7728304195     4.7728304195     0.4877601973
     0.2243994753     4.9426965930     4.9426965930     0.5051653835
     0.2284066087     5.1152427063     5.1152427063     0.5228485731
     0.2324137422     5.2904486436     5.2904486436     0.5408078851
     0.2364208757     5.4682939604     5.4682939604     0.5590414078
     0.2404280092     5.6487578848     5.6487578848     0.5775471985
     0.2444351427     5.8318193198     5.8318193198     0.5963232843
     0.2484422762     6.0174568445     6.0174568445     0.6153676621
     0.2524494097     6.2056487163     6.2056487163     0.6346782983
     0.2564565432     6.3963728728     6.3963728728     0.6542531298
     0.2604636766     6.5896069340     6.5896069340     0.6740900633
     0.2644708101     6.7853282039     6.7853282039     0.6941869763
     0.2684779436     6.9835136730     6.9835136730     0.7145417167
     0.2724850771     7.1841400205     7.1841400205     0.7351521032
     0.2764922106     7.3871836160     7.3871836160     0.7560159255
     0.2804993441     7.5926205228     7.5926205228     0.7771309446
     0.2845064776     7.8004264991     7.8004264991     0.7984948928
     0.2885136110     8.0105770015     8.0105770015     0.8201054743
     0.2925207445     8.2230471867     8.2230471867     0.8419603648
     0.2965278780     8.4378119146     8.4378119146     0.8640572123
     0.3005350115     8.6548457509     8.6548457509     0.8863936372
     0.3045421450     8.8741229695     8.8741229695     0.9089672324
     0.3085492785     9.0956175556     9.0956175556     0.9317755636
     0.3125564120     9.3193032085     9.3193032085     0.9548161696
     0.3165635455     9.5451533444     9.5451533444     0.9780865626
     0.3205706789     9.7731410997     9.7731410997     1.0015842283
     0.3245778124    10.0032393339    10.0032393339     1.0253066264
     0.3285849459    10.2354206330    10.2354206330     1.0492511907
     0.3325920794    10.4696573123    10.4696573123     1.0734153295
     0.3365992129    10.7059214204    10.7059214204     1.0977964258
     0.3406063464    10.9441847420    10.9441847420     1.1223918379
     0.3446134799    11.1844188020    11.1844188020     1.1471988991
     0.3486206133    11.4265948685    11.4265948685     1.1722149185
     0.3526277468    11.6706839569    11.6706839569     1.1974371815
     0.3566348803    11.9166568337    11.9166568337     1.2228629494
     0.3606420138    12.1644840201    12.1644840201     1.2484894605
     0.3646491473    12.4141357959    12.4141357959     1.2743139301
     0.3686562808    12.6655822040    12.6655822040     1.3003335506
     0.3726634143    12.9187930540    12.9187930540     1.3265454926
     0.3766705478    13.1737379268    13.1737379268     1.3529469044
     0.3806776812    13.4303861786    13.4303861786     1.3795349130
     0.3846848147    13.6887069457    13.6887069457     1.4063066243
     0.3886919482    13.9486691485    13.9486691485     1.4332591233
     0.3926990817    14.2102414965    14.2102414965     1.4603894750
     0.3967062152    14.4733924928    14.4733924928     1.4876947240
     0.4007133487    14.7380904390    14.7380904390     1.5151718959
     0.4047204822    15.0043034399    15.0043034399     1.5428179970
     0.4087276156    15.2719994086    15.2719994086     1.5706300148
     0.4127347491    15.5411460715    15.5411460715     1.5986049188
     0.4167418826    15.8117109737    15.8117109737     1.6267396608
     0.4207490161    16.0836614839    16.0836614839     1.6550311753
     0.4247561496    16.3569648001    16.3569648001     1.6834763796
     0.4287632831    16.6315879546    16.6315879546     1.7120721753
     0.4327704166    16.9074978204    16.9074978204     1.7408154476
     0.4367775501    17.1846611157    17.1846611157     1.7697030665
     0.4407846835    17.4630444109    17.4630444109     1.7987318872
     0.4447918170    17.7426141332    17.7426141332     1.8278987504
     0.4487989505    18.0233365737    18.0233365737     1.8572004832
     0.4528060840    18.3051778927    18.3051778927     1.8866338990
     0.4568132175    18.5881041259    18.5881041259     1.9161957987
     0.4608203510    18.8720811912    18.8720811912     1.9458829707
     0.4648274845    19.1570748942    19.1570748942     1.9756921921
     0.4688346179    19.4430509353    19.4430509353     2.0056202283
     0.4728417514    19.7299749159    19.7299749159     2.0356638346
     0.4768488849    20.0178123451    20.0178123451     2.0658197559
     0.4808560184    20.3065286465    20.3065286465     2.0960847280
     0.4848631519    20.5960891645    20.5960891645     2.1264554776
     0.4888702854    20.8864591720    20.8864591720     2.1569287232
     0.4928774189    21.1776038766    21.1776038766     2.1875011758
     0.4968845524    21.4694884282    21.4694884282     2.2181695392
     0.5008916858    21.7620779258    21.7620779258     2.2489305107
     0.5048988193    22.0553374249    22.0553374249     2.2797807820
     0.5089059528    22.3492319446    22.3492319446     2.3107170394
     0.5129130863    22.6437264754    22.6437264754     2.3417359649
     0.5169202198    22.9387859861    22.9387859861     2.3728342365
     0.5209273533    23.2343754317    23.2343754317     2.4040085289
     0.5249344868    23.5304597611    23.5304597611     2.4352555142
     0.5289416202    23.8270039244    23.8270039244     2.4665718626
     0.5329487537    24.1239728809    24.1239728809     2.4979542432
     0.5369558872    24.4213316069    24.4213316069     2.5293993242
     0.5409630207    24.7190451034    24.7190451034     2.5609037740
     0.5449701542    25.0170784044    25.0170784044     2.5924642620
     0.5489772877    25.3153965843    25.3153965843     2.6240774588
     0.5529844212    25.6139647667    25.6139647667     2.6557400372
     0.5569915547    25.9127481317    25.9127481317     2.6874486729
     0.5609986881    26.2117119245    26.2117119245     2.7192000451
     0.5650058216    26.5108214636    26.5108214636     2.7509908372
     0.5690129551    26.8100421489    26.8100421489     2.7828177377
     0.5730200886    27.1093394698    27.1093394698     2.8146774406
     0.5770272221    27.4086790137    27.4086790137     2.8465666465
     0.5810343556    27.7080264743    27.7080264743     2.8784820628
     0.5850414891    28.0073476599    28.0073476599     2.9104204050
     0.5890486225    28.3066085017    28.3066085017     2.9423783970
     0.5930557560    28.6057750622    28.6057750622     2.9743527719
     0.5970628895    28.9048135435    28.9048135435     3.0063402729
     0.6010700230    29.2036902960    29.2036902960     3.0383376537
     0.6050771565    29.5023718263    29.5023718263     3.0703416796
     0.6090842900    29.8008248061    29.8008248061     3.1023491281
     0.6130914235    30.0990160802    30.0990160802     3.1343567893
     0.6170985570    30.3969126748    30.3969126748     3.1663614671
     0.6211056904    30.6944818063    30.6944818063     3.1983599797
     0.6251128239    30.9916908893    30.9916908893     3.2303491600
     0.6291199574    31.2885075448    31.2885075448     3.2623258571
     0.6331270909    31.5848996086    31.5848996086     3.2942869363
     0.6371342244    31.8808351397    31.8808351397     3.3262292800
     0.6411413579    32.1762824281    32.1762824281     3.3581497885
     0.6451484914    32.4712100031    32.4712100031     3.3900453809
     0.6491556248    32.7655866416    32.7655866416     3.4219129951
     0.6531627583    33.0593813756    33.0593813756     3.4537495893
     0.6571698918    33.3525635006    33.3525635006     3.4855521422
     0.6611770253    33.6451025832    33.6451025832     3.5173176540
     0.6651841588    33.9369684692    33.9369684692     3.5490431466
     0.6691912923    34.2281312908    34.2281312908     3.5807256647
     0.6731984258    34.5185614748    34.5185614748     3.6123622764
     0.6772055593    34.8082297496    34.8082297496     3.6439500736
     0.6812126927    35.0971071532    35.0971071532     3.6754861729
     0.6852198262    35.3851650398    35.3851650398     3.7069677163
     0.6892269597    35.6723750876    35.6723750876     3.7383918714
     0.6932340932    35.9587093059    35.9587093059     3.7697558324
     0.6972412267    36.2441400416    36.2441400416     3.8010568208
     0.7012483602    36.5286399864    36.5286399864     3.8322920855
     0.7052554937    36.8121821834    36.8121821834     3.8634589038
     0.7092626271    37.0947400337    37.0947400337     3.8945545820
     0.7132697606    37.3762873031    37.3762873031     3.9255764556
     0.7172768941    37.6567981276    37.6567981276     3.9565218901
     0.7212840276    37.9362470205    37.9362470205     3.9873882818
     0.7252911611    38.2146088777    38.2146088777     4.0181730576
     0.7292982946    38.4918589837    38.4918589837     4.0488736762
     0.7333054281    38.7679730173    38.7679730173     4.0794876284
     0.7373125616    39.0429270571    39.0429270571     4.1100124373
     0.7413196950    39.3166975865    39.3166975865     4.1404456592
     0.7453268285    39.5892614991    39.5892614991     4.1707848838
     0.7493339620    39.8605961036    39.8605961036     4.2010277346
     0.7533410955    40.1306791284    40.1306791284     4.2311718694
     0.7573482290    40.3994887259    40.3994887259     4.2612149808
     0.7613553625    40.6670034775    40.6670034775     4.2911547966
     0.7653624960    40.9332023970    40.9332023970     4.3209890798
     0.7693696295    41.1980649352    41.1980649352     4.3507156294
     0.7733767629    41.4615709830    41.4615709830     4.3803322807
     0.7773838964    41.7237008752    41.7237008752     4.4098369052
     0.7813910299    41.9844353938    41.9844353938     4.4392274114
     0.7853981634    42.2437557711    42.2437557711     4.4685017449
     0.7894052969    42.5016436925    42.5016436925     4.4976578884
     0.7934124304    42.7580812989    42.7580812989     4.5266938626
     0.7974195639    43.0130511895    43.0130511895     4.5556077257
     0.8014266973    43.2665364237    43.2665364237     4.5843975740
     0.8054338308    43.5185205233    43.5185205233     4.6130615422
     0.8094409643    43.7689874738    43.7689874738     4.6415978032
     0.8134480978    44.0179217264    44.0179217264     4.6700045687
     0.8174552313    44.2653081988    44.2653081988     4.6982800889
     0.8214623648    44.5111322765    44.5111322765     4.7264226528
     0.8254694983    44.7553798136    44.7553798136     4.7544305885
     0.8294766318    44.9980371331    44.9980371331     4.7823022631
     0.8334837652    45.2390910276    45.2390910276     4.8100360824
     0.8374908987    45.4785287590    45.4785287590     4.8376304918
     0.8414980322    45.7163380587    45.7163380587     4.8650839753
     0.8455051657    45.9525071270    45.9525071270     4.8923950566
     0.8495122992    46.1870246325    46.1870246325     4.9195622979
     0.8535194327    46.4198797114    46.4198797114     4.9465843009
     0.8575265662    46.6510619665    46.6510619665     4.9734597060
     0.8615336996    46.8805614656    46.8805614656     5.0001871928
     0.8655408331    47.1083687401    47.1083687401     5.0267654796
     0.8695479666    47.3344747836    47.3344747836     5.0531933234
     0.8735551001    47.5588710493    47.5588710493     5.0794695199
     0.8775622336    47.7815494485    47.7815494485     5.1055929031
     0.8815693671    48.0025023477    48.0025023477     5.1315623454
     0.8855765006    48.2217225662    48.2217225662     5.1573767573
     0.8895836341    48.4392033733    48.4392033733     5.1830350872
     0.8935907675    48.6549384852    48.6549384852     5.2085363211
     0.8975979010    48.8689220618    48.8689220618     5.2338794826
     0.9016050345    49.0811487031    49.0811487031     5.2590636323
     0.9056121680    49.2916134462    49.2916134462     5.2840878679
     0.9096193015    49.5003117606    49.5003117606     5.3089513236
     0.9136264350    49.7072395447    49.7072395447     5.3336531700
     0.9176335685    49.9123931216    49.9123931216     5.3581926139
     0.9216407019    50.1157692349    50.1157692349     5.3825688976
     0.9256478354    50.3173650434    50.3173650434     5.4067812988
     0.9296549689    50.5171781175    50.5171781175     5.4308291303
     0.9336621024    50.7152064333    50.7152064333     5.4547117393
     0.9376692359    50.9114483683    50.9114483683     5.4784285076
     0.9416763694    51.1059026958    51.1059026958     5.5019788505
     0.9456835029    51.2985685798    51.2985685798     5.5253622171
     0.9496906364    51.4894455692    51.4894455692     5.5485780891
     0.9536977698    51.6785335927    51.6785335927     5.5716259812
     0.9577049033    51.8658329524    51.8658329524     5.5945054400
     0.9617120368    52.0513443187    52.0513443187     5.6172160439
     0.9657191703    52.2350687234    52.2350687234     5.6397574024
     0.9697263038    52.4170075544    52.4170075544     5.6621291559
     0.9737334373    52.5971625490    52.5971625490     5.6843309750
     0.9777405708    52.7755357877    52.7755357877     5.7063625601
     0.9817477042    52.9521296878    52.9521296878     5.7282236409
     0.9857548377    53.1269469968    53.1269469968     5.7499139757
     0.9897619712    53.2999907861    53.2999907861     5.7714333513
     0.9937691047    53.4712644436    53.4712644436     5.7927815821
     0.9977762382    53.6407716679    53.6407716679     5.8139585097
     1.0017833717    53.8085164606    53.8085164606     5.8349640025
     1.0057905052    53.9745031199    53.9745031199     5.8557979549
     1.0097976387    54.1387362337    54.1387362337     5.8764602869
     1.0138047721    54.3012206722    54.3012206722     5.8969509435
     1.0178119056    54.4619615812    54.4619615812     5.9172698944
     1.0218190391    54.6209643748    54.6209643748     5.9374171331
     1.0258261726    54.7782347285    54.7782347285     5.9573926763
     1.0298333061    54.9337785718    54.9337785718     5.9771965638
     1.0338404396    55.0876020811    55.0876020811     5.9968288575
     1.0378475731    55.2397116728    55.2397116728     6.0162896411
     1.0418547065    55.3901139957    55.3901139957     6.0355790192
     1.0458618400    55.5388159238    55.5388159238     6.0546971171
     1.0498689735    55.6858245495    55.6858245495     6.0736440802
     1.0538761070    55.8311471759    55.8311471759     6.0924200732
     1.0578832405    55.9747913100    55.9747913100     6.1110252795
     1.0618903740    56.1167646551    56.1167646551     6.1294599011
     1.0658975075    56.2570751041    56.2570751041     6.1477241574
     1.0699046410    56.3957307319    56.3957307319     6.1658182854
     1.0739117744    56.5327397886    56.5327397886     6.1837425382
     1.0779189079    56.6681106925    56.6681106925     6.2014971852
     1.0819260414    56.8018520224    56.8018520224     6.2190825114
     1.0859331749    56.9339725115    56.9339725115     6.2364988166
     1.0899403084    57.0644810396    57.0644810396     6.2537464150
     1.0939474419    57.1933866268    57.1933866268     6.2708256346
     1.0979545754    57.3206984263    57.3206984263     6.2877368168
     1.1019617088    57.4464257178    57.4464257178     6.3044803157
     1.1059688423    57.5705779004    57.5705779004     6.3210564978
     1.1099759758    57.6931644863    57.6931644863     6.3374657412
     1.1139831093    57.8141950941    57.8141950941     6.3537084351
     1.1179902428    57.9336794420    57.9336794420     6.3697849796
     1.1219973763    58.0516273416    58.0516273416     6.3856957847
     1.1260045098    58.1680486913    58.1680486913     6.4014412705
     1.1300116433    58.2829534701    58.2829534701     6.4170218657
     1.1340187767    58.3963517314    58.3963517314     6.4324380083
     1.1380259102    58.5082535967    58.5082535967     6.4476901439
     1.1420330437    58.6186692496    58.6186692496     6.4627787264
     1.1460401772    58.7276089296    58.7276089296     6.4777042165
     1.1500473107    58.8350829268    58.8350829268     6.4924670820
     1.1540544442    58.9411015753    58.9411015753     6.5070677968
     1.1580615777    59.0456752480    59.0456752480     6.5215068409
     1.1620687111    59.1488143510    59.1488143510     6.5357846996
     1.1660758446    59.2505293178    59.2505293178     6.5499018634
     1.1700829781    59.3508306040    59.3508306040     6.5638588271
     1.1740901116    59.4497286820    59.4497286820     6.5776560900
     1.1780972451    59.5472340357    59.5472340357     6.5912941550
     1.1821043786    59.6433571557    59.6433571557     6.6047735285
     1.1861115121    59.7381085337    59.7381085337     6.6180947197
     1.1901186456    59.8314986581    59.8314986581     6.6312582405
     1.1941257790    59.9235380089    59.9235380089     6.6442646052
     1.1981329125    60.0142370530    60.0142370530     6.6571143295
     1.2021400460    60.1036062399    60.1036062399     6.6698079312
     1.2061471795    60.1916559967    60.1916559967     6.6823459287
     1.2101543130    60.2783967243    60.2783967243     6.6947288417
     1.2141614465    60.3638387924    60.3638387924     6.7069571899
     1.2181685800    60.4479925360    60.4479925360     6.7190314936
     1.2221757135    60.5308682508    60.5308682508     6.7309522726
     1.2261828469    60.6124761896    60.6124761896     6.7427200465
     1.2301899804    60.6928265582    60.6928265582     6.7543353339
     1.2341971139    60.7719295117    60.7719295117     6.7657986526
     1.2382042474    60.8497951508    60.8497951508     6.7771105188
     1.2422113809    60.9264335184    60.9264335184     6.7882714473
     1.2462185144    61.0018545958    61.0018545958     6.7992819508
     1.2502256479    61.0760682997    61.0760682997     6.8101425402
     1.2542327813    61.1490844789    61.1490844789     6.8208537237
     1.2582399148    61.2209129107    61.2209129107     6.8314160071
     1.2622470483    61.2915632986    61.2915632986     6.8418298932
     1.2662541818    61.3610452685    61.3610452685     6.8520958818
     1.2702613153    61.4293683666    61.4293683666     6.8622144693
     1.2742684488    61.4965420560    61.4965420560     6.8721861488
     1.2782755823    61.5625757146    61.5625757146     6.8820114094
     1.2822827158    61.6274786319    61.6274786319     6.8916907366
     1.2862898492    61.6912600071    61.6912600071     6.9012246116
     1.2902969827    61.7539289463    61.7539289463     6.9106135113
     1.2943041162    61.8154944604    61.8154944604     6.9198579085
     1.2983112497    61.8759654626    61.8759654626     6.9289582709
     1.3023183832    61.9353507666    61.9353507666     6.9379150617
     1.3063255167    61.9936590846    61.9936590846     6.9467287392
     1.3103326502    62.0508990247    62.0508990247     6.9553997566
     1.3143397836    62.1070790897    62.1070790897     6.9639285618
     1.3183469171    62.1622076750    62.1622076750     6.9723155974
     1.3223540506    62.2162930669    62.2162930669     6.9805613006
     1.3263611841    62.2693434409    62.2693434409     6.9886661030
     1.3303683176    62.3213668600    62.3213668600     6.9966304304
     1.3343754511    62.3723712737    62.3723712737     7.0044547028
     1.3383825846    62.4223645158    62.4223645158     7.0121393344
     1.3423897181    62.4713543037    62.4713543037     7.0196847332
     1.3463968515    62.5193482366    62.5193482366     7.0270913013
     1.3504039850    62.5663537948    62.5663537948     7.0343594345
     1.3544111185    62.6123783377    62.6123783377     7.0414895223
     1.3584182520    62.6574291037    62.6574291037     7.0484819478
     1.3624253855    62.7015132084    62.7015132084     7.0553370879
     1.3664325190    62.7446376437    62.7446376437     7.0620553126
     1.3704396525    62.7868092773    62.7868092773     7.0686369857
     1.3744467859    62.8280348513    62.8280348513     7.0750824642
     1.3784539194    62.8683209817    62.8683209817     7.0813920985
     1.3824610529    62.9076741574    62.9076741574     7.0875662321
     1.3864681864    62.9461007395    62.9461007395     7.0936052021
     1.3904753199    62.9836069610    62.9836069610     7.0995093383
     1.3944824534    63.0201989254    63.0201989254     7.1052789639
     1.3984895869    63.0558826068    63.0558826068     7.1109143952
     1.4024967204    63.0906638492    63.0906638492     7.1164159415
     1.4065038538    63.1245483655    63.1245483655     7.1217839052
     1.4105109873    63.1575417378    63.1575417378     7.1270185815
     1.4145181208    63.1896494163    63.1896494163     7.1321202589
     1.4185252543    63.2208767191    63.2208767191     7.1370892185
     1.4225323878    63.2512288321    63.2512288321     7.1419257347
     1.4265395213    63.2807108083    63.2807108083     7.1466300745
     1.4305466548    63.3093275677    63.3093275677     7.1512024979
     1.4345537882    63.3370838969    63.3370838969     7.1556432579
     1.4385609217    63.3639844489    63.3639844489     7.1599526002
     1.4425680552    63.3900337428    63.3900337428     7.1641307636
     1.4465751887    63.4152361639    63.4152361639     7.1681779794
     1.4505823222    63.4395959630    63.4395959630     7.1720944720
     1.4545894557    63.4631172567    63.4631172567     7.1758804587
     1.4585965892    63.4858040270    63.4858040270     7.1795361494
     1.4626037227    63.5076601214    63.5076601214     7.1830617471
     1.4666108561    63.5286892524    63.5286892524     7.1864574475
     1.4706179896    63.5488949979    63.5488949979     7.1897234390
     1.4746251231    63.5682808008    63.5682808008     7.1928599030
     1.4786322566    63.5868499690    63.5868499690     7.1958670139
     1.4826393901    63.6046056754    63.6046056754     7.1987449386
     1.4866465236    63.6215509578    63.6215509578     7.2014938370
     1.4906536571    63.6376887191    63.6376887191     7.2041138619
     1.4946607905    63.6530217269    63.6530217269     7.2066051588
     1.4986679240    63.6675526136    63.6675526136     7.2089678663
     1.5026750575    63.6812838768    63.6812838768     7.2112021156
     1.5066821910    63.6942178787    63.6942178787     7.2133080310
     1.5106893245    63.7063568464    63.7063568464     7.2152857294
     1.5146964580    63.7177028721    63.7177028721     7.2171353207
     1.5187035915    63.7282579126    63.7282579126     7.2188569078
     1.5227107250    63.7380237898    63.7380237898     7.2204505864
     1.5267178584    63.7470021907    63.7470021907     7.2219164449
     1.5307249919    63.7551946668    63.7551946668     7.2232545650
     1.5347321254    63.7626026351    63.7626026351     7.2244650209
     1.5387392589    63.7692273772    63.7692273772     7.2255478799
     1.5427463924    63.7750700398    63.7750700398     7.2265032022
     1.5467535259    63.7801316349    63.7801316349     7.2273310409
     1.5507606594    63.7844130393    63.7844130393     7.2280314419
     1.5547677928    63.7879149948    63.7879149948     7.2286044443
     1.5587749263    63.7906381085    63.7906381085     7.2290500798
     1.5627820598    63.7925828525    63.7925828525     7.2293683731
     1.5667891933    63.7937495641    63.7937495641     7.2295593421
     1.5707963268    63.7941384454    63.7941384454     7.2296229972
