        0.00000        0.92113        0.07589        0.00299        0.00000        0.00000        0.00000        1.00000
        1.00000        0.92113        0.07589        0.00299        0.00000        0.00000        0.00000        1.00000
        2.00000        0.92113        0.07588        0.00299        0.00000        0.00000        0.00000        1.00000
        3.00000        0.92113        0.07588        0.00299        0.00000        0.00000        0.00000        1.00000
        4.00000        0.92114        0.07588        0.00298        0.00000        0.00000        0.00000        1.00000
        5.00000        0.92114        0.07588        0.00298        0.00000        0.00000        0.00000        1.00000
        6.00000        0.92114        0.07587        0.00298        0.00000        0.00000        0.00000        1.00000
        7.00000        0.92115        0.07587        0.00298        0.00000        0.00000        0.00000        1.00000
        8.00000        0.92115        0.07587        0.00298        0.00000        0.00000        0.00000        1.00000
        9.00000        0.92115        0.07586        0.00298        0.00000        0.00000        0.00000        1.00000
       10.00000        0.92116        0.07586        0.00298        0.00000        0.00000        0.00000        1.00000
       11.00000        0.92116        0.07585        0.00298        0.00000        0.00000        0.00000        1.00000
       12.00000        0.92117        0.07585        0.00298        0.00000        0.00000        0.00000        1.00000
       13.00000        0.92117        0.07585        0.00298        0.00000        0.00000        0.00000        1.00000
       14.00000        0.92118        0.07584        0.00298        0.00000        0.00000        0.00000        1.00000
       15.00000        0.92118        0.07584        0.00298        0.00000        0.00000        0.00000        1.00000
       16.00000        0.92119        0.07583        0.00298        0.00000        0.00000        0.00000        1.00000
       17.00000        0.92119        0.07583        0.00298        0.00000        0.00000        0.00000        1.00000
       18.00000        0.92120        0.07582        0.00298        0.00000        0.00000        0.00000        1.00000
       19.00000        0.92121        0.07581        0.00298        0.00000        0.00000        0.00000        1.00000
       20.00000        0.92121        0.07581        0.00298        0.00000        0.00000        0.00000        1.00000
       21.00000        0.92122        0.07580        0.00298        0.00000        0.00000        0.00000        1.00000
       22.00000        0.92123        0.07580        0.00298        0.00000        0.00000        0.00000        1.00000
       23.00000        0.92123        0.07579        0.00298        0.00000        0.00000        0.00000        1.00000
       24.00000        0.92124        0.07578        0.00298        0.00000        0.00000        0.00000        1.00000
       25.00000        0.92125        0.07578        0.00298        0.00000        0.00000        0.00000        1.00000
       26.00000        0.92125        0.07577        0.00298        0.00000        0.00000        0.00000        1.00000
       27.00000        0.92126        0.07576        0.00298        0.00000        0.00000        0.00000        1.00000
       28.00000        0.92127        0.07576        0.00298        0.00000        0.00000        0.00000        1.00000
       29.00000        0.92128        0.07575        0.00297        0.00000        0.00000        0.00000        1.00000
       30.00000        0.92129        0.07574        0.00297        0.00000        0.00000        0.00000        1.00000
       31.00000        0.92129        0.07573        0.00297        0.00000        0.00000        0.00000        1.00000
       32.00000        0.92130        0.07572        0.00297        0.00000        0.00000        0.00000        1.00000
       33.00000        0.92131        0.07572        0.00297        0.00000        0.00000        0.00000        1.00000
       34.00000        0.92132        0.07571        0.00297        0.00000        0.00000        0.00000        1.00000
       35.00000        0.92133        0.07570        0.00297        0.00000        0.00000        0.00000        1.00000
       36.00000        0.92134        0.07569        0.00297        0.00000        0.00000        0.00000        1.00000
       37.00000        0.92135        0.07568        0.00297        0.00000        0.00000        0.00000        1.00000
       38.00000        0.92136        0.07568        0.00297        0.00000        0.00000        0.00000        1.00000
       39.00000        0.92136        0.07567        0.00297        0.00000        0.00000        0.00000        1.00000
       40.00000        0.92137        0.07566        0.00297        0.00000        0.00000        0.00000        1.00000
       41.00000        0.92138        0.07565        0.00297        0.00000        0.00000        0.00000        1.00000
       42.00000        0.92139        0.07564        0.00297        0.00000        0.00000        0.00000        1.00000
       43.00000        0.92140        0.07563        0.00297        0.00000        0.00000        0.00000        1.00000
       44.00000        0.92141        0.07562        0.00296        0.00000        0.00000        0.00000        1.00000
       45.00000        0.92142        0.07561        0.00296        0.00000        0.00000        0.00000        1.00000
       46.00000        0.92143        0.07561        0.00296        0.00000        0.00000        0.00000        1.00000
       47.00000        0.92144        0.07560        0.00296        0.00000        0.00000        0.00000        1.00000
       48.00000        0.92145        0.07559        0.00296        0.00000        0.00000        0.00000        1.00000
       49.00000        0.92146        0.07558        0.00296        0.00000        0.00000        0.00000        1.00000
       50.00000        0.92147        0.07557        0.00296        0.00000        0.00000        0.00000        1.00000
       51.00000        0.92148        0.07556        0.00296        0.00000        0.00000        0.00000        1.00000
       52.00000        0.92149        0.07555        0.00296        0.00000        0.00000        0.00000        1.00000
       53.00000        0.92150        0.07554        0.00296        0.00000        0.00000        0.00000        1.00000
       54.00000        0.92151        0.07554        0.00296        0.00000        0.00000        0.00000        1.00000
       55.00000        0.92151        0.07553        0.00296        0.00000        0.00000        0.00000        1.00000
       56.00000        0.92152        0.07552        0.00296        0.00000        0.00000        0.00000        1.00000
       57.00000        0.92153        0.07551        0.00296        0.00000        0.00000        0.00000        1.00000
       58.00000        0.92154        0.07550        0.00296        0.00000        0.00000        0.00000        1.00000
       59.00000        0.92155        0.07550        0.00295        0.00000        0.00000        0.00000        1.00000
       60.00000        0.92156        0.07549        0.00295        0.00000        0.00000        0.00000        1.00000
       61.00000        0.92156        0.07548        0.00295        0.00000        0.00000        0.00000        1.00000
       62.00000        0.92157        0.07548        0.00295        0.00000        0.00000        0.00000        1.00000
       63.00000        0.92158        0.07547        0.00295        0.00000        0.00000        0.00000        1.00000
       64.00000        0.92158        0.07547        0.00295        0.00000        0.00000        0.00000        1.00000
       65.00000        0.92159        0.07546        0.00295        0.00000        0.00000        0.00000        1.00000
       66.00000        0.92159        0.07546        0.00295        0.00000        0.00000        0.00000        1.00000
       67.00000        0.92160        0.07545        0.00295        0.00000        0.00000        0.00000        1.00000
       68.00000        0.92160        0.07545        0.00295        0.00000        0.00000        0.00000        1.00000
       69.00000        0.92161        0.07544        0.00295        0.00000        0.00000        0.00000        1.00000
       70.00000        0.92161        0.07544        0.00295        0.00000        0.00000        0.00000        1.00000
       71.00000        0.92161        0.07544        0.00295        0.00000        0.00000        0.00000        1.00000
       72.00000        0.92162        0.07544        0.00295        0.00000        0.00000        0.00000        1.00000
       73.00000        0.92162        0.07543        0.00295        0.00000        0.00000        0.00000        1.00000
       74.00000        0.92162        0.07543        0.00295        0.00000        0.00000        0.00000        1.00000
       75.00000        0.92162        0.07543        0.00295        0.00000        0.00000        0.00000        1.00000
       76.00000        0.92162        0.07543        0.00295        0.00000        0.00000        0.00000        1.00000
       77.00000        0.92162        0.07543        0.00295        0.00000        0.00000        0.00000        1.00000
       78.00000        0.92162        0.07544        0.00295        0.00000        0.00000        0.00000        1.00000
       79.00000        0.92162        0.07544        0.00295        0.00000        0.00000        0.00000        1.00000
       80.00000        0.92161        0.07544        0.00295        0.00000        0.00000        0.00000        1.00000
       81.00000        0.92161        0.07544        0.00295        0.00000        0.00000        0.00000        1.00000
       82.00000        0.92161        0.07545        0.00295        0.00000        0.00000        0.00000        1.00000
       83.00000        0.92160        0.07545        0.00295        0.00000        0.00000        0.00000        1.00000
       84.00000        0.92160        0.07546        0.00295        0.00000        0.00000        0.00000        1.00000
       85.00000        0.92159        0.07546        0.00295        0.00000        0.00000        0.00000        1.00000
       86.00000        0.92158        0.07547        0.00295        0.00000        0.00000        0.00000        1.00000
       87.00000        0.92157        0.07548        0.00295        0.00000        0.00000        0.00000        1.00000
       88.00000        0.92157        0.07549        0.00295        0.00000        0.00000        0.00000        1.00000
       89.00000        0.92156        0.07550        0.00295        0.00000        0.00000        0.00000        1.00000
       90.00000        0.92155        0.07550        0.00295        0.00000        0.00000        0.00000        1.00000
       91.00000        0.92154        0.07552        0.00295        0.00000        0.00000        0.00000        1.00000
       92.00000        0.92153        0.07553        0.00295        0.00000        0.00000        0.00000        1.00000
       93.00000        0.92151        0.07554        0.00295        0.00000        0.00000        0.00000        1.00000
       94.00000        0.92150        0.07555        0.00295        0.00000        0.00000        0.00000        1.00000
       95.00000        0.92149        0.07556        0.00295        0.00000        0.00000        0.00000        1.00000
       96.00000        0.92147        0.07558        0.00295        0.00000        0.00000        0.00000        1.00000
       97.00000        0.92146        0.07559        0.00295        0.00000        0.00000        0.00000        1.00000
       98.00000        0.92144        0.07561        0.00295        0.00000        0.00000        0.00000        1.00000
       99.00000        0.92142        0.07562        0.00295        0.00000        0.00000        0.00000        1.00000
      100.00000        0.92141        0.07564        0.00295        0.00000        0.00000        0.00000        1.00000
      101.00000        0.92139        0.07566        0.00295        0.00000        0.00000        0.00000        1.00000
      102.00000        0.92137        0.07568        0.00295        0.00000        0.00000        0.00000        1.00000
      103.00000        0.92135        0.07570        0.00296        0.00000        0.00000        0.00000        1.00000
      104.00000        0.92133        0.07572        0.00296        0.00000        0.00000        0.00000        1.00000
      105.00000        0.92131        0.07574        0.00296        0.00000        0.00000        0.00000        1.00000
      106.00000        0.92128        0.07576        0.00296        0.00000        0.00000        0.00000        1.00000
      107.00000        0.92126        0.07578        0.00296        0.00000        0.00000        0.00000        1.00000
      108.00000        0.92124        0.07580        0.00296        0.00000        0.00000        0.00000        1.00000
      109.00000        0.92121        0.07583        0.00296        0.00000        0.00000        0.00000        1.00000
      110.00000        0.92119        0.07585        0.00296        0.00000        0.00000        0.00000        1.00000
      111.00000        0.92116        0.07588        0.00296        0.00000        0.00000        0.00000        1.00000
      112.00000        0.92113        0.07590        0.00296        0.00000        0.00000        0.00000        1.00000
      113.00000        0.92110        0.07593        0.00297        0.00000        0.00000        0.00000        1.00000
      114.00000        0.92108        0.07596        0.00297        0.00000        0.00000        0.00000        1.00000
      115.00000        0.92105        0.07598        0.00297        0.00000        0.00000        0.00000        1.00000
      116.00000        0.92102        0.07601        0.00297        0.00000        0.00000        0.00000        1.00000
      117.00000        0.92099        0.07604        0.00297        0.00000        0.00000        0.00000        1.00000
      118.00000        0.92095        0.07607        0.00297        0.00000        0.00000        0.00000        1.00000
      119.00000        0.92092        0.07610        0.00297        0.00000        0.00000        0.00000        1.00000
      120.00000        0.92089        0.07614        0.00298        0.00000        0.00000        0.00000        1.00000
      121.00000        0.92085        0.07617        0.00298        0.00000        0.00000        0.00000        1.00000
      122.00000        0.92082        0.07620        0.00298        0.00000        0.00000        0.00000        1.00000
      123.00000        0.92078        0.07623        0.00298        0.00000        0.00000        0.00000        1.00000
      124.00000        0.92075        0.07627        0.00298        0.00000        0.00000        0.00000        1.00000
      125.00000        0.92071        0.07630        0.00299        0.00000        0.00000        0.00000        1.00000
      126.00000        0.92067        0.07634        0.00299        0.00000        0.00000        0.00000        1.00000
      127.00000        0.92064        0.07638        0.00299        0.00000        0.00000        0.00000        1.00000
      128.00000        0.92060        0.07641        0.00299        0.00000        0.00000        0.00000        1.00000
      129.00000        0.92056        0.07645        0.00299        0.00000        0.00000        0.00000        1.00000
      130.00000        0.92052        0.07649        0.00299        0.00000        0.00000        0.00000        1.00000
      131.00000        0.92048        0.07653        0.00300        0.00000        0.00000        0.00000        1.00000
      132.00000        0.92043        0.07657        0.00300        0.00000        0.00000        0.00000        1.00000
      133.00000        0.92039        0.07661        0.00300        0.00000        0.00000        0.00000        1.00000
      134.00000        0.92035        0.07665        0.00300        0.00000        0.00000        0.00000        1.00000
      135.00000        0.92031        0.07669        0.00301        0.00000        0.00000        0.00000        1.00000
      136.00000        0.92026        0.07673        0.00301        0.00000        0.00000        0.00000        1.00000
      137.00000        0.92022        0.07677        0.00301        0.00000        0.00000        0.00000        1.00000
      138.00000        0.92017        0.07682        0.00301        0.00000        0.00000        0.00000        1.00000
      139.00000        0.92013        0.07686        0.00301        0.00000        0.00000        0.00000        1.00000
      140.00000        0.92008        0.07690        0.00302        0.00000        0.00000        0.00000        1.00000
      141.00000        0.92003        0.07695        0.00302        0.00000        0.00000        0.00000        1.00000
      142.00000        0.91998        0.07700        0.00302        0.00000        0.00000        0.00000        1.00000
      143.00000        0.91993        0.07704        0.00302        0.00000        0.00000        0.00000        1.00000
      144.00000        0.91989        0.07709        0.00303        0.00000        0.00000        0.00000        1.00000
      145.00000        0.91984        0.07713        0.00303        0.00000        0.00000        0.00000        1.00000
      146.00000        0.91979        0.07718        0.00303        0.00000        0.00000        0.00000        1.00000
      147.00000        0.91973        0.07723        0.00303        0.00000        0.00000        0.00000        1.00000
      148.00000        0.91968        0.07728        0.00304        0.00000        0.00000        0.00000        1.00000
      149.00000        0.91963        0.07733        0.00304        0.00000        0.00000        0.00000        1.00000
      150.00000        0.91958        0.07738        0.00304        0.00000        0.00000        0.00000        1.00000
      151.00000        0.91953        0.07743        0.00305        0.00000        0.00000        0.00000        1.00000
      152.00000        0.91947        0.07748        0.00305        0.00000        0.00000        0.00000        1.00000
      153.00000        0.91942        0.07753        0.00305        0.00000        0.00000        0.00000        1.00000
      154.00000        0.91936        0.07758        0.00305        0.00000        0.00000        0.00000        1.00000
      155.00000        0.91931        0.07763        0.00306        0.00000        0.00000        0.00000        1.00000
      156.00000        0.91925        0.07769        0.00306        0.00000        0.00000        0.00000        1.00000
      157.00000        0.91920        0.07774        0.00306        0.00000        0.00000        0.00000        1.00000
      158.00000        0.91914        0.07779        0.00307        0.00000        0.00000        0.00000        1.00000
      159.00000        0.91908        0.07785        0.00307        0.00000        0.00000        0.00000        1.00000
      160.00000        0.91903        0.07790        0.00307        0.00000        0.00000        0.00000        1.00000
      161.00000        0.91897        0.07796        0.00307        0.00000        0.00000        0.00000        1.00000
      162.00000        0.91891        0.07801        0.00308        0.00000        0.00000        0.00000        1.00000
      163.00000        0.91885        0.07807        0.00308        0.00000        0.00000        0.00000        1.00000
      164.00000        0.91879        0.07812        0.00308        0.00000        0.00000        0.00000        1.00000
      165.00000        0.91873        0.07818        0.00309        0.00000        0.00000        0.00000        1.00000
      166.00000        0.91867        0.07824        0.00309        0.00000        0.00000        0.00000        1.00000
      167.00000        0.91861        0.07830        0.00309        0.00000        0.00000        0.00000        1.00000
      168.00000        0.91855        0.07835        0.00310        0.00000        0.00000        0.00000        1.00000
      169.00000        0.91849        0.07841        0.00310        0.00000        0.00000        0.00000        1.00000
      170.00000        0.91843        0.07847        0.00310        0.00000        0.00000        0.00000        1.00000
      171.00000        0.91836        0.07853        0.00311        0.00000        0.00000        0.00000        1.00000
      172.00000        0.91830        0.07859        0.00311        0.00000        0.00000        0.00000        1.00000
      173.00000        0.91824        0.07865        0.00311        0.00000        0.00000        0.00000        1.00000
      174.00000        0.91817        0.07871        0.00312        0.00000        0.00000        0.00000        1.00000
      175.00000        0.91811        0.07877        0.00312        0.00000        0.00000        0.00000        1.00000
      176.00000        0.91805        0.07883        0.00312        0.00000        0.00000        0.00000        1.00000
      177.00000        0.91798        0.07889        0.00313        0.00000        0.00000        0.00000        1.00000
      178.00000        0.91792        0.07895        0.00313        0.00000        0.00000        0.00000        1.00000
      179.00000        0.91785        0.07901        0.00314        0.00000        0.00000        0.00000        1.00000
      180.00000        0.91779        0.07907        0.00314        0.00000        0.00000        0.00000        1.00000
      181.00000        0.91772        0.07914        0.00314        0.00000        0.00000        0.00000        1.00000
      182.00000        0.91765        0.07920        0.00315        0.00000        0.00000        0.00000        1.00000
      183.00000        0.91759        0.07926        0.00315        0.00000        0.00000        0.00000        1.00000
      184.00000        0.91752        0.07933        0.00315        0.00000        0.00000        0.00000        1.00000
      185.00000        0.91745        0.07939        0.00316        0.00000        0.00000        0.00000        1.00000
      186.00000        0.91739        0.07945        0.00316        0.00000        0.00000        0.00000        1.00000
      187.00000        0.91732        0.07952        0.00316        0.00000        0.00000        0.00000        1.00000
      188.00000        0.91725        0.07958        0.00317        0.00000        0.00000        0.00000        1.00000
      189.00000        0.91718        0.07965        0.00317        0.00000        0.00000        0.00000        1.00000
      190.00000        0.91711        0.07971        0.00318        0.00000        0.00000        0.00000        1.00000
      191.00000        0.91705        0.07978        0.00318        0.00000        0.00000        0.00000        1.00000
      192.00000        0.91698        0.07984        0.00318        0.00000        0.00000        0.00000        1.00000
      193.00000        0.91691        0.07991        0.00319        0.00000        0.00000        0.00000        1.00000
      194.00000        0.91684        0.07997        0.00319        0.00000        0.00000        0.00000        1.00000
      195.00000        0.91677        0.08004        0.00319        0.00000        0.00000        0.00000        1.00000
      196.00000        0.91670        0.08010        0.00320        0.00000        0.00000        0.00000        1.00000
      197.00000        0.91663        0.08017        0.00320        0.00000        0.00000        0.00000        1.00000
      198.00000        0.91656        0.08024        0.00321        0.00000        0.00000        0.00000        1.00000
      199.00000        0.91649        0.08030        0.00321        0.00000        0.00000        0.00000        1.00000
      200.00000        0.91641        0.08037        0.00321        0.00000        0.00000        0.00000        1.00000
      201.00000        0.91634        0.08044        0.00322        0.00000        0.00000        0.00000        1.00000
      202.00000        0.91627        0.08051        0.00322        0.00000        0.00000        0.00000        1.00000
      203.00000        0.91620        0.08057        0.00323        0.00000        0.00000        0.00000        1.00000
      204.00000        0.91613        0.08064        0.00323        0.00000        0.00000        0.00000        1.00000
      205.00000        0.91606        0.08071        0.00323        0.00000        0.00000        0.00000        1.00000
      206.00000        0.91598        0.08078        0.00324        0.00000        0.00000        0.00000        1.00000
      207.00000        0.91591        0.08085        0.00324        0.00000        0.00000        0.00000        1.00000
      208.00000        0.91584        0.08092        0.00325        0.00000        0.00000        0.00000        1.00000
      209.00000        0.91576        0.08098        0.00325        0.00000        0.00000        0.00000        1.00000
      210.00000        0.91569        0.08105        0.00325        0.00000        0.00000        0.00000        1.00000
      211.00000        0.91562        0.08112        0.00326        0.00000        0.00000        0.00000        1.00000
      212.00000        0.91554        0.08119        0.00326        0.00000        0.00000        0.00000        1.00000
      213.00000        0.91547        0.08126        0.00327        0.00000        0.00000        0.00000        1.00000
      214.00000        0.91540        0.08133        0.00327        0.00000        0.00000        0.00000        1.00000
      215.00000        0.91532        0.08140        0.00328        0.00000        0.00000        0.00000        1.00000
      216.00000        0.91525        0.08147        0.00328        0.00000        0.00000        0.00000        1.00000
      217.00000        0.91517        0.08154        0.00328        0.00000        0.00000        0.00000        1.00000
      218.00000        0.91510        0.08161        0.00329        0.00000        0.00000        0.00000        1.00000
      219.00000        0.91503        0.08168        0.00329        0.00000        0.00000        0.00000        1.00000
      220.00000        0.91495        0.08175        0.00330        0.00000        0.00000        0.00000        1.00000
      221.00000        0.91488        0.08182        0.00330        0.00000        0.00000        0.00000        1.00000
      222.00000        0.91480        0.08189        0.00330        0.00000        0.00000        0.00000        1.00000
      223.00000        0.91473        0.08196        0.00331        0.00000        0.00000        0.00000        1.00000
      224.00000        0.91465        0.08204        0.00331        0.00000        0.00000        0.00000        1.00000
      225.00000        0.91458        0.08211        0.00332        0.00000        0.00000        0.00000        1.00000
      226.00000        0.91450        0.08218        0.00332        0.00000        0.00000        0.00000        1.00000
      227.00000        0.91442        0.08225        0.00333        0.00000        0.00000        0.00000        1.00000
      228.00000        0.91435        0.08232        0.00333        0.00000        0.00000        0.00000        1.00000
      229.00000        0.91427        0.08239        0.00334        0.00000        0.00000        0.00000        1.00000
      230.00000        0.91420        0.08246        0.00334        0.00000        0.00000        0.00000        1.00000
      231.00000        0.91412        0.08254        0.00334        0.00000        0.00000        0.00000        1.00000
      232.00000        0.91404        0.08261        0.00335        0.00000        0.00000        0.00000        1.00000
      233.00000        0.91397        0.08268        0.00335        0.00000        0.00000        0.00000        1.00000
      234.00000        0.91389        0.08275        0.00336        0.00000        0.00000        0.00000        1.00000
      235.00000        0.91381        0.08283        0.00336        0.00000        0.00000        0.00000        1.00000
      236.00000        0.91374        0.08290        0.00337        0.00000        0.00000        0.00000        1.00000
      237.00000        0.91366        0.08297        0.00337        0.00000        0.00000        0.00000        1.00000
      238.00000        0.91358        0.08304        0.00337        0.00000        0.00000        0.00000        1.00000
      239.00000        0.91351        0.08312        0.00338        0.00000        0.00000        0.00000        1.00000
      240.00000        0.91343        0.08319        0.00338        0.00000        0.00000        0.00000        1.00000
      241.00000        0.91335        0.08326        0.00339        0.00000        0.00000        0.00000        1.00000
      242.00000        0.91327        0.08333        0.00339        0.00000        0.00000        0.00000        1.00000
      243.00000        0.91320        0.08341        0.00340        0.00000        0.00000        0.00000        1.00000
      244.00000        0.91312        0.08348        0.00340        0.00000        0.00000        0.00000        1.00000
      245.00000        0.91304        0.08355        0.00341        0.00000        0.00000        0.00000        1.00000
      246.00000        0.91296        0.08363        0.00341        0.00000        0.00000        0.00000        1.00000
      247.00000        0.91289        0.08370        0.00341        0.00000        0.00000        0.00000        1.00000
      248.00000        0.91281        0.08377        0.00342        0.00000        0.00000        0.00000        1.00000
      249.00000        0.91273        0.08385        0.00342        0.00000        0.00000        0.00000        1.00000
      250.00000        0.91265        0.08392        0.00343        0.00000        0.00000        0.00000        1.00000
      251.00000        0.91257        0.08399        0.00343        0.00000        0.00000        0.00000        1.00000
      252.00000        0.91250        0.08407        0.00344        0.00000        0.00000        0.00000        1.00000
      253.00000        0.91242        0.08414        0.00344        0.00000        0.00000        0.00000        1.00000
      254.00000        0.91234        0.08421        0.00345        0.00000        0.00000        0.00000        1.00000
      255.00000        0.91226        0.08429        0.00345        0.00000        0.00000        0.00000        1.00000
      256.00000        0.91218        0.08436        0.00346        0.00000        0.00000        0.00000        1.00000
      257.00000        0.91210        0.08444        0.00346        0.00000        0.00000        0.00000        1.00000
      258.00000        0.91202        0.08451        0.00347        0.00000        0.00000        0.00000        1.00000
      259.00000        0.91194        0.08459        0.00347        0.00000        0.00000        0.00000        1.00000
      260.00000        0.91187        0.08466        0.00347        0.00000        0.00000        0.00000        1.00000
      261.00000        0.91179        0.08473        0.00348        0.00000        0.00000        0.00000        1.00000
      262.00000        0.91171        0.08481        0.00348        0.00000        0.00000        0.00000        1.00000
      263.00000        0.91163        0.08488        0.00349        0.00000        0.00000        0.00000        1.00000
      264.00000        0.91155        0.08496        0.00349        0.00000        0.00000        0.00000        1.00000
      265.00000        0.91147        0.08503        0.00350        0.00000        0.00000        0.00000        1.00000
      266.00000        0.91139        0.08511        0.00350        0.00000        0.00000        0.00000        1.00000
      267.00000        0.91131        0.08518        0.00351        0.00000        0.00000        0.00000        1.00000
      268.00000        0.91123        0.08526        0.00351        0.00000        0.00000        0.00000        1.00000
      269.00000        0.91115        0.08533        0.00352        0.00000        0.00000        0.00000        1.00000
      270.00000        0.91107        0.08541        0.00352        0.00000        0.00000        0.00000        1.00000
      271.00000        0.91099        0.08548        0.00353        0.00000        0.00000        0.00000        1.00000
      272.00000        0.91091        0.08556        0.00353        0.00000        0.00000        0.00000        1.00000
      273.00000        0.91083        0.08563        0.00354        0.00000        0.00000        0.00000        1.00000
      274.00000        0.91075        0.08571        0.00354        0.00000        0.00000        0.00000        1.00000
      275.00000        0.91067        0.08578        0.00355        0.00000        0.00000        0.00000        1.00000
      276.00000        0.91059        0.08586        0.00355        0.00000        0.00000        0.00000        1.00000
      277.00000        0.91051        0.08593        0.00356        0.00000        0.00000        0.00000        1.00000
      278.00000        0.91043        0.08601        0.00356        0.00000        0.00000        0.00000        1.00000
      279.00000        0.91035        0.08608        0.00356        0.00000        0.00000        0.00000        1.00000
      280.00000        0.91027        0.08616        0.00357        0.00000        0.00000        0.00000        1.00000
      281.00000        0.91019        0.08624        0.00357        0.00000        0.00000        0.00000        1.00000
      282.00000        0.91011        0.08631        0.00358        0.00000        0.00000        0.00000        1.00000
      283.00000        0.91003        0.08639        0.00358        0.00000        0.00000        0.00000        1.00000
      284.00000        0.90995        0.08646        0.00359        0.00000        0.00000        0.00000        1.00000
      285.00000        0.90987        0.08654        0.00359        0.00000        0.00000        0.00000        1.00000
      286.00000        0.90979        0.08661        0.00360        0.00000        0.00000        0.00000        1.00000
      287.00000        0.90970        0.08669        0.00360        0.00000        0.00000        0.00000        1.00000
      288.00000        0.90962        0.08677        0.00361        0.00000        0.00000        0.00000        1.00000
      289.00000        0.90954        0.08684        0.00361        0.00000        0.00000        0.00000        1.00000
      290.00000        0.90946        0.08692        0.00362        0.00000        0.00000        0.00000        1.00000
      291.00000        0.90938        0.08700        0.00362        0.00000        0.00000        0.00000        1.00000
      292.00000        0.90930        0.08707        0.00363        0.00000        0.00000        0.00000        1.00000
      293.00000        0.90922        0.08715        0.00363        0.00000        0.00000        0.00000        1.00000
      294.00000        0.90913        0.08723        0.00364        0.00000        0.00000        0.00000        1.00000
      295.00000        0.90905        0.08730        0.00364        0.00000        0.00000        0.00000        1.00000
      296.00000        0.90897        0.08738        0.00365        0.00000        0.00000        0.00000        1.00000
      297.00000        0.90889        0.08746        0.00366        0.00000        0.00000        0.00000        1.00000
      298.00000        0.90881        0.08753        0.00366        0.00000        0.00000        0.00000        1.00000
      299.00000        0.90872        0.08761        0.00367        0.00000        0.00000        0.00000        1.00000
      300.00000        0.90864        0.08769        0.00367        0.00000        0.00000        0.00000        1.00000
      301.00000        0.90856        0.08776        0.00368        0.00000        0.00000        0.00000        1.00000
      302.00000        0.90848        0.08784        0.00368        0.00000        0.00000        0.00000        1.00000
      303.00000        0.90840        0.08792        0.00369        0.00000        0.00000        0.00000        1.00000
      304.00000        0.90831        0.08800        0.00369        0.00000        0.00000        0.00000        1.00000
      305.00000        0.90823        0.08807        0.00370        0.00000        0.00000        0.00000        1.00000
      306.00000        0.90815        0.08815        0.00370        0.00000        0.00000        0.00000        1.00000
      307.00000        0.90806        0.08823        0.00371        0.00000        0.00000        0.00000        1.00000
      308.00000        0.90798        0.08831        0.00371        0.00000        0.00000        0.00000        1.00000
      309.00000        0.90790        0.08838        0.00372        0.00000        0.00000        0.00000        1.00000
      310.00000        0.90781        0.08846        0.00372        0.00000        0.00000        0.00000        1.00000
      311.00000        0.90773        0.08854        0.00373        0.00000        0.00000        0.00000        1.00000
      312.00000        0.90765        0.08862        0.00373        0.00000        0.00000        0.00000        1.00000
      313.00000        0.90756        0.08870        0.00374        0.00000        0.00000        0.00000        1.00000
      314.00000        0.90748        0.08877        0.00375        0.00000        0.00000        0.00000        1.00000
      315.00000        0.90740        0.08885        0.00375        0.00000        0.00000        0.00000        1.00000
      316.00000        0.90731        0.08893        0.00376        0.00000        0.00000        0.00000        1.00000
      317.00000        0.90723        0.08901        0.00376        0.00000        0.00000        0.00000        1.00000
      318.00000        0.90714        0.08909        0.00377        0.00000        0.00000        0.00000        1.00000
      319.00000        0.90706        0.08917        0.00377        0.00000        0.00000        0.00000        1.00000
      320.00000        0.90697        0.08925        0.00378        0.00000        0.00000        0.00000        1.00000
      321.00000        0.90689        0.08933        0.00378        0.00000        0.00000        0.00000        1.00000
      322.00000        0.90681        0.08940        0.00379        0.00000        0.00000        0.00000        1.00000
      323.00000        0.90672        0.08948        0.00380        0.00000        0.00000        0.00000        1.00000
      324.00000        0.90664        0.08956        0.00380        0.00000        0.00000        0.00000        1.00000
      325.00000        0.90655        0.08964        0.00381        0.00000        0.00000        0.00000        1.00000
      326.00000        0.90647        0.08972        0.00381        0.00000        0.00000        0.00000        1.00000
      327.00000        0.90638        0.08980        0.00382        0.00000        0.00000        0.00000        1.00000
      328.00000        0.90629        0.08988        0.00382        0.00000        0.00000        0.00000        1.00000
      329.00000        0.90621        0.08996        0.00383        0.00000        0.00000        0.00000        1.00000
      330.00000        0.90612        0.09004        0.00384        0.00000        0.00000        0.00000        1.00000
      331.00000        0.90604        0.09012        0.00384        0.00000        0.00000        0.00000        1.00000
      332.00000        0.90595        0.09020        0.00385        0.00000        0.00000        0.00000        1.00000
      333.00000        0.90587        0.09028        0.00385        0.00000        0.00000        0.00000        1.00000
      334.00000        0.90578        0.09036        0.00386        0.00000        0.00000        0.00000        1.00000
      335.00000        0.90569        0.09044        0.00387        0.00000        0.00000        0.00000        1.00000
      336.00000        0.90561        0.09052        0.00387        0.00000        0.00000        0.00000        1.00000
      337.00000        0.90552        0.09060        0.00388        0.00000        0.00000        0.00000        1.00000
      338.00000        0.90543        0.09068        0.00388        0.00000        0.00000        0.00000        1.00000
      339.00000        0.90535        0.09076        0.00389        0.00000        0.00000        0.00000        1.00000
      340.00000        0.90526        0.09085        0.00390        0.00000        0.00000        0.00000        1.00000
      341.00000        0.90517        0.09093        0.00390        0.00000        0.00000        0.00000        1.00000
      342.00000        0.90508        0.09101        0.00391        0.00000        0.00000        0.00000        1.00000
      343.00000        0.90500        0.09109        0.00392        0.00000        0.00000        0.00000        1.00000
      344.00000        0.90491        0.09117        0.00392        0.00000        0.00000        0.00000        1.00000
      345.00000        0.90482        0.09125        0.00393        0.00000        0.00000        0.00000        1.00000
      346.00000        0.90473        0.09133        0.00393        0.00000        0.00000        0.00000        1.00000
      347.00000        0.90464        0.09142        0.00394        0.00000        0.00000        0.00000        1.00000
      348.00000        0.90456        0.09150        0.00395        0.00000        0.00000        0.00000        1.00000
      349.00000        0.90447        0.09158        0.00395        0.00000        0.00000        0.00000        1.00000
      350.00000        0.90438        0.09166        0.00396        0.00000        0.00000        0.00000        1.00000
      351.00000        0.90429        0.09174        0.00397        0.00000        0.00000        0.00000        1.00000
      352.00000        0.90420        0.09183        0.00397        0.00000        0.00000        0.00000        1.00000
      353.00000        0.90411        0.09191        0.00398        0.00000        0.00000        0.00000        1.00000
      354.00000        0.90402        0.09199        0.00399        0.00000        0.00000        0.00000        1.00000
      355.00000        0.90393        0.09208        0.00399        0.00000        0.00000        0.00000        1.00000
      356.00000        0.90384        0.09216        0.00400        0.00000        0.00000        0.00000        1.00000
      357.00000        0.90375        0.09224        0.00401        0.00000        0.00000        0.00000        1.00000
      358.00000        0.90366        0.09232        0.00401        0.00000        0.00000        0.00000        1.00000
      359.00000        0.90357        0.09241        0.00402        0.00000        0.00000        0.00000        1.00000
      360.00000        0.90348        0.09249        0.00403        0.00000        0.00000        0.00000        1.00000
      361.00000        0.90339        0.09258        0.00403        0.00000        0.00000        0.00000        1.00000
      362.00000        0.90330        0.09266        0.00404        0.00000        0.00000        0.00000        1.00000
      363.00000        0.90321        0.09274        0.00405        0.00000        0.00000        0.00000        1.00000
      364.00000        0.90312        0.09283        0.00405        0.00000        0.00000        0.00000        1.00000
      365.00000        0.90303        0.09291        0.00406        0.00000        0.00000        0.00000        1.00000
      366.00000        0.90294        0.09300        0.00407        0.00000        0.00000        0.00000        1.00000
      367.00000        0.90285        0.09308        0.00407        0.00000        0.00000        0.00000        1.00000
      368.00000        0.90275        0.09317        0.00408        0.00000        0.00000        0.00000        1.00000
      369.00000        0.90266        0.09325        0.00409        0.00000        0.00000        0.00000        1.00000
      370.00000        0.90257        0.09333        0.00410        0.00000        0.00000        0.00000        1.00000
      371.00000        0.90248        0.09342        0.00410        0.00000        0.00000        0.00000        1.00000
      372.00000        0.90239        0.09351        0.00411        0.00000        0.00000        0.00000        1.00000
      373.00000        0.90229        0.09359        0.00412        0.00000        0.00000        0.00000        1.00000
      374.00000        0.90220        0.09368        0.00412        0.00000        0.00000        0.00000        1.00000
      375.00000        0.90211        0.09376        0.00413        0.00000        0.00000        0.00000        1.00000
      376.00000        0.90201        0.09385        0.00414        0.00000        0.00000        0.00000        1.00000
      377.00000        0.90192        0.09393        0.00415        0.00000        0.00000        0.00000        1.00000
      378.00000        0.90183        0.09402        0.00415        0.00000        0.00000        0.00000        1.00000
      379.00000        0.90173        0.09411        0.00416        0.00000        0.00000        0.00000        1.00000
      380.00000        0.90164        0.09419        0.00417        0.00000        0.00000        0.00000        1.00000
      381.00000        0.90155        0.09428        0.00418        0.00000        0.00000        0.00000        1.00000
      382.00000        0.90145        0.09436        0.00418        0.00000        0.00000        0.00000        1.00000
      383.00000        0.90136        0.09445        0.00419        0.00000        0.00000        0.00000        1.00000
      384.00000        0.90126        0.09454        0.00420        0.00000        0.00000        0.00000        1.00000
      385.00000        0.90117        0.09463        0.00421        0.00000        0.00000        0.00000        1.00000
      386.00000        0.90107        0.09471        0.00421        0.00000        0.00000        0.00000        1.00000
      387.00000        0.90098        0.09480        0.00422        0.00000        0.00000        0.00000        1.00000
      388.00000        0.90088        0.09489        0.00423        0.00000        0.00000        0.00000        1.00000
      389.00000        0.90079        0.09497        0.00424        0.00000        0.00000        0.00000        1.00000
      390.00000        0.90069        0.09506        0.00425        0.00000        0.00000        0.00000        1.00000
      391.00000        0.90060        0.09515        0.00425        0.00000        0.00000        0.00000        1.00000
      392.00000        0.90050        0.09524        0.00426        0.00000        0.00000        0.00000        1.00000
      393.00000        0.90040        0.09533        0.00427        0.00000        0.00000        0.00000        1.00000
      394.00000        0.90031        0.09541        0.00428        0.00000        0.00000        0.00000        1.00000
      395.00000        0.90021        0.09550        0.00429        0.00000        0.00000        0.00000        1.00000
      396.00000        0.90012        0.09559        0.00429        0.00000        0.00000        0.00000        1.00000
      397.00000        0.90002        0.09568        0.00430        0.00000        0.00000        0.00000        1.00000
      398.00000        0.89992        0.09577        0.00431        0.00000        0.00000        0.00000        1.00000
      399.00000        0.89982        0.09586        0.00432        0.00000        0.00000        0.00000        1.00000
      400.00000        0.89973        0.09595        0.00433        0.00000        0.00000        0.00000        1.00000
      401.00000        0.89963        0.09603        0.00434        0.00000        0.00000        0.00000        1.00000
      402.00000        0.89953        0.09612        0.00434        0.00000        0.00000        0.00000        1.00000
      403.00000        0.89943        0.09621        0.00435        0.00000        0.00000        0.00000        1.00000
      404.00000        0.89934        0.09630        0.00436        0.00000        0.00000        0.00000        1.00000
      405.00000        0.89924        0.09639        0.00437        0.00000        0.00000        0.00000        1.00000
      406.00000        0.89914        0.09648        0.00438        0.00000        0.00000        0.00000        1.00000
      407.00000        0.89904        0.09657        0.00439        0.00000        0.00000        0.00000        1.00000
      408.00000        0.89894        0.09666        0.00440        0.00000        0.00000        0.00000        1.00000
      409.00000        0.89884        0.09675        0.00440        0.00000        0.00000        0.00000        1.00000
      410.00000        0.89874        0.09684        0.00441        0.00000        0.00000        0.00000        1.00000
      411.00000        0.89865        0.09693        0.00442        0.00000        0.00000        0.00000        1.00000
      412.00000        0.89855        0.09702        0.00443        0.00000        0.00000        0.00000        1.00000
      413.00000        0.89845        0.09711        0.00444        0.00000        0.00000        0.00000        1.00000
      414.00000        0.89835        0.09720        0.00445        0.00000        0.00000        0.00000        1.00000
      415.00000        0.89825        0.09730        0.00446        0.00000        0.00000        0.00000        1.00000
      416.00000        0.89815        0.09739        0.00447        0.00000        0.00000        0.00000        1.00000
      417.00000        0.89805        0.09748        0.00447        0.00000        0.00000        0.00000        1.00000
      418.00000        0.89795        0.09757        0.00448        0.00000        0.00000        0.00000        1.00000
      419.00000        0.89785        0.09766        0.00449        0.00000        0.00000        0.00000        1.00000
      420.00000        0.89775        0.09775        0.00450        0.00000        0.00000        0.00000        1.00000
      421.00000        0.89765        0.09784        0.00451        0.00000        0.00000        0.00000        1.00000
      422.00000        0.89755        0.09793        0.00452        0.00000        0.00000        0.00000        1.00000
      423.00000        0.89744        0.09803        0.00453        0.00000        0.00000        0.00000        1.00000
      424.00000        0.89734        0.09812        0.00454        0.00000        0.00000        0.00000        1.00000
      425.00000        0.89724        0.09821        0.00455        0.00000        0.00000        0.00000        1.00000
      426.00000        0.89714        0.09830        0.00456        0.00000        0.00000        0.00000        1.00000
      427.00000        0.89704        0.09839        0.00457        0.00000        0.00000        0.00000        1.00000
      428.00000        0.89694        0.09848        0.00458        0.00000        0.00000        0.00000        1.00000
      429.00000        0.89684        0.09858        0.00459        0.00000        0.00000        0.00000        1.00000
      430.00000        0.89674        0.09867        0.00460        0.00000        0.00000        0.00000        1.00000
      431.00000        0.89663        0.09876        0.00461        0.00000        0.00000        0.00000        1.00000
      432.00000        0.89653        0.09885        0.00462        0.00000        0.00000        0.00000        1.00000
      433.00000        0.89643        0.09895        0.00463        0.00000        0.00000        0.00000        1.00000
      434.00000        0.89633        0.09904        0.00463        0.00000        0.00000        0.00000        1.00000
      435.00000        0.89622        0.09913        0.00464        0.00000        0.00000        0.00000        1.00000
      436.00000        0.89612        0.09922        0.00465        0.00000        0.00000        0.00000        1.00000
      437.00000        0.89602        0.09932        0.00466        0.00000        0.00000        0.00000        1.00000
      438.00000        0.89592        0.09941        0.00467        0.00000        0.00000        0.00000        1.00000
      439.00000        0.89581        0.09950        0.00468        0.00000        0.00000        0.00000        1.00000
      440.00000        0.89571        0.09959        0.00469        0.00000        0.00000        0.00000        1.00000
      441.00000        0.89561        0.09969        0.00470        0.00000        0.00000        0.00000        1.00000
      442.00000        0.89551        0.09978        0.00471        0.00000        0.00000        0.00000        1.00000
      443.00000        0.89540        0.09987        0.00472        0.00000        0.00000        0.00000        1.00000
      444.00000        0.89530        0.09996        0.00473        0.00000        0.00000        0.00000        1.00000
      445.00000        0.89520        0.10006        0.00475        0.00000        0.00000        0.00000        1.00000
      446.00000        0.89509        0.10015        0.00476        0.00000        0.00000        0.00000        1.00000
      447.00000        0.89499        0.10024        0.00477        0.00000        0.00000        0.00000        1.00000
      448.00000        0.89489        0.10034        0.00478        0.00000        0.00000        0.00000        1.00000
      449.00000        0.89478        0.10043        0.00479        0.00000        0.00000        0.00000        1.00000
      450.00000        0.89468        0.10052        0.00480        0.00000        0.00000        0.00000        1.00000
      451.00000        0.89458        0.10062        0.00481        0.00000        0.00000        0.00000        1.00000
      452.00000        0.89447        0.10071        0.00482        0.00000        0.00000        0.00000        1.00000
      453.00000        0.89437        0.10080        0.00483        0.00000        0.00000        0.00000        1.00000
      454.00000        0.89427        0.10089        0.00484        0.00000        0.00000        0.00000        1.00000
      455.00000        0.89416        0.10099        0.00485        0.00000        0.00000        0.00000        1.00000
      456.00000        0.89406        0.10108        0.00486        0.00000        0.00000        0.00000        1.00000
      457.00000        0.89396        0.10117        0.00487        0.00000        0.00000        0.00000        1.00000
      458.00000        0.89385        0.10126        0.00488        0.00000        0.00000        0.00000        1.00000
      459.00000        0.89375        0.10136        0.00489        0.00000        0.00000        0.00000        1.00000
      460.00000        0.89365        0.10145        0.00490        0.00000        0.00000        0.00000        1.00000
      461.00000        0.89354        0.10154        0.00491        0.00000        0.00000        0.00000        1.00000
      462.00000        0.89344        0.10164        0.00492        0.00000        0.00000        0.00000        1.00000
      463.00000        0.89334        0.10173        0.00494        0.00000        0.00000        0.00000        1.00000
      464.00000        0.89323        0.10182        0.00495        0.00000        0.00000        0.00000        1.00000
      465.00000        0.89313        0.10191        0.00496        0.00000        0.00000        0.00000        1.00000
      466.00000        0.89303        0.10200        0.00497        0.00000        0.00000        0.00000        1.00000
      467.00000        0.89292        0.10210        0.00498        0.00000        0.00000        0.00000        1.00000
      468.00000        0.89282        0.10219        0.00499        0.00000        0.00000        0.00000        1.00000
      469.00000        0.89272        0.10228        0.00500        0.00000        0.00000        0.00000        1.00000
      470.00000        0.89261        0.10237        0.00501        0.00000        0.00000        0.00000        1.00000
      471.00000        0.89251        0.10246        0.00502        0.00000        0.00000        0.00000        1.00000
      472.00000        0.89241        0.10256        0.00504        0.00000        0.00000        0.00000        1.00000
      473.00000        0.89231        0.10265        0.00505        0.00000        0.00000        0.00000        1.00000
      474.00000        0.89220        0.10274        0.00506        0.00000        0.00000        0.00000        1.00000
      475.00000        0.89210        0.10283        0.00507        0.00000        0.00000        0.00000        1.00000
      476.00000        0.89200        0.10292        0.00508        0.00000        0.00000        0.00000        1.00000
      477.00000        0.89190        0.10301        0.00509        0.00000        0.00000        0.00000        1.00000
      478.00000        0.89180        0.10310        0.00510        0.00000        0.00000        0.00000        1.00000
      479.00000        0.89169        0.10319        0.00511        0.00000        0.00000        0.00000        1.00000
      480.00000        0.89159        0.10328        0.00513        0.00000        0.00000        0.00000        1.00000
      481.00000        0.89149        0.10337        0.00514        0.00000        0.00000        0.00000        1.00000
      482.00000        0.89139        0.10346        0.00515        0.00000        0.00000        0.00000        1.00000
      483.00000        0.89129        0.10355        0.00516        0.00000        0.00000        0.00000        1.00000
      484.00000        0.89119        0.10364        0.00517        0.00000        0.00000        0.00000        1.00000
      485.00000        0.89109        0.10373        0.00518        0.00000        0.00000        0.00000        1.00000
      486.00000        0.89099        0.10382        0.00520        0.00000        0.00000        0.00000        1.00000
      487.00000        0.89089        0.10390        0.00521        0.00000        0.00000        0.00000        1.00000
      488.00000        0.89079        0.10399        0.00522        0.00000        0.00000        0.00000        1.00000
      489.00000        0.89069        0.10408        0.00523        0.00000        0.00000        0.00000        1.00000
      490.00000        0.89059        0.10417        0.00524        0.00000        0.00000        0.00000        1.00000
      491.00000        0.89049        0.10425        0.00525        0.00000        0.00000        0.00000        1.00000
      492.00000        0.89039        0.10434        0.00527        0.00000        0.00000        0.00000        1.00000
      493.00000        0.89030        0.10443        0.00528        0.00000        0.00000        0.00000        1.00000
      494.00000        0.89020        0.10451        0.00529        0.00000        0.00000        0.00000        1.00000
      495.00000        0.89010        0.10460        0.00530        0.00000        0.00000        0.00000        1.00000
      496.00000        0.89000        0.10468        0.00531        0.00000        0.00000        0.00000        1.00000
      497.00000        0.88991        0.10477        0.00532        0.00000        0.00000        0.00000        1.00000
      498.00000        0.88981        0.10485        0.00534        0.00000        0.00000        0.00000        1.00000
      499.00000        0.88972        0.10494        0.00535        0.00000        0.00000        0.00000        1.00000
      500.00000        0.88962        0.10502        0.00536        0.00000        0.00000        0.00000        1.00000
      501.00000        0.88953        0.10510        0.00537        0.00000        0.00000        0.00000        1.00000
      502.00000        0.88943        0.10519        0.00538        0.00000        0.00000        0.00000        1.00000
      503.00000        0.88934        0.10527        0.00539        0.00000        0.00000        0.00000        1.00000
      504.00000        0.88925        0.10535        0.00541        0.00000        0.00000        0.00000        1.00000
      505.00000        0.88915        0.10543        0.00542        0.00000        0.00000        0.00000        1.00000
      506.00000        0.88906        0.10551        0.00543        0.00000        0.00000        0.00000        1.00000
      507.00000        0.88897        0.10559        0.00544        0.00000        0.00000        0.00000        1.00000
      508.00000        0.88888        0.10567        0.00545        0.00000        0.00000        0.00000        1.00000
      509.00000        0.88879        0.10575        0.00546        0.00000        0.00000        0.00000        1.00000
      510.00000        0.88870        0.10582        0.00548        0.00000        0.00000        0.00000        1.00000
      511.00000        0.88861        0.10590        0.00549        0.00000        0.00000        0.00000        1.00000
      512.00000        0.88852        0.10598        0.00550        0.00000        0.00000        0.00000        1.00000
      513.00000        0.88844        0.10605        0.00551        0.00000        0.00000        0.00000        1.00000
      514.00000        0.88835        0.10613        0.00552        0.00000        0.00000        0.00000        1.00000
      515.00000        0.88827        0.10620        0.00553        0.00000        0.00000        0.00000        1.00000
      516.00000        0.88818        0.10627        0.00555        0.00000        0.00000        0.00000        1.00000
      517.00000        0.88810        0.10635        0.00556        0.00000        0.00000        0.00000        1.00000
      518.00000        0.88802        0.10642        0.00557        0.00000        0.00000        0.00000        1.00000
      519.00000        0.88793        0.10649        0.00558        0.00000        0.00000        0.00000        1.00000
      520.00000        0.88785        0.10656        0.00559        0.00000        0.00000        0.00000        1.00000
      521.00000        0.88777        0.10662        0.00560        0.00000        0.00000        0.00000        1.00000
      522.00000        0.88769        0.10669        0.00561        0.00000        0.00000        0.00000        1.00000
      523.00000        0.88762        0.10676        0.00562        0.00000        0.00000        0.00000        1.00000
      524.00000        0.88754        0.10682        0.00564        0.00000        0.00000        0.00000        1.00000
      525.00000        0.88747        0.10689        0.00565        0.00000        0.00000        0.00000        1.00000
      526.00000        0.88739        0.10695        0.00566        0.00000        0.00000        0.00000        1.00000
      527.00000        0.88732        0.10701        0.00567        0.00000        0.00000        0.00000        1.00000
      528.00000        0.88725        0.10707        0.00568        0.00000        0.00000        0.00000        1.00000
      529.00000        0.88718        0.10713        0.00569        0.00000        0.00000        0.00000        1.00000
      530.00000        0.88711        0.10719        0.00570        0.00000        0.00000        0.00000        1.00000
      531.00000        0.88704        0.10725        0.00571        0.00000        0.00000        0.00000        1.00000
      532.00000        0.88698        0.10730        0.00572        0.00000        0.00000        0.00000        1.00000
      533.00000        0.88691        0.10736        0.00573        0.00000        0.00000        0.00000        1.00000
      534.00000        0.88685        0.10741        0.00574        0.00000        0.00000        0.00000        1.00000
      535.00000        0.88679        0.10746        0.00575        0.00000        0.00000        0.00000        1.00000
      536.00000        0.88673        0.10751        0.00576        0.00000        0.00000        0.00000        1.00000
      537.00000        0.88668        0.10755        0.00577        0.00000        0.00000        0.00000        1.00000
      538.00000        0.88662        0.10760        0.00578        0.00000        0.00000        0.00000        1.00000
      539.00000        0.88657        0.10764        0.00579        0.00000        0.00000        0.00000        1.00000
      540.00000        0.88652        0.10768        0.00580        0.00000        0.00000        0.00000        1.00000
      541.00000        0.88647        0.10772        0.00581        0.00000        0.00000        0.00000        1.00000
      542.00000        0.88642        0.10776        0.00582        0.00000        0.00000        0.00000        1.00000
      543.00000        0.88638        0.10779        0.00583        0.00000        0.00000        0.00000        1.00000
      544.00000        0.88634        0.10783        0.00584        0.00000        0.00000        0.00000        1.00000
      545.00000        0.88630        0.10786        0.00585        0.00000        0.00000        0.00000        1.00000
      546.00000        0.88626        0.10788        0.00585        0.00000        0.00000        0.00000        1.00000
      547.00000        0.88623        0.10791        0.00586        0.00000        0.00000        0.00000        1.00000
      548.00000        0.88620        0.10793        0.00587        0.00000        0.00000        0.00000        1.00000
      549.00000        0.88618        0.10795        0.00588        0.00000        0.00000        0.00000        1.00000
      550.00000        0.88615        0.10796        0.00588        0.00000        0.00000        0.00000        1.00000
      551.00000        0.88613        0.10798        0.00589        0.00000        0.00000        0.00000        1.00000
      552.00000        0.88612        0.10799        0.00590        0.00000        0.00000        0.00000        1.00000
      553.00000        0.88610        0.10799        0.00590        0.00000        0.00000        0.00000        1.00000
      554.00000        0.88610        0.10799        0.00591        0.00000        0.00000        0.00000        1.00000
      555.00000        0.88609        0.10799        0.00592        0.00000        0.00000        0.00000        1.00000
      556.00000        0.88609        0.10799        0.00592        0.00000        0.00000        0.00000        1.00000
      557.00000        0.88610        0.10798        0.00593        0.00000        0.00000        0.00000        1.00000
      558.00000        0.88611        0.10796        0.00593        0.00000        0.00000        0.00000        1.00000
      559.00000        0.88613        0.10794        0.00593        0.00000        0.00000        0.00000        1.00000
      560.00000        0.88615        0.10792        0.00594        0.00000        0.00000        0.00000        1.00000
      561.00000        0.88618        0.10789        0.00594        0.00000        0.00000        0.00000        1.00000
      562.00000        0.88621        0.10785        0.00594        0.00000        0.00000        0.00000        1.00000
      563.00000        0.88625        0.10781        0.00594        0.00000        0.00000        0.00000        1.00000
      564.00000        0.88630        0.10776        0.00594        0.00000        0.00000        0.00000        1.00000
      565.00000        0.88636        0.10770        0.00594        0.00000        0.00000        0.00000        1.00000
      566.00000        0.88642        0.10763        0.00594        0.00000        0.00000        0.00000        1.00000
      567.00000        0.88650        0.10756        0.00594        0.00000        0.00000        0.00000        1.00000
      568.00000        0.88658        0.10748        0.00594        0.00000        0.00000        0.00000        1.00000
      569.00000        0.88668        0.10738        0.00594        0.00000        0.00000        0.00000        1.00000
      570.00000        0.88679        0.10728        0.00593        0.00000        0.00000        0.00000        1.00000
      571.00000        0.88691        0.10716        0.00592        0.00000        0.00000        0.00000        1.00000
      572.00000        0.88705        0.10703        0.00592        0.00000        0.00000        0.00000        1.00000
      573.00000        0.88721        0.10689        0.00591        0.00000        0.00000        0.00000        1.00000
      574.00000        0.88738        0.10672        0.00590        0.00000        0.00000        0.00000        1.00000
      575.00000        0.88758        0.10654        0.00588        0.00000        0.00000        0.00000        1.00000
      576.00000        0.88780        0.10633        0.00587        0.00000        0.00000        0.00000        1.00000
      577.00000        0.88805        0.10610        0.00585        0.00000        0.00000        0.00000        1.00000
      578.00000        0.88834        0.10584        0.00583        0.00000        0.00000        0.00000        1.00000
      579.00000        0.88867        0.10553        0.00580        0.00000        0.00000        0.00000        1.00000
      580.00000        0.88906        0.10517        0.00577        0.00000        0.00000        0.00000        1.00000
      581.00000        0.88953        0.10474        0.00573        0.00000        0.00000        0.00000        1.00000
      582.00000        0.89011        0.10421        0.00567        0.00000        0.00000        0.00000        1.00000
      583.00000        0.89091        0.10349        0.00560        0.00000        0.00000        0.00000        1.00000
      584.00000        0.89260        0.10196        0.00544        0.00000        0.00000        0.00000        1.00000
