        0.00000     3063.65131     3304.57356     3453.45438     3510.69120     3570.55202     3651.80186
        1.00000     3063.65440     3304.56925     3453.45129     3510.68242     3570.54581     3651.79051
        2.00000     3063.66006     3304.56136     3453.44563     3510.66636     3570.53446     3651.76976
        3.00000     3063.66738     3304.55114     3453.43831     3510.64555     3570.51975     3651.74287
        4.00000     3063.67605     3304.53904     3453.42963     3510.62090     3570.50234     3651.71103
        5.00000     3063.68590     3304.52531     3453.41978     3510.59293     3570.48257     3651.67489
        6.00000     3063.69679     3304.51012     3453.40889     3510.56200     3570.46071     3651.63493
        7.00000     3063.70863     3304.49361     3453.39704     3510.52836     3570.43693     3651.59146
        8.00000     3063.72135     3304.47586     3453.38431     3510.49221     3570.41138     3651.54475
        9.00000     3063.73491     3304.45696     3453.37074     3510.45372     3570.38417     3651.49501
       10.00000     3063.74924     3304.43697     3453.35640     3510.41300     3570.35539     3651.44240
       11.00000     3063.76432     3304.41595     3453.34132     3510.37019     3570.32512     3651.38707
       12.00000     3063.78011     3304.39395     3453.32552     3510.32536     3570.29343     3651.32915
       13.00000     3063.79657     3304.37100     3453.30905     3510.27861     3570.26038     3651.26873
       14.00000     3063.81369     3304.34715     3453.29192     3510.23001     3570.22601     3651.20593
       15.00000     3063.83144     3304.32242     3453.27417     3510.17963     3570.19038     3651.14081
       16.00000     3063.84980     3304.29684     3453.25580     3510.12751     3570.15353     3651.07346
       17.00000     3063.86875     3304.27044     3453.23684     3510.07373     3570.11549     3651.00395
       18.00000     3063.88827     3304.24325     3453.21730     3510.01832     3570.07629     3650.93233
       19.00000     3063.90836     3304.21528     3453.19721     3509.96133     3570.03598     3650.85867
       20.00000     3063.92899     3304.18656     3453.17657     3509.90279     3569.99457     3650.78302
       21.00000     3063.95015     3304.15711     3453.15539     3509.84276     3569.95209     3650.70542
       22.00000     3063.97184     3304.12693     3453.13370     3509.78126     3569.90857     3650.62591
       23.00000     3063.99403     3304.09605     3453.11149     3509.71831     3569.86403     3650.54455
       24.00000     3064.01672     3304.06448     3453.08879     3509.65397     3569.81849     3650.46137
       25.00000     3064.03990     3304.03224     3453.06560     3509.58824     3569.77197     3650.37640
       26.00000     3064.06356     3303.99933     3453.04192     3509.52116     3569.72449     3650.28968
       27.00000     3064.08770     3303.96578     3453.01778     3509.45276     3569.67606     3650.20124
       28.00000     3064.11229     3303.93159     3452.99317     3509.38305     3569.62671     3650.11111
       29.00000     3064.13735     3303.89677     3452.96810     3509.31205     3569.57644     3650.01932
       30.00000     3064.16285     3303.86134     3452.94259     3509.23980     3569.52527     3649.92589
       31.00000     3064.18879     3303.82529     3452.91663     3509.16630     3569.47322     3649.83085
       32.00000     3064.21517     3303.78866     3452.89024     3509.09158     3569.42029     3649.73423
       33.00000     3064.24198     3303.75143     3452.86342     3509.01566     3569.36651     3649.63605
       34.00000     3064.26922     3303.71362     3452.83617     3508.93854     3569.31187     3649.53632
       35.00000     3064.29687     3303.67524     3452.80850     3508.86026     3569.25640     3649.43507
       36.00000     3064.32493     3303.63630     3452.78042     3508.78082     3569.20010     3649.33233
       37.00000     3064.35341     3303.59680     3452.75194     3508.70023     3569.14299     3649.22810
       38.00000     3064.38228     3303.55675     3452.72304     3508.61852     3569.08507     3649.12241
       39.00000     3064.41156     3303.51616     3452.69375     3508.53569     3569.02635     3649.01527
       40.00000     3064.44123     3303.47503     3452.66407     3508.45177     3568.96684     3648.90670
       41.00000     3064.47129     3303.43337     3452.63399     3508.36675     3568.90656     3648.79672
       42.00000     3064.50174     3303.39118     3452.60353     3508.28065     3568.84550     3648.68533
       43.00000     3064.53256     3303.34848     3452.57269     3508.19350     3568.78367     3648.57257
       44.00000     3064.56377     3303.30526     3452.54146     3508.10528     3568.72109     3648.45844
       45.00000     3064.59536     3303.26154     3452.50987     3508.01603     3568.65777     3648.34294
       46.00000     3064.62731     3303.21731     3452.47790     3507.92573     3568.59370     3648.22611
       47.00000     3064.65963     3303.17259     3452.44556     3507.83442     3568.52889     3648.10795
       48.00000     3064.69232     3303.12737     3452.41285     3507.74209     3568.46336     3647.98847
       49.00000     3064.72537     3303.08166     3452.37979     3507.64876     3568.39710     3647.86768
       50.00000     3064.75878     3303.03548     3452.34636     3507.55443     3568.33013     3647.74560
       51.00000     3064.79254     3302.98881     3452.31258     3507.45912     3568.26244     3647.62223
       52.00000     3064.82666     3302.94167     3452.27844     3507.36283     3568.19405     3647.49759
       53.00000     3064.86113     3302.89405     3452.24396     3507.26557     3568.12497     3647.37169
       54.00000     3064.89595     3302.84597     3452.20912     3507.16734     3568.05518     3647.24454
       55.00000     3064.93111     3302.79743     3452.17394     3507.06816     3567.98471     3647.11614
       56.00000     3064.96661     3302.74843     3452.13842     3506.96803     3567.91356     3646.98651
       57.00000     3065.00246     3302.69897     3452.10255     3506.86697     3567.84172     3646.85565
       58.00000     3065.03865     3302.64906     3452.06635     3506.76497     3567.76921     3646.72358
       59.00000     3065.07517     3302.59870     3452.02981     3506.66204     3567.69603     3646.59031
       60.00000     3065.11202     3302.54790     3451.99294     3506.55820     3567.62219     3646.45583
       61.00000     3065.14921     3302.49666     3451.95573     3506.45344     3567.54768     3646.32016
       62.00000     3065.18673     3302.44498     3451.91819     3506.34778     3567.47252     3646.18332
       63.00000     3065.22458     3302.39286     3451.88033     3506.24121     3567.39670     3646.04529
       64.00000     3065.26275     3302.34031     3451.84213     3506.13375     3567.32023     3645.90610
       65.00000     3065.30125     3302.28733     3451.80362     3506.02540     3567.24312     3645.76575
       66.00000     3065.34007     3302.23392     3451.76478     3505.91617     3567.16537     3645.62425
       67.00000     3065.37921     3302.18009     3451.72561     3505.80606     3567.08698     3645.48160
       68.00000     3065.41867     3302.12584     3451.68613     3505.69507     3567.00795     3645.33781
       69.00000     3065.45845     3302.07117     3451.64633     3505.58322     3566.92829     3645.19289
       70.00000     3065.49854     3302.01608     3451.60622     3505.47051     3566.84800     3645.04685
       71.00000     3065.53895     3301.96059     3451.56579     3505.35694     3566.76709     3644.89968
       72.00000     3065.57967     3301.90468     3451.52505     3505.24252     3566.68555     3644.75140
       73.00000     3065.62071     3301.84836     3451.48399     3505.12725     3566.60340     3644.60201
       74.00000     3065.66205     3301.79164     3451.44263     3505.01114     3566.52063     3644.45151
       75.00000     3065.70371     3301.73451     3451.40095     3504.89418     3566.43725     3644.29992
       76.00000     3065.74567     3301.67699     3451.35897     3504.77640     3566.35326     3644.14724
       77.00000     3065.78793     3301.61906     3451.31668     3504.65778     3566.26866     3643.99348
       78.00000     3065.83050     3301.56074     3451.27409     3504.53834     3566.18345     3643.83863
       79.00000     3065.87338     3301.50202     3451.23119     3504.41808     3566.09764     3643.68271
       80.00000     3065.91656     3301.44291     3451.18799     3504.29699     3566.01123     3643.52572
       81.00000     3065.96004     3301.38341     3451.14449     3504.17510     3565.92423     3643.36766
       82.00000     3066.00382     3301.32352     3451.10069     3504.05240     3565.83663     3643.20854
       83.00000     3066.04790     3301.26325     3451.05658     3503.92889     3565.74844     3643.04836
       84.00000     3066.09227     3301.20259     3451.01219     3503.80457     3565.65965     3642.88713
       85.00000     3066.13695     3301.14155     3450.96749     3503.67946     3565.57028     3642.72486
       86.00000     3066.18192     3301.08012     3450.92250     3503.55355     3565.48033     3642.56154
       87.00000     3066.22718     3301.01832     3450.87721     3503.42686     3565.38978     3642.39718
       88.00000     3066.27274     3300.95614     3450.83163     3503.29937     3565.29866     3642.23179
       89.00000     3066.31859     3300.89359     3450.78575     3503.17110     3565.20696     3642.06537
       90.00000     3066.36474     3300.83066     3450.73958     3503.04204     3565.11468     3641.89792
       91.00000     3066.41117     3300.76736     3450.69312     3502.91221     3565.02182     3641.72945
       92.00000     3066.45790     3300.70369     3450.64637     3502.78160     3564.92839     3641.55996
       93.00000     3066.50491     3300.63966     3450.59933     3502.65022     3564.83439     3641.38946
       94.00000     3066.55222     3300.57525     3450.55200     3502.51807     3564.73981     3641.21794
       95.00000     3066.59981     3300.51048     3450.50439     3502.38515     3564.64467     3641.04542
       96.00000     3066.64769     3300.44535     3450.45648     3502.25147     3564.54896     3640.87189
       97.00000     3066.69585     3300.37985     3450.40829     3502.11703     3564.45269     3640.69737
       98.00000     3066.74430     3300.31400     3450.35982     3501.98183     3564.35585     3640.52184
       99.00000     3066.79304     3300.24778     3450.31106     3501.84588     3564.25845     3640.34532
      100.00000     3066.84206     3300.18121     3450.26201     3501.70917     3564.16049     3640.16781
      101.00000     3066.89136     3300.11428     3450.21268     3501.57171     3564.06197     3639.98931
      102.00000     3066.94095     3300.04699     3450.16307     3501.43351     3563.96289     3639.80983
      103.00000     3066.99082     3299.97935     3450.11317     3501.29456     3563.86325     3639.62937
      104.00000     3067.04097     3299.91136     3450.06300     3501.15486     3563.76306     3639.44792
      105.00000     3067.09140     3299.84302     3450.01254     3501.01443     3563.66232     3639.26550
      106.00000     3067.14211     3299.77433     3449.96180     3500.87326     3563.56102     3639.08211
      107.00000     3067.19310     3299.70529     3449.91079     3500.73135     3563.45918     3638.89775
      108.00000     3067.24437     3299.63590     3449.85949     3500.58871     3563.35678     3638.71242
      109.00000     3067.29592     3299.56617     3449.80791     3500.44534     3563.25384     3638.52613
      110.00000     3067.34775     3299.49609     3449.75606     3500.30124     3563.15035     3638.33887
      111.00000     3067.39986     3299.42567     3449.70392     3500.15642     3563.04631     3638.15066
      112.00000     3067.45224     3299.35491     3449.65152     3500.01087     3562.94172     3637.96149
      113.00000     3067.50490     3299.28380     3449.59883     3499.86459     3562.83660     3637.77136
      114.00000     3067.55783     3299.21236     3449.54587     3499.71760     3562.73093     3637.58028
      115.00000     3067.61104     3299.14058     3449.49263     3499.56989     3562.62472     3637.38825
      116.00000     3067.66453     3299.06846     3449.43911     3499.42146     3562.51796     3637.19528
      117.00000     3067.71829     3298.99600     3449.38532     3499.27232     3562.41067     3637.00136
      118.00000     3067.77232     3298.92321     3449.33126     3499.12246     3562.30284     3636.80650
      119.00000     3067.82663     3298.85008     3449.27692     3498.97190     3562.19447     3636.61069
      120.00000     3067.88122     3298.77662     3449.22231     3498.82062     3562.08557     3636.41395
      121.00000     3067.93607     3298.70283     3449.16743     3498.66864     3561.97613     3636.21627
      122.00000     3067.99120     3298.62871     3449.11227     3498.51596     3561.86615     3636.01766
      123.00000     3068.04660     3298.55425     3449.05684     3498.36257     3561.75564     3635.81812
      124.00000     3068.10228     3298.47947     3449.00113     3498.20848     3561.64459     3635.61764
      125.00000     3068.15822     3298.40436     3448.94516     3498.05368     3561.53302     3635.41624
      126.00000     3068.21444     3298.32892     3448.88891     3497.89819     3561.42091     3635.21391
      127.00000     3068.27093     3298.25316     3448.83239     3497.74201     3561.30827     3635.01066
      128.00000     3068.32769     3298.17707     3448.77560     3497.58513     3561.19510     3634.80648
      129.00000     3068.38472     3298.10066     3448.71854     3497.42755     3561.08140     3634.60138
      130.00000     3068.44202     3298.02392     3448.66121     3497.26928     3560.96717     3634.39537
      131.00000     3068.49959     3297.94686     3448.60361     3497.11033     3560.85241     3634.18843
      132.00000     3068.55743     3297.86948     3448.54574     3496.95068     3560.73713     3633.98058
      133.00000     3068.61554     3297.79178     3448.48760     3496.79034     3560.62132     3633.77182
      134.00000     3068.67392     3297.71376     3448.42919     3496.62932     3560.50498     3633.56215
      135.00000     3068.73256     3297.63542     3448.37051     3496.46762     3560.38812     3633.35156
      136.00000     3068.79148     3297.55676     3448.31156     3496.30523     3560.27073     3633.14006
      137.00000     3068.85067     3297.47779     3448.25235     3496.14216     3560.15281     3632.92766
      138.00000     3068.91012     3297.39850     3448.19286     3495.97841     3560.03437     3632.71435
      139.00000     3068.96985     3297.31889     3448.13311     3495.81397     3559.91541     3632.50014
      140.00000     3069.02984     3297.23897     3448.07308     3495.64887     3559.79593     3632.28502
      141.00000     3069.09010     3297.15873     3448.01279     3495.48308     3559.67592     3632.06900
      142.00000     3069.15062     3297.07818     3447.95223     3495.31662     3559.55539     3631.85208
      143.00000     3069.21142     3296.99732     3447.89141     3495.14948     3559.43434     3631.63426
      144.00000     3069.27248     3296.91614     3447.83031     3494.98167     3559.31277     3631.41554
      145.00000     3069.33381     3296.83466     3447.76895     3494.81319     3559.19068     3631.19593
      146.00000     3069.39540     3296.75287     3447.70732     3494.64404     3559.06806     3630.97542
      147.00000     3069.45727     3296.67076     3447.64542     3494.47422     3558.94493     3630.75402
      148.00000     3069.51940     3296.58835     3447.58326     3494.30373     3558.82127     3630.53172
      149.00000     3069.58180     3296.50563     3447.52082     3494.13258     3558.69710     3630.30853
      150.00000     3069.64446     3296.42260     3447.45813     3493.96075     3558.57241     3630.08445
      151.00000     3069.70740     3296.33927     3447.39516     3493.78827     3558.44720     3629.85948
      152.00000     3069.77059     3296.25563     3447.33193     3493.61511     3558.32147     3629.63363
      153.00000     3069.83406     3296.17168     3447.26843     3493.44130     3558.19522     3629.40688
      154.00000     3069.89779     3296.08743     3447.20466     3493.26682     3558.06846     3629.17925
      155.00000     3069.96179     3296.00288     3447.14063     3493.09168     3557.94117     3628.95074
      156.00000     3070.02605     3295.91802     3447.07633     3492.91588     3557.81337     3628.72134
      157.00000     3070.09059     3295.83286     3447.01176     3492.73943     3557.68506     3628.49106
      158.00000     3070.15538     3295.74740     3446.94693     3492.56231     3557.55622     3628.25989
      159.00000     3070.22045     3295.66164     3446.88183     3492.38454     3557.42687     3628.02784
      160.00000     3070.28578     3295.57558     3446.81646     3492.20611     3557.29700     3627.79492
      161.00000     3070.35138     3295.48922     3446.75083     3492.02702     3557.16662     3627.56111
      162.00000     3070.41724     3295.40255     3446.68493     3491.84728     3557.03572     3627.32643
      163.00000     3070.48337     3295.31559     3446.61876     3491.66689     3556.90430     3627.09086
      164.00000     3070.54977     3295.22834     3446.55233     3491.48584     3556.77237     3626.85442
      165.00000     3070.61643     3295.14078     3446.48563     3491.30414     3556.63992     3626.61711
      166.00000     3070.68336     3295.05293     3446.41866     3491.12180     3556.50696     3626.37891
      167.00000     3070.75056     3294.96478     3446.35143     3490.93879     3556.37348     3626.13985
      168.00000     3070.81803     3294.87634     3446.28393     3490.75514     3556.23948     3625.89991
      169.00000     3070.88576     3294.78760     3446.21616     3490.57085     3556.10497     3625.65909
      170.00000     3070.95375     3294.69856     3446.14812     3490.38590     3555.96994     3625.41741
      171.00000     3071.02202     3294.60924     3446.07982     3490.20030     3555.83440     3625.17485
      172.00000     3071.09055     3294.51962     3446.01125     3490.01406     3555.69835     3624.93142
      173.00000     3071.15935     3294.42970     3445.94242     3489.82717     3555.56177     3624.68712
      174.00000     3071.22841     3294.33950     3445.87331     3489.63964     3555.42468     3624.44195
      175.00000     3071.29774     3294.24900     3445.80394     3489.45146     3555.28708     3624.19591
      176.00000     3071.36734     3294.15821     3445.73431     3489.26264     3555.14896     3623.94900
      177.00000     3071.43721     3294.06713     3445.66440     3489.07318     3555.01033     3623.70122
      178.00000     3071.50735     3293.97576     3445.59423     3488.88307     3554.87118     3623.45258
      179.00000     3071.57775     3293.88410     3445.52378     3488.69232     3554.73151     3623.20307
      180.00000     3071.64842     3293.79216     3445.45308     3488.50093     3554.59133     3622.95269
      181.00000     3071.71936     3293.69992     3445.38210     3488.30890     3554.45063     3622.70144
      182.00000     3071.79056     3293.60739     3445.31085     3488.11622     3554.30942     3622.44933
      183.00000     3071.86204     3293.51458     3445.23934     3487.92291     3554.16769     3622.19636
      184.00000     3071.93378     3293.42148     3445.16755     3487.72896     3554.02544     3621.94252
      185.00000     3072.00579     3293.32810     3445.09550     3487.53437     3553.88268     3621.68781
      186.00000     3072.07807     3293.23443     3445.02318     3487.33914     3553.73940     3621.43224
      187.00000     3072.15062     3293.14047     3444.95059     3487.14328     3553.59561     3621.17581
      188.00000     3072.22344     3293.04623     3444.87773     3486.94677     3553.45130     3620.91851
      189.00000     3072.29653     3292.95170     3444.80461     3486.74963     3553.30647     3620.66035
      190.00000     3072.36989     3292.85689     3444.73121     3486.55186     3553.16112     3620.40133
      191.00000     3072.44351     3292.76179     3444.65754     3486.35345     3553.01526     3620.14145
      192.00000     3072.51741     3292.66642     3444.58360     3486.15440     3552.86888     3619.88070
      193.00000     3072.59158     3292.57076     3444.50939     3485.95472     3552.72198     3619.61909
      194.00000     3072.66602     3292.47481     3444.43491     3485.75441     3552.57456     3619.35662
      195.00000     3072.74072     3292.37859     3444.36016     3485.55346     3552.42663     3619.09329
      196.00000     3072.81570     3292.28208     3444.28514     3485.35187     3552.27818     3618.82910
      197.00000     3072.89095     3292.18529     3444.20985     3485.14966     3552.12921     3618.56404
      198.00000     3072.96647     3292.08823     3444.13429     3484.94681     3551.97971     3618.29813
      199.00000     3073.04226     3291.99088     3444.05845     3484.74333     3551.82970     3618.03135
      200.00000     3073.11833     3291.89325     3443.98235     3484.53922     3551.67917     3617.76372
      201.00000     3073.19466     3291.79534     3443.90597     3484.33448     3551.52812     3617.49523
      202.00000     3073.27127     3291.69716     3443.82932     3484.12910     3551.37655     3617.22587
      203.00000     3073.34815     3291.59869     3443.75239     3483.92310     3551.22446     3616.95566
      204.00000     3073.42531     3291.49995     3443.67519     3483.71646     3551.07185     3616.68458
      205.00000     3073.50273     3291.40093     3443.59772     3483.50920     3550.91872     3616.41265
      206.00000     3073.58043     3291.30163     3443.51998     3483.30130     3550.76506     3616.13985
      207.00000     3073.65841     3291.20206     3443.44196     3483.09278     3550.61089     3615.86620
      208.00000     3073.73665     3291.10221     3443.36367     3482.88362     3550.45619     3615.59169
      209.00000     3073.81518     3291.00208     3443.28510     3482.67384     3550.30097     3615.31631
      210.00000     3073.89397     3290.90168     3443.20626     3482.46343     3550.14522     3615.04008
      211.00000     3073.97304     3290.80101     3443.12714     3482.25239     3549.98895     3614.76299
      212.00000     3074.05239     3290.70005     3443.04775     3482.04072     3549.83216     3614.48504
      213.00000     3074.13201     3290.59883     3442.96808     3481.82843     3549.67484     3614.20623
      214.00000     3074.21191     3290.49733     3442.88814     3481.61551     3549.51700     3613.92656
      215.00000     3074.29209     3290.39555     3442.80792     3481.40196     3549.35863     3613.64603
      216.00000     3074.37254     3290.29351     3442.72742     3481.18778     3549.19974     3613.36464
      217.00000     3074.45327     3290.19119     3442.64665     3480.97297     3549.04032     3613.08239
      218.00000     3074.53427     3290.08859     3442.56560     3480.75754     3548.88037     3612.79928
      219.00000     3074.61556     3289.98573     3442.48427     3480.54149     3548.71990     3612.51532
      220.00000     3074.69712     3289.88259     3442.40266     3480.32480     3548.55890     3612.23049
      221.00000     3074.77896     3289.77918     3442.32077     3480.10749     3548.39737     3611.94480
      222.00000     3074.86108     3289.67550     3442.23860     3479.88956     3548.23531     3611.65825
      223.00000     3074.94347     3289.57155     3442.15616     3479.67099     3548.07272     3611.37084
      224.00000     3075.02615     3289.46733     3442.07343     3479.45181     3547.90960     3611.08257
      225.00000     3075.10911     3289.36284     3441.99043     3479.23199     3547.74595     3610.79344
      226.00000     3075.19235     3289.25808     3441.90714     3479.01155     3547.58177     3610.50345
      227.00000     3075.27586     3289.15305     3441.82358     3478.79049     3547.41706     3610.21259
      228.00000     3075.35966     3289.04775     3441.73973     3478.56880     3547.25182     3609.92088
      229.00000     3075.44375     3288.94219     3441.65560     3478.34649     3547.08604     3609.62830
      230.00000     3075.52811     3288.83635     3441.57118     3478.12355     3546.91973     3609.33486
      231.00000     3075.61276     3288.73025     3441.48649     3477.89998     3546.75288     3609.04056
      232.00000     3075.69768     3288.62387     3441.40151     3477.67579     3546.58551     3608.74540
      233.00000     3075.78290     3288.51724     3441.31625     3477.45098     3546.41759     3608.44938
      234.00000     3075.86839     3288.41033     3441.23070     3477.22554     3546.24914     3608.15249
      235.00000     3075.95417     3288.30316     3441.14487     3476.99948     3546.08015     3607.85473
      236.00000     3076.04024     3288.19572     3441.05875     3476.77279     3545.91063     3607.55612
      237.00000     3076.12659     3288.08801     3440.97235     3476.54548     3545.74057     3607.25664
      238.00000     3076.21323     3287.98004     3440.88567     3476.31754     3545.56997     3606.95629
      239.00000     3076.30015     3287.87181     3440.79869     3476.08898     3545.39882     3606.65508
      240.00000     3076.38736     3287.76330     3440.71143     3475.85979     3545.22714     3606.35301
      241.00000     3076.47486     3287.65454     3440.62388     3475.62998     3545.05492     3606.05007
      242.00000     3076.56264     3287.54551     3440.53605     3475.39954     3544.88216     3605.74626
      243.00000     3076.65071     3287.43621     3440.44792     3475.16848     3544.70885     3605.44159
      244.00000     3076.73907     3287.32665     3440.35951     3474.93680     3544.53501     3605.13605
      245.00000     3076.82772     3287.21683     3440.27081     3474.70449     3544.36061     3604.82965
      246.00000     3076.91666     3287.10675     3440.18181     3474.47156     3544.18568     3604.52237
      247.00000     3077.00589     3286.99640     3440.09253     3474.23800     3544.01020     3604.21423
      248.00000     3077.09542     3286.88579     3440.00295     3474.00382     3543.83417     3603.90522
      249.00000     3077.18523     3286.77491     3439.91309     3473.76901     3543.65759     3603.59534
      250.00000     3077.27533     3286.66378     3439.82293     3473.53357     3543.48047     3603.28459
      251.00000     3077.36573     3286.55238     3439.73248     3473.29752     3543.30280     3602.97297
      252.00000     3077.45642     3286.44072     3439.64174     3473.06083     3543.12458     3602.66048
      253.00000     3077.54740     3286.32880     3439.55070     3472.82353     3542.94581     3602.34711
      254.00000     3077.63868     3286.21662     3439.45936     3472.58559     3542.76649     3602.03288
      255.00000     3077.73025     3286.10418     3439.36774     3472.34703     3542.58661     3601.71777
      256.00000     3077.82212     3285.99148     3439.27581     3472.10785     3542.40619     3601.40179
      257.00000     3077.91429     3285.87852     3439.18360     3471.86804     3542.22521     3601.08494
      258.00000     3078.00675     3285.76530     3439.09108     3471.62760     3542.04367     3600.76721
      259.00000     3078.09950     3285.65182     3438.99827     3471.38654     3541.86158     3600.44861
      260.00000     3078.19256     3285.53808     3438.90516     3471.14486     3541.67893     3600.12914
      261.00000     3078.28591     3285.42408     3438.81175     3470.90254     3541.49573     3599.80878
      262.00000     3078.37956     3285.30982     3438.71804     3470.65960     3541.31197     3599.48755
      263.00000     3078.47351     3285.19531     3438.62403     3470.41604     3541.12765     3599.16545
      264.00000     3078.56777     3285.08053     3438.52972     3470.17185     3540.94277     3598.84246
      265.00000     3078.66232     3284.96550     3438.43511     3469.92703     3540.75732     3598.51860
      266.00000     3078.75717     3284.85021     3438.34020     3469.68158     3540.57132     3598.19385
      267.00000     3078.85233     3284.73467     3438.24498     3469.43551     3540.38475     3597.86823
      268.00000     3078.94779     3284.61887     3438.14946     3469.18881     3540.19762     3597.54173
      269.00000     3079.04355     3284.50281     3438.05364     3468.94148     3540.00992     3597.21434
      270.00000     3079.13962     3284.38649     3437.95752     3468.69352     3539.82166     3596.88607
      271.00000     3079.23599     3284.26992     3437.86109     3468.44494     3539.63283     3596.55692
      272.00000     3079.33267     3284.15309     3437.76435     3468.19573     3539.44343     3596.22689
      273.00000     3079.42965     3284.03601     3437.66731     3467.94589     3539.25347     3595.89597
      274.00000     3079.52694     3283.91867     3437.56996     3467.69542     3539.06293     3595.56416
      275.00000     3079.62454     3283.80108     3437.47230     3467.44432     3538.87182     3595.23147
      276.00000     3079.72245     3283.68323     3437.37433     3467.19259     3538.68014     3594.89789
      277.00000     3079.82066     3283.56512     3437.27606     3466.94024     3538.48788     3594.56343
      278.00000     3079.91919     3283.44677     3437.17747     3466.68725     3538.29505     3594.22807
      279.00000     3080.01802     3283.32816     3437.07857     3466.43363     3538.10165     3593.89183
      280.00000     3080.11717     3283.20929     3436.97937     3466.17939     3537.90767     3593.55469
      281.00000     3080.21663     3283.09017     3436.87985     3465.92451     3537.71311     3593.21667
      282.00000     3080.31640     3282.97080     3436.78001     3465.66900     3537.51797     3592.87775
      283.00000     3080.41648     3282.85118     3436.67987     3465.41286     3537.32225     3592.53794
      284.00000     3080.51688     3282.73130     3436.57940     3465.15609     3537.12595     3592.19723
      285.00000     3080.61760     3282.61117     3436.47863     3464.89869     3536.92907     3591.85563
      286.00000     3080.71863     3282.49079     3436.37753     3464.64065     3536.73160     3591.51314
      287.00000     3080.81997     3282.37016     3436.27612     3464.38198     3536.53355     3591.16974
      288.00000     3080.92164     3282.24927     3436.17440     3464.12268     3536.33491     3590.82545
      289.00000     3081.02362     3282.12814     3436.07235     3463.86275     3536.13569     3590.48026
      290.00000     3081.12592     3282.00675     3435.96998     3463.60218     3535.93587     3590.13417
      291.00000     3081.22854     3281.88511     3435.86730     3463.34098     3535.73547     3589.78718
      292.00000     3081.33148     3281.76323     3435.76429     3463.07914     3535.53447     3589.43929
      293.00000     3081.43475     3281.64109     3435.66096     3462.81667     3535.33288     3589.09049
      294.00000     3081.53833     3281.51870     3435.55731     3462.55357     3535.13070     3588.74080
      295.00000     3081.64224     3281.39606     3435.45334     3462.28983     3534.92792     3588.39019
      296.00000     3081.74648     3281.27317     3435.34904     3462.02545     3534.72455     3588.03868
      297.00000     3081.85103     3281.15003     3435.24441     3461.76044     3534.52058     3587.68626
      298.00000     3081.95592     3281.02665     3435.13946     3461.49479     3534.31601     3587.33294
      299.00000     3082.06113     3280.90301     3435.03419     3461.22850     3534.11084     3586.97870
      300.00000     3082.16666     3280.77913     3434.92858     3460.96158     3533.90507     3586.62356
      301.00000     3082.27253     3280.65500     3434.82265     3460.69401     3533.69869     3586.26750
      302.00000     3082.37873     3280.53062     3434.71639     3460.42581     3533.49171     3585.91053
      303.00000     3082.48525     3280.40599     3434.60979     3460.15697     3533.28413     3585.55265
      304.00000     3082.59211     3280.28111     3434.50287     3459.88750     3533.07593     3585.19385
      305.00000     3082.69930     3280.15599     3434.39561     3459.61738     3532.86713     3584.83414
      306.00000     3082.80682     3280.03062     3434.28802     3459.34662     3532.65772     3584.47351
      307.00000     3082.91467     3279.90501     3434.18009     3459.07522     3532.44769     3584.11196
      308.00000     3083.02286     3279.77914     3434.07183     3458.80318     3532.23706     3583.74949
      309.00000     3083.13139     3279.65303     3433.96324     3458.53050     3532.02581     3583.38610
      310.00000     3083.24025     3279.52668     3433.85430     3458.25717     3531.81394     3583.02179
      311.00000     3083.34945     3279.40008     3433.74503     3457.98320     3531.60145     3582.65655
      312.00000     3083.45899     3279.27323     3433.63542     3457.70859     3531.38835     3582.29039
      313.00000     3083.56887     3279.14614     3433.52547     3457.43334     3531.17462     3581.92330
      314.00000     3083.67909     3279.01881     3433.41518     3457.15744     3530.96028     3581.55529
      315.00000     3083.78966     3278.89123     3433.30454     3456.88090     3530.74531     3581.18634
      316.00000     3083.90056     3278.76340     3433.19357     3456.60371     3530.52971     3580.81647
      317.00000     3084.01181     3278.63533     3433.08225     3456.32588     3530.31349     3580.44567
      318.00000     3084.12340     3278.50702     3432.97058     3456.04739     3530.09664     3580.07393
      319.00000     3084.23534     3278.37846     3432.85857     3455.76827     3529.87915     3579.70126
      320.00000     3084.34763     3278.24966     3432.74621     3455.48849     3529.66104     3579.32765
      321.00000     3084.46026     3278.12062     3432.63350     3455.20807     3529.44229     3578.95311
      322.00000     3084.57324     3277.99133     3432.52044     3454.92700     3529.22291     3578.57762
      323.00000     3084.68658     3277.86181     3432.40703     3454.64528     3529.00289     3578.20120
      324.00000     3084.80026     3277.73204     3432.29327     3454.36291     3528.78224     3577.82384
      325.00000     3084.91430     3277.60202     3432.17916     3454.07988     3528.56094     3577.44554
      326.00000     3085.02869     3277.47177     3432.06470     3453.79621     3528.33900     3577.06629
      327.00000     3085.14343     3277.34127     3431.94987     3453.51189     3528.11642     3576.68609
      328.00000     3085.25853     3277.21054     3431.83470     3453.22691     3527.89320     3576.30495
      329.00000     3085.37399     3277.07956     3431.71916     3452.94128     3527.66932     3575.92286
      330.00000     3085.48981     3276.94834     3431.60327     3452.65500     3527.44480     3575.53982
      331.00000     3085.60598     3276.81688     3431.48702     3452.36806     3527.21963     3575.15583
      332.00000     3085.72251     3276.68518     3431.37041     3452.08047     3526.99380     3574.77089
      333.00000     3085.83941     3276.55324     3431.25343     3451.79222     3526.76732     3574.38499
      334.00000     3085.95667     3276.42106     3431.13610     3451.50332     3526.54019     3573.99813
      335.00000     3086.07429     3276.28865     3431.01840     3451.21376     3526.31239     3573.61032
      336.00000     3086.19228     3276.15599     3430.90033     3450.92354     3526.08394     3573.22155
      337.00000     3086.31063     3276.02309     3430.78190     3450.63266     3525.85483     3572.83182
      338.00000     3086.42935     3275.88996     3430.66309     3450.34113     3525.62505     3572.44112
      339.00000     3086.54844     3275.75659     3430.54392     3450.04893     3525.39461     3572.04946
      340.00000     3086.66790     3275.62298     3430.42438     3449.75608     3525.16350     3571.65684
      341.00000     3086.78773     3275.48913     3430.30447     3449.46256     3524.93172     3571.26324
      342.00000     3086.90793     3275.35504     3430.18419     3449.16838     3524.69927     3570.86868
      343.00000     3087.02851     3275.22072     3430.06353     3448.87354     3524.46614     3570.47315
      344.00000     3087.14946     3275.08616     3429.94249     3448.57803     3524.23234     3570.07664
      345.00000     3087.27079     3274.95136     3429.82108     3448.28187     3523.99787     3569.67916
      346.00000     3087.39249     3274.81633     3429.69929     3447.98503     3523.76271     3569.28071
      347.00000     3087.51458     3274.68106     3429.57713     3447.68753     3523.52688     3568.88127
      348.00000     3087.63704     3274.54556     3429.45458     3447.38937     3523.29036     3568.48086
      349.00000     3087.75989     3274.40982     3429.33165     3447.09054     3523.05315     3568.07946
      350.00000     3087.88312     3274.27385     3429.20833     3446.79104     3522.81526     3567.67708
      351.00000     3088.00673     3274.13764     3429.08463     3446.49087     3522.57668     3567.27372
      352.00000     3088.13073     3274.00119     3428.96055     3446.19003     3522.33741     3566.86937
      353.00000     3088.25512     3273.86452     3428.83608     3445.88852     3522.09744     3566.46403
      354.00000     3088.37989     3273.72761     3428.71122     3445.58634     3521.85678     3566.05770
      355.00000     3088.50506     3273.59046     3428.58596     3445.28349     3521.61541     3565.65038
      356.00000     3088.63061     3273.45308     3428.46032     3444.97997     3521.37335     3565.24206
      357.00000     3088.75656     3273.31547     3428.33428     3444.67577     3521.13059     3564.83274
      358.00000     3088.88290     3273.17763     3428.20785     3444.37089     3520.88712     3564.42243
      359.00000     3089.00964     3273.03955     3428.08103     3444.06535     3520.64294     3564.01112
      360.00000     3089.13678     3272.90124     3427.95380     3443.75912     3520.39806     3563.59880
      361.00000     3089.26431     3272.76270     3427.82618     3443.45222     3520.15246     3563.18548
      362.00000     3089.39225     3272.62393     3427.69815     3443.14464     3519.90615     3562.77116
      363.00000     3089.52058     3272.48493     3427.56973     3442.83638     3519.65912     3562.35583
      364.00000     3089.64932     3272.34570     3427.44090     3442.52745     3519.41138     3561.93948
      365.00000     3089.77846     3272.20624     3427.31166     3442.21783     3519.16291     3561.52212
      366.00000     3089.90801     3272.06654     3427.18202     3441.90753     3518.91372     3561.10375
      367.00000     3090.03797     3271.92662     3427.05197     3441.59654     3518.66380     3560.68436
      368.00000     3090.16834     3271.78647     3426.92151     3441.28488     3518.41316     3560.26396
      369.00000     3090.29912     3271.64609     3426.79064     3440.97253     3518.16178     3559.84253
      370.00000     3090.43031     3271.50548     3426.65935     3440.65949     3517.90968     3559.42008
      371.00000     3090.56191     3271.36464     3426.52765     3440.34577     3517.65683     3558.99660
      372.00000     3090.69393     3271.22357     3426.39554     3440.03136     3517.40325     3558.57210
      373.00000     3090.82637     3271.08228     3426.26301     3439.71626     3517.14893     3558.14657
      374.00000     3090.95923     3270.94076     3426.13005     3439.40048     3516.89386     3557.72000
      375.00000     3091.09251     3270.79901     3425.99668     3439.08400     3516.63805     3557.29240
      376.00000     3091.22621     3270.65703     3425.86288     3438.76683     3516.38149     3556.86377
      377.00000     3091.36033     3270.51483     3425.72866     3438.44897     3516.12418     3556.43410
      378.00000     3091.49488     3270.37240     3425.59401     3438.13042     3515.86611     3556.00338
      379.00000     3091.62986     3270.22975     3425.45893     3437.81117     3515.60729     3555.57162
      380.00000     3091.76527     3270.08687     3425.32343     3437.49123     3515.34771     3555.13882
      381.00000     3091.90111     3269.94377     3425.18749     3437.17059     3515.08736     3554.70497
      382.00000     3092.03738     3269.80044     3425.05112     3436.84925     3514.82626     3554.27007
      383.00000     3092.17408     3269.65689     3424.91431     3436.52722     3514.56438     3553.83412
      384.00000     3092.31123     3269.51312     3424.77707     3436.20448     3514.30173     3553.39711
      385.00000     3092.44881     3269.36912     3424.63938     3435.88105     3514.03832     3552.95904
      386.00000     3092.58683     3269.22490     3424.50126     3435.55691     3513.77412     3552.51992
      387.00000     3092.72529     3269.08046     3424.36269     3435.23207     3513.50915     3552.07973
      388.00000     3092.86420     3268.93579     3424.22368     3434.90653     3513.24339     3551.63847
      389.00000     3093.00356     3268.79091     3424.08423     3434.58028     3512.97685     3551.19615
      390.00000     3093.14336     3268.64580     3423.94432     3434.25333     3512.70953     3550.75276
      391.00000     3093.28361     3268.50047     3423.80397     3433.92566     3512.44141     3550.30830
      392.00000     3093.42431     3268.35492     3423.66316     3433.59729     3512.17250     3549.86276
      393.00000     3093.56547     3268.20915     3423.52190     3433.26821     3511.90279     3549.41615
      394.00000     3093.70708     3268.06316     3423.38018     3432.93842     3511.63228     3548.96845
      395.00000     3093.84915     3267.91695     3423.23800     3432.60792     3511.36097     3548.51967
      396.00000     3093.99168     3267.77053     3423.09536     3432.27671     3511.08886     3548.06981
      397.00000     3094.13467     3267.62388     3422.95227     3431.94478     3510.81594     3547.61885
      398.00000     3094.27812     3267.47702     3422.80870     3431.61213     3510.54220     3547.16681
      399.00000     3094.42205     3267.32994     3422.66467     3431.27877     3510.26765     3546.71367
      400.00000     3094.56643     3267.18264     3422.52017     3430.94469     3509.99228     3546.25944
      401.00000     3094.71129     3267.03513     3422.37521     3430.60990     3509.71609     3545.80410
      402.00000     3094.85662     3266.88740     3422.22976     3430.27438     3509.43907     3545.34767
      403.00000     3095.00243     3266.73945     3422.08385     3429.93814     3509.16123     3544.89013
      404.00000     3095.14871     3266.59129     3421.93745     3429.60118     3508.88255     3544.43148
      405.00000     3095.29547     3266.44292     3421.79058     3429.26349     3508.60304     3543.97172
      406.00000     3095.44271     3266.29433     3421.64323     3428.92508     3508.32269     3543.51085
      407.00000     3095.59043     3266.14553     3421.49539     3428.58594     3508.04150     3543.04886
      408.00000     3095.73864     3265.99651     3421.34707     3428.24607     3507.75947     3542.58575
      409.00000     3095.88734     3265.84728     3421.19825     3427.90547     3507.47658     3542.12152
      410.00000     3096.03653     3265.69784     3421.04895     3427.56415     3507.19284     3541.65617
      411.00000     3096.18621     3265.54819     3420.89916     3427.22209     3506.90825     3541.18968
      412.00000     3096.33638     3265.39833     3420.74887     3426.87930     3506.62280     3540.72207
      413.00000     3096.48705     3265.24825     3420.59808     3426.53577     3506.33649     3540.25332
      414.00000     3096.63822     3265.09797     3420.44679     3426.19151     3506.04931     3539.78343
      415.00000     3096.78989     3264.94748     3420.29500     3425.84651     3505.76125     3539.31241
      416.00000     3096.94207     3264.79677     3420.14270     3425.50077     3505.47233     3538.84023
      417.00000     3097.09475     3264.64586     3419.98990     3425.15429     3505.18253     3538.36692
      418.00000     3097.24794     3264.49474     3419.83659     3424.80707     3504.89184     3537.89245
      419.00000     3097.40164     3264.34342     3419.68277     3424.45911     3504.60027     3537.41683
      420.00000     3097.55586     3264.19188     3419.52843     3424.11040     3504.30782     3536.94005
      421.00000     3097.71059     3264.04015     3419.37357     3423.76095     3504.01446     3536.46211
      422.00000     3097.86585     3263.88820     3419.21819     3423.41075     3503.72022     3535.98301
      423.00000     3098.02162     3263.73605     3419.06229     3423.05980     3503.42507     3535.50274
      424.00000     3098.17792     3263.58370     3418.90587     3422.70810     3503.12901     3535.02130
      425.00000     3098.33474     3263.43114     3418.74892     3422.35565     3502.83205     3534.53869
      426.00000     3098.49210     3263.27838     3418.59144     3422.00245     3502.53418     3534.05491
      427.00000     3098.64999     3263.12541     3418.43342     3421.64849     3502.23538     3533.56994
      428.00000     3098.80841     3262.97225     3418.27487     3421.29377     3501.93567     3533.08379
      429.00000     3098.96737     3262.81888     3418.11578     3420.93830     3501.63503     3532.59645
      430.00000     3099.12687     3262.66531     3417.95615     3420.58207     3501.33346     3532.10792
      431.00000     3099.28692     3262.51155     3417.79597     3420.22507     3501.03096     3531.61820
      432.00000     3099.44751     3262.35758     3417.63525     3419.86732     3500.72752     3531.12728
      433.00000     3099.60865     3262.20341     3417.47398     3419.50880     3500.42314     3530.63516
      434.00000     3099.77034     3262.04905     3417.31215     3419.14951     3500.11781     3530.14183
      435.00000     3099.93259     3261.89449     3417.14977     3418.78946     3499.81152     3529.64729
      436.00000     3100.09540     3261.73973     3416.98683     3418.42864     3499.50429     3529.15154
      437.00000     3100.25876     3261.58478     3416.82333     3418.06705     3499.19609     3528.65458
      438.00000     3100.42269     3261.42963     3416.65927     3417.70469     3498.88693     3528.15640
      439.00000     3100.58719     3261.27428     3416.49463     3417.34155     3498.57679     3527.65699
      440.00000     3100.75226     3261.11875     3416.32943     3416.97764     3498.26569     3527.15635
      441.00000     3100.91790     3260.96302     3416.16365     3416.61295     3497.95360     3526.65448
      442.00000     3101.08412     3260.80709     3415.99730     3416.24748     3497.64054     3526.15138
      443.00000     3101.25091     3260.65098     3415.83036     3415.88123     3497.32648     3525.64704
      444.00000     3101.41829     3260.49467     3415.51420     3415.66284     3497.01143     3525.14145
      445.00000     3101.58625     3260.33818     3415.14638     3415.49474     3496.69538     3524.63462
      446.00000     3101.75481     3260.18149     3414.77778     3415.32604     3496.37833     3524.12653
      447.00000     3101.92395     3260.02462     3414.40839     3415.15675     3496.06027     3523.61719
      448.00000     3102.09369     3259.86756     3414.03821     3414.98687     3495.74120     3523.10659
      449.00000     3102.26403     3259.71031     3413.66725     3414.81638     3495.42111     3522.59473
      450.00000     3102.43498     3259.55288     3413.29548     3414.64529     3495.09999     3522.08159
      451.00000     3102.60653     3259.39526     3412.92293     3414.47360     3494.77785     3521.56719
      452.00000     3102.77868     3259.23746     3412.54957     3414.30129     3494.45467     3521.05151
      453.00000     3102.95146     3259.07947     3412.17542     3414.12837     3494.13046     3520.53455
      454.00000     3103.12484     3258.92131     3411.80047     3413.95484     3493.80520     3520.01630
      455.00000     3103.29885     3258.76296     3411.42472     3413.78068     3493.47889     3519.49676
      456.00000     3103.47348     3258.60443     3411.04816     3413.60590     3493.15153     3518.97593
      457.00000     3103.64874     3258.44572     3410.67079     3413.43049     3492.82310     3518.45380
      458.00000     3103.82463     3258.28683     3410.29262     3413.25444     3492.49361     3517.93037
      459.00000     3104.00115     3258.12776     3409.91364     3413.07776     3492.16305     3517.40563
      460.00000     3104.17832     3257.96852     3409.53385     3412.90045     3491.83141     3516.87957
      461.00000     3104.35612     3257.80910     3409.15324     3412.72249     3491.49868     3516.35220
      462.00000     3104.53457     3257.64951     3408.77182     3412.54388     3491.16487     3515.82351
      463.00000     3104.71367     3257.48974     3408.38958     3412.36462     3490.82996     3515.29349
      464.00000     3104.89343     3257.32980     3408.00651     3412.18471     3490.49395     3514.76215
      465.00000     3105.07384     3257.16968     3407.62263     3412.00413     3490.15684     3514.22946
      466.00000     3105.25492     3257.00940     3407.23793     3411.82290     3489.81861     3513.69544
      467.00000     3105.43666     3256.84895     3406.85239     3411.64099     3489.47926     3513.16006
      468.00000     3105.61907     3256.68833     3406.46603     3411.45842     3489.13879     3512.62334
      469.00000     3105.80215     3256.52754     3406.07884     3411.27517     3488.79718     3512.08526
      470.00000     3105.98592     3256.36658     3405.69082     3411.09124     3488.45444     3511.54583
      471.00000     3106.17037     3256.20546     3405.30197     3410.90663     3488.11055     3511.00502
      472.00000     3106.35550     3256.04418     3404.91227     3410.72132     3487.76551     3510.46285
      473.00000     3106.54133     3255.88273     3404.52174     3410.53533     3487.41932     3509.91930
      474.00000     3106.72785     3255.72112     3404.13037     3410.34864     3487.07196     3509.37437
      475.00000     3106.91507     3255.55935     3403.73815     3410.16124     3486.72343     3508.82805
      476.00000     3107.10300     3255.39742     3403.34509     3409.97314     3486.37372     3508.28034
      477.00000     3107.29164     3255.23533     3402.95118     3409.78433     3486.02283     3507.73123
      478.00000     3107.48099     3255.07309     3402.55642     3409.59481     3485.67075     3507.18072
      479.00000     3107.67106     3254.91069     3402.16081     3409.40456     3485.31747     3506.62880
      480.00000     3107.86186     3254.74813     3401.76435     3409.21359     3484.96298     3506.07547
      481.00000     3108.05338     3254.58542     3401.36703     3409.02189     3484.60728     3505.52072
      482.00000     3108.24563     3254.42256     3400.96885     3408.82946     3484.25037     3504.96454
      483.00000     3108.43863     3254.25956     3400.56980     3408.63628     3483.89222     3504.40693
      484.00000     3108.63236     3254.09640     3400.16990     3408.44237     3483.53285     3503.84789
      485.00000     3108.82685     3253.93309     3399.76913     3408.24770     3483.17223     3503.28740
      486.00000     3109.02209     3253.76964     3399.36749     3408.05228     3482.81036     3502.72547
      487.00000     3109.21808     3253.60604     3398.96498     3407.85610     3482.44723     3502.16208
      488.00000     3109.41484     3253.44231     3398.56159     3407.65915     3482.08284     3501.59723
      489.00000     3109.61237     3253.27842     3398.15733     3407.46143     3481.71718     3501.03092
      490.00000     3109.81068     3253.11440     3397.75219     3407.26294     3481.35024     3500.46313
      491.00000     3110.00976     3252.95024     3397.34617     3407.06367     3480.98201     3499.89387
      492.00000     3110.20963     3252.78595     3396.93927     3406.86361     3480.61248     3499.32312
      493.00000     3110.41028     3252.62152     3396.53148     3406.66276     3480.24165     3498.75088
      494.00000     3110.61174     3252.45695     3396.12280     3406.46111     3479.86951     3498.17714
      495.00000     3110.81399     3252.29225     3395.71323     3406.25866     3479.49604     3497.60190
      496.00000     3111.01706     3252.12743     3395.30277     3406.05540     3479.12125     3497.02515
      497.00000     3111.22093     3251.96247     3394.89141     3405.85133     3478.74512     3496.44688
      498.00000     3111.42563     3251.79738     3394.47915     3405.64643     3478.36764     3495.86709
      499.00000     3111.63115     3251.63218     3394.06599     3405.44071     3477.98880     3495.28577
      500.00000     3111.83750     3251.46684     3393.65193     3405.23416     3477.60860     3494.70291
      501.00000     3112.04469     3251.30139     3393.23696     3405.02676     3477.22703     3494.11851
      502.00000     3112.25272     3251.13581     3392.82107     3404.81853     3476.84407     3493.53255
      503.00000     3112.46160     3250.97012     3392.40428     3404.60944     3476.45973     3492.94504
      504.00000     3112.67134     3250.80432     3391.98657     3404.39949     3476.07398     3492.35597
      505.00000     3112.88194     3250.63839     3391.56794     3404.18868     3475.68682     3491.76532
      506.00000     3113.09341     3250.47236     3391.14839     3403.97700     3475.29824     3491.17310
      507.00000     3113.30576     3250.30622     3390.72792     3403.76444     3474.90823     3490.57929
      508.00000     3113.51898     3250.13996     3390.30652     3403.55100     3474.51677     3489.98388
      509.00000     3113.73310     3249.97361     3389.88419     3403.33666     3474.12387     3489.38687
      510.00000     3113.94811     3249.80714     3389.46092     3403.12143     3473.72951     3488.78826
      511.00000     3114.16403     3249.64058     3389.03672     3402.90530     3473.33368     3488.18803
      512.00000     3114.38085     3249.47392     3388.61158     3402.68825     3472.93637     3487.58617
      513.00000     3114.59859     3249.30716     3388.18550     3402.47029     3472.53757     3486.98269
      514.00000     3114.81726     3249.14030     3387.75848     3402.25140     3472.13726     3486.37756
      515.00000     3115.03686     3248.97335     3387.33051     3402.03157     3471.73545     3485.77079
      516.00000     3115.25740     3248.80632     3386.90158     3401.81081     3471.33211     3485.16236
      517.00000     3115.47888     3248.63919     3386.47170     3401.58909     3470.92723     3484.55227
      518.00000     3115.70132     3248.47198     3386.04087     3401.36642     3470.52082     3483.94050
      519.00000     3115.92472     3248.30468     3385.60907     3401.14279     3470.11284     3483.32706
      520.00000     3116.14909     3248.13731     3385.17631     3400.91818     3469.70329     3482.71193
      521.00000     3116.37444     3247.96986     3384.74258     3400.69260     3469.29217     3482.09510
      522.00000     3116.60077     3247.80233     3384.30789     3400.46602     3468.87945     3481.47656
      523.00000     3116.82810     3247.63473     3383.87222     3400.23845     3468.46513     3480.85632
      524.00000     3117.05643     3247.46706     3383.43557     3400.00988     3468.04920     3480.23434
      525.00000     3117.28577     3247.29932     3382.99794     3399.78029     3467.63163     3479.61064
      526.00000     3117.51614     3247.13152     3382.55933     3399.54969     3467.21243     3478.98520
      527.00000     3117.74753     3246.96365     3382.11973     3399.31805     3466.79157     3478.35800
      528.00000     3117.97995     3246.79573     3381.67914     3399.08537     3466.36904     3477.72905
      529.00000     3118.21343     3246.62775     3381.23755     3398.85164     3465.94484     3477.09833
      530.00000     3118.44795     3246.45972     3380.79497     3398.61686     3465.51895     3476.46583
      531.00000     3118.68355     3246.29164     3380.35139     3398.38101     3465.09134     3475.83154
      532.00000     3118.92021     3246.12351     3379.90680     3398.14409     3464.66202     3475.19546
      533.00000     3119.15796     3245.95535     3379.46121     3397.90608     3464.23097     3474.55756
      534.00000     3119.39680     3245.78714     3379.01460     3397.66697     3463.79817     3473.91786
      535.00000     3119.63675     3245.61889     3378.56697     3397.42676     3463.36361     3473.27632
      536.00000     3119.87780     3245.45061     3378.11833     3397.18544     3462.92727     3472.63295
      537.00000     3120.11998     3245.28230     3377.66867     3396.94299     3462.48915     3471.98773
      538.00000     3120.36330     3245.11397     3377.21797     3396.69940     3462.04921     3471.34066
      539.00000     3120.60775     3244.94561     3376.76625     3396.45467     3461.60746     3470.69171
      540.00000     3120.85336     3244.77723     3376.31349     3396.20878     3461.16388     3470.04089
      541.00000     3121.10013     3244.60884     3375.85969     3395.96173     3460.71844     3469.38818
      542.00000     3121.34808     3244.44044     3375.40485     3395.71350     3460.27114     3468.73357
      543.00000     3121.59722     3244.27203     3374.94897     3395.46408     3459.82195     3468.07704
      544.00000     3121.84755     3244.10361     3374.49203     3395.21346     3459.37087     3467.41860
      545.00000     3122.09910     3243.93520     3374.03404     3394.96163     3458.91787     3466.75822
      546.00000     3122.35186     3243.76679     3373.57499     3394.70857     3458.46294     3466.09589
      547.00000     3122.60586     3243.59839     3373.11488     3394.45428     3458.00606     3465.43161
      548.00000     3122.86110     3243.43000     3372.65371     3394.19874     3457.54722     3464.76536
      549.00000     3123.11759     3243.26163     3372.19146     3393.94195     3457.08639     3464.09713
      550.00000     3123.37536     3243.09328     3371.72813     3393.68388     3456.62357     3463.42691
      551.00000     3123.63441     3242.92496     3371.26373     3393.42452     3456.15872     3462.75468
      552.00000     3123.89475     3242.75667     3370.79824     3393.16387     3455.69184     3462.08043
      553.00000     3124.15640     3242.58841     3370.33167     3392.90191     3455.22290     3461.40415
      554.00000     3124.41937     3242.42020     3369.86400     3392.63863     3454.75189     3460.72583
      555.00000     3124.68368     3242.25203     3369.39523     3392.37400     3454.27878     3460.04546
      556.00000     3124.94933     3242.08391     3368.92537     3392.10803     3453.80356     3459.36302
      557.00000     3125.21635     3241.91585     3368.45440     3391.84069     3453.32621     3458.67849
      558.00000     3125.48474     3241.74785     3367.98231     3391.57198     3452.84670     3457.99187
      559.00000     3125.75452     3241.57992     3367.50912     3391.30186     3452.36502     3457.30314
      560.00000     3126.02571     3241.41205     3367.03480     3391.03035     3451.88114     3456.61228
      561.00000     3126.29832     3241.24427     3366.55936     3390.75740     3451.39505     3455.91929
      562.00000     3126.57236     3241.07657     3366.08279     3390.48302     3450.90672     3455.22415
      563.00000     3126.84785     3240.90896     3365.60508     3390.20718     3450.41613     3454.52684
      564.00000     3127.12482     3240.74144     3365.12624     3389.92988     3449.92326     3453.82735
      565.00000     3127.40326     3240.57402     3364.64625     3389.65109     3449.42808     3453.12567
      566.00000     3127.68320     3240.40672     3364.16512     3389.37079     3448.93058     3452.42177
      567.00000     3127.96466     3240.23952     3363.68283     3389.08898     3448.43072     3451.71565
      568.00000     3128.24765     3240.07245     3363.19938     3388.80563     3447.92849     3451.00729
      569.00000     3128.53220     3239.90551     3362.71477     3388.52072     3447.42386     3450.29667
      570.00000     3128.81831     3239.73869     3362.22899     3388.23425     3446.91680     3449.58378
      571.00000     3129.10600     3239.57202     3361.74204     3387.94618     3446.40730     3448.86860
      572.00000     3129.39530     3239.40550     3361.25390     3387.65651     3445.89531     3448.15111
      573.00000     3129.68622     3239.23914     3360.76458     3387.36521     3445.38083     3447.43130
      574.00000     3129.97879     3239.07294     3360.27408     3387.07226     3444.86381     3446.70916
      575.00000     3130.27301     3238.90690     3359.78237     3386.77765     3444.34424     3445.98465
      576.00000     3130.56892     3238.74105     3359.28947     3386.48136     3443.82209     3445.25777
      577.00000     3130.86653     3238.57538     3358.79536     3386.18336     3443.29732     3444.52850
      578.00000     3131.16585     3238.40991     3358.30004     3385.88363     3442.76991     3443.79681
      579.00000     3131.46693     3238.24465     3357.80350     3385.58216     3442.23984     3443.06270
      580.00000     3131.76976     3238.07959     3357.30574     3385.27892     3441.70706     3442.32614
      581.00000     3132.07438     3237.91476     3356.80675     3384.97388     3441.17155     3441.58712
      582.00000     3132.38081     3237.75015     3356.30652     3384.66704     3440.63327     3440.84561
      583.00000     3132.68907     3237.58579     3355.80506     3384.35836     3440.09221     3440.10159
      584.00000     3132.99919     3237.42167     3355.30235     3384.04782     3439.35505     3439.54832
      585.00000     3133.31118     3237.25782     3354.79838     3383.73540     3438.60596     3439.00156
      586.00000     3133.62507     3237.09423     3354.29316     3383.42107     3437.85431     3438.45192
      587.00000     3133.94089     3236.93092     3353.78667     3383.10481     3437.10007     3437.89935
      588.00000     3134.25867     3236.76790     3353.27892     3382.78660     3436.34322     3437.34381
      589.00000     3134.57842     3236.60519     3352.76988     3382.46640     3435.58374     3436.78528
      590.00000     3134.90018     3236.44278     3352.25957     3382.14419     3434.82161     3436.22371
      591.00000     3135.22396     3236.28070     3351.74796     3381.81994     3434.05681     3435.65907
      592.00000     3135.54981     3236.11895     3351.23506     3381.49363     3433.28931     3435.09131
      593.00000     3135.87775     3235.95755     3350.72086     3381.16522     3432.51908     3434.52041
      594.00000     3136.20780     3235.79650     3350.20535     3380.83470     3431.74612     3433.94632
      595.00000     3136.53999     3235.63583     3349.68853     3380.50202     3430.97038     3433.36900
      596.00000     3136.87437     3235.47555     3349.17038     3380.16716     3430.19185     3432.78840
      597.00000     3137.21095     3235.31566     3348.65090     3379.83009     3429.41050     3432.20449
      598.00000     3137.54976     3235.15618     3348.13009     3379.49077     3428.62631     3431.61722
      599.00000     3137.89085     3234.99713     3347.60794     3379.14918     3427.83925     3431.02655
      600.00000     3138.23425     3234.83852     3347.08444     3378.80527     3427.04930     3430.43243
      601.00000     3138.57998     3234.68036     3346.55959     3378.45903     3426.25642     3429.83481
      602.00000     3138.92809     3234.52268     3346.03337     3378.11040     3425.46059     3429.23365
      603.00000     3139.27860     3234.36548     3345.50578     3377.75935     3424.66178     3428.62890
      604.00000     3139.63156     3234.20878     3344.97681     3377.40585     3423.85997     3428.02050
      605.00000     3139.98700     3234.05261     3344.44646     3377.04987     3423.05512     3427.40842
      606.00000     3140.34497     3233.89697     3343.91472     3376.69135     3422.24721     3426.79258
      607.00000     3140.70549     3233.74188     3343.38158     3376.33027     3421.43620     3426.17295
      608.00000     3141.06862     3233.58737     3342.84704     3375.96658     3420.62206     3425.54946
      609.00000     3141.43439     3233.43344     3342.31108     3375.60024     3419.80476     3424.92207
      610.00000     3141.80285     3233.28013     3341.77370     3375.23120     3418.98428     3424.29070
      611.00000     3142.17403     3233.12745     3341.23489     3374.85943     3418.16057     3423.65530
      612.00000     3142.54799     3232.97542     3340.69464     3374.48487     3417.33361     3423.01581
      613.00000     3142.92477     3232.82406     3340.15296     3374.10749     3416.50335     3422.37218
      614.00000     3143.30442     3232.67339     3339.60981     3373.72723     3415.66977     3421.72432
      615.00000     3143.68698     3232.52344     3339.06521     3373.34404     3414.83283     3421.07219
      616.00000     3144.07251     3232.37424     3338.51915     3372.95788     3413.99248     3420.41570
      617.00000     3144.46106     3232.22579     3337.97160     3372.56870     3413.14871     3419.75479
      618.00000     3144.85268     3232.07813     3337.42258     3372.17643     3412.30146     3419.08940
      619.00000     3145.24743     3231.93129     3336.87206     3371.78102     3411.45069     3418.41944
      620.00000     3145.64536     3231.78529     3336.32004     3371.38243     3410.59638     3417.74484
      621.00000     3146.04653     3231.64016     3335.76652     3370.98058     3409.73847     3417.06552
      622.00000     3146.45099     3231.49592     3335.21148     3370.57543     3408.87693     3416.38140
      623.00000     3146.85882     3231.35261     3334.65491     3370.16691     3408.01170     3415.69241
      624.00000     3147.27007     3231.21025     3334.09681     3369.75495     3407.14276     3414.99845
      625.00000     3147.68482     3231.06888     3333.53717     3369.33949     3406.27005     3414.29945
      626.00000     3148.10311     3230.92853     3332.97599     3368.92046     3405.39352     3413.59530
      627.00000     3148.52504     3230.78924     3332.41324     3368.49779     3404.51314     3412.88592
      628.00000     3148.95066     3230.65103     3331.84893     3368.07142     3403.62885     3412.17121
      629.00000     3149.38005     3230.51395     3331.28305     3367.64126     3402.74060     3411.45107
      630.00000     3149.81330     3230.37803     3330.71558     3367.20725     3401.84834     3410.72541
      631.00000     3150.25046     3230.24331     3330.14652     3366.76929     3400.95202     3409.99411
      632.00000     3150.69164     3230.10983     3329.57587     3366.32731     3400.05159     3409.25708
      633.00000     3151.13691     3229.97763     3329.00360     3365.88123     3399.14699     3408.51419
      634.00000     3151.58636     3229.84676     3328.42972     3365.43095     3398.23816     3407.76534
      635.00000     3152.04008     3229.71726     3327.85422     3364.97639     3397.32505     3407.01040
      636.00000     3152.49817     3229.58918     3327.27708     3364.51745     3396.40760     3406.24925
      637.00000     3152.96071     3229.46257     3326.69830     3364.05403     3395.48574     3405.48176
      638.00000     3153.42782     3229.33747     3326.11788     3363.58604     3394.55941     3404.70780
      639.00000     3153.89959     3229.21395     3325.53579     3363.11336     3393.62856     3403.92724
      640.00000     3154.37614     3229.09206     3324.95204     3362.63590     3392.69310     3403.13994
      641.00000     3154.85758     3228.97184     3324.36662     3362.15353     3391.75298     3402.34574
      642.00000     3155.34402     3228.85338     3323.77952     3361.66614     3390.80812     3401.54449
      643.00000     3155.83558     3228.73672     3323.19073     3361.17361     3389.85845     3400.73604
      644.00000     3156.33239     3228.62193     3322.60025     3360.67581     3388.90389     3399.92022
      645.00000     3156.83459     3228.50908     3322.00806     3360.17261     3387.94438     3399.09687
      646.00000     3157.34230     3228.39825     3321.41417     3359.66387     3386.97982     3398.26580
      647.00000     3157.85568     3228.28950     3320.81856     3359.14945     3386.01013     3397.42683
      648.00000     3158.37486     3228.18292     3320.22122     3358.62920     3385.03523     3396.57978
      649.00000     3158.90001     3228.07859     3319.62216     3358.10297     3384.05504     3395.72443
      650.00000     3159.43128     3227.97658     3319.02137     3357.57059     3383.06946     3394.86058
      651.00000     3159.96885     3227.87701     3318.41884     3357.03189     3382.07839     3393.98802
      652.00000     3160.51289     3227.77995     3317.81456     3356.48670     3381.08174     3393.10652
      653.00000     3161.06358     3227.68551     3317.20854     3355.93483     3380.07941     3392.21585
      654.00000     3161.62112     3227.59379     3316.60077     3355.37609     3379.07130     3391.31575
      655.00000     3162.18571     3227.50490     3315.99125     3354.81027     3378.05729     3390.40596
      656.00000     3162.75757     3227.41896     3315.37997     3354.23716     3377.03728     3389.48623
      657.00000     3163.33691     3227.33609     3314.76694     3353.65654     3376.01115     3388.55626
      658.00000     3163.92397     3227.25642     3314.15215     3353.06816     3374.97877     3387.61576
      659.00000     3164.51900     3227.18008     3313.53561     3352.47180     3373.94002     3386.66441
      660.00000     3165.12225     3227.10723     3312.91732     3351.86717     3372.89477     3385.70190
      661.00000     3165.73400     3227.03800     3312.29727     3351.25402     3371.84289     3384.72787
      662.00000     3166.35454     3226.97257     3311.67549     3350.63205     3370.78423     3383.74196
      663.00000     3166.98417     3226.91110     3311.05197     3350.00095     3369.71864     3382.74380
      664.00000     3167.62320     3226.85378     3310.42672     3349.36040     3368.64598     3381.73297
      665.00000     3168.27199     3226.80080     3309.79976     3348.71007     3367.56607     3380.70906
      666.00000     3168.93089     3226.75236     3309.17110     3348.04959     3366.47875     3379.67162
      667.00000     3169.60028     3226.70868     3308.54074     3347.37857     3365.38385     3378.62017
      668.00000     3170.28058     3226.67000     3307.90873     3346.69661     3364.28119     3377.55420
      669.00000     3170.97220     3226.63657     3307.27506     3346.00328     3363.17055     3376.47319
      670.00000     3171.67561     3226.60866     3306.63978     3345.29810     3362.05176     3375.37656
      671.00000     3172.39131     3226.58655     3306.00291     3344.58060     3360.92458     3374.26370
      672.00000     3173.11981     3226.57055     3305.36449     3343.85024     3359.78881     3373.13398
      673.00000     3173.86169     3226.56099     3304.72456     3343.10645     3358.64419     3371.98671
      674.00000     3174.61753     3226.55823     3304.08316     3342.34864     3357.49050     3370.82114
      675.00000     3175.38800     3226.56266     3303.44035     3341.57615     3356.32745     3369.63649
      676.00000     3176.17378     3226.57469     3302.79619     3340.78827     3355.15477     3368.43191
      677.00000     3176.97564     3226.59479     3302.15076     3339.98427     3353.97218     3367.20649
      678.00000     3177.79437     3226.62343     3301.50413     3339.16331     3352.77936     3365.95923
      679.00000     3178.63088     3226.66116     3300.85639     3338.32451     3351.57597     3364.68909
      680.00000     3179.48611     3226.70857     3300.20767     3337.46690     3350.36167     3363.39490
      681.00000     3180.36111     3226.76629     3299.55807     3336.58945     3349.13609     3362.07542
      682.00000     3181.25703     3226.83505     3298.90774     3335.69099     3347.89881     3360.72927
      683.00000     3182.17511     3226.91560     3298.25685     3334.77028     3346.64942     3359.35497
      684.00000     3183.11674     3227.00882     3297.60557     3333.82593     3345.38745     3357.95088
      685.00000     3184.08343     3227.11567     3296.95414     3332.85641     3344.11241     3356.51520
      686.00000     3185.07687     3227.23721     3296.30280     3331.86003     3342.82376     3355.04595
      687.00000     3186.09894     3227.37463     3295.65185     3330.83491     3341.52094     3353.54091
      688.00000     3187.15172     3227.52928     3295.00162     3329.77894     3340.20331     3351.99765
      689.00000     3188.23758     3227.70266     3294.35253     3328.68977     3338.87020     3350.41340
      690.00000     3189.35916     3227.89652     3293.70504     3327.56472     3337.52086     3348.78509
      691.00000     3190.51949     3228.11281     3293.05971     3326.40078     3336.15450     3347.10921
      692.00000     3191.72201     3228.35380     3292.41722     3325.19447     3334.77021     3345.38178
      693.00000     3192.97069     3228.62211     3291.77836     3323.94182     3333.36701     3343.59825
      694.00000     3194.27013     3228.92082     3291.14409     3322.63820     3331.94382     3341.75333
      695.00000     3195.62572     3229.25354     3290.51559     3321.27822     3330.49942     3339.84089
      696.00000     3197.04383     3229.62457     3289.89431     3319.85548     3329.03244     3337.85369
      697.00000     3198.53206     3230.03911     3289.28205     3318.36235     3327.54135     3335.78312
      698.00000     3200.09963     3230.50347     3288.68108     3316.78958     3326.02440     3333.61880
      699.00000     3201.75787     3231.02551     3288.09428     3315.12581     3324.47960     3331.34805
      700.00000     3203.52094     3231.61511     3287.52545     3313.35683     3322.90464     3328.95508
      701.00000     3205.40692     3232.28504     3286.97960     3311.46450     3321.29684     3326.41986
      702.00000     3207.43948     3233.05213     3286.46359     3309.42509     3319.65302     3323.71630
      703.00000     3209.65058     3233.93938     3285.98707     3307.20657     3317.96942     3320.80943
      704.00000     3212.08503     3234.97936     3285.56422     3304.76399     3316.24151     3317.65057
      705.00000     3214.80897     3236.22075     3285.21689     3302.03108     3314.16841     3314.46377
      706.00000     3217.92688     3237.74144     3284.98136     3298.90312     3310.25134     3312.62946
      707.00000     3221.62102     3239.67936     3284.92433     3295.19752     3305.70666     3310.73048
      708.00000     3226.26370     3242.32127     3285.19021     3290.54132     3300.14567     3308.75805
      709.00000     3232.88543     3246.47910     3283.90260     3286.20799     3292.51088     3306.70555
      710.00000     3258.37861     3258.37861     3266.54019     3266.54019     3296.58825     3296.58825
