           1  -1250.97979636707                0
           1  -1250.97979636707                1
 
           2  -884.421017271118                0
           2  -884.421017271118                1
 
           3  -563.239463995612                0
           3  -563.239463995612                1
 
           4  -203.755126917972                0
           4  -203.755126917972                1
 
           5   198.143310262035                0
           5   198.143310262035                1
 
           6   666.648834994555                0
           6   666.648834994555                1
 
           7   912.838207851453                0
           7   912.838207851453                1
 
           8   1088.66490372797                0
           8   1088.66490372797                1
 
           9   1252.66624713835                0
           9   1252.66624713835                1
 
          10   1400.86549080585                0
          10   1400.86549080585                1
 
          11   1539.99454261670                0
          11   1539.99454261670                1
 
          12   1596.62291295367                0
          12   1596.62291295367                1
 
          13   1679.80906028404                0
          13   1679.80906028404                1
 
          14   1737.25460392553                0
          14   1737.25460392553                1
 
          15   3078.41068108777                0
          15   3078.41068108777                1
 
          16   3303.78369770074                0
          16   3303.78369770074                1
 
          17   3455.27354626624                0
          17   3455.27354626624                1
 
          18   3497.38672021770                0
          18   3497.38672021770                1
 
          19   3556.85025561798                0
          19   3556.85025561798                1
 
          20   3628.47348762767                0
          20   3628.47348762767                1
 
          21   3641.03648067491                0
          21   3641.03648067491                1
 
          22   3678.47762989813                0
          22   3678.47762989813                1
 
          23   3684.66660265907                0
          23   3684.66660265907                1
 
          24   3692.52818824137                0
          24   3692.52818824137                1
 
