           1  -1154.15680728069                0
           1  -1154.15680728069                1
 
           2  -826.010959072320                0
           2  -826.010959072320                1
 
           3  -562.402945772349                0
           3  -562.402945772349                1
 
           4  -245.777182889827                0
           4  -245.777182889827                1
 
           5   163.200308839891                0
           5   163.200308839891                1
 
           6   711.803556596318                0
           6   711.803556596318                1
 
