        0.00000     3066.63697     3318.82596     3465.95905     3533.09752     3574.43111     3648.71622
        1.00000     3066.63908     3318.82280     3465.95688     3533.09122     3574.42666     3648.70941
        2.00000     3066.64294     3318.81701     3465.95291     3533.07967     3574.41851     3648.69693
        3.00000     3066.64795     3318.80950     3465.94775     3533.06466     3574.40793     3648.68072
        4.00000     3066.65391     3318.80058     3465.94163     3533.04685     3574.39536     3648.66148
        5.00000     3066.66067     3318.79044     3465.93467     3533.02660     3574.38107     3648.63960
        6.00000     3066.66818     3318.77920     3465.92695     3533.00414     3574.36523     3648.61534
        7.00000     3066.67636     3318.76694     3465.91854     3532.97967     3574.34796     3648.58889
        8.00000     3066.68517     3318.75374     3465.90948     3532.95330     3574.32936     3648.56040
        9.00000     3066.69458     3318.73965     3465.89981     3532.92516     3574.30950     3648.52999
       10.00000     3066.70455     3318.72472     3465.88955     3532.89533     3574.28845     3648.49775
       11.00000     3066.71506     3318.70898     3465.87874     3532.86389     3574.26626     3648.46377
       12.00000     3066.72609     3318.69246     3465.86740     3532.83090     3574.24298     3648.42811
       13.00000     3066.73762     3318.67520     3465.85554     3532.79641     3574.21864     3648.39084
       14.00000     3066.74964     3318.65721     3465.84319     3532.76048     3574.19328     3648.35199
       15.00000     3066.76212     3318.63852     3465.83035     3532.72314     3574.16692     3648.31163
       16.00000     3066.77506     3318.61914     3465.81704     3532.68444     3574.13960     3648.26979
       17.00000     3066.78845     3318.59910     3465.80327     3532.64440     3574.11134     3648.22650
       18.00000     3066.80228     3318.57841     3465.78905     3532.60307     3574.08216     3648.18180
       19.00000     3066.81653     3318.55708     3465.77439     3532.56045     3574.05208     3648.13572
       20.00000     3066.83120     3318.53513     3465.75930     3532.51659     3574.02111     3648.08828
       21.00000     3066.84629     3318.51256     3465.74379     3532.47151     3573.98927     3648.03951
       22.00000     3066.86177     3318.48939     3465.72786     3532.42521     3573.95658     3647.98943
       23.00000     3066.87766     3318.46563     3465.71153     3532.37774     3573.92305     3647.93807
       24.00000     3066.89394     3318.44129     3465.69479     3532.32909     3573.88870     3647.88544
       25.00000     3066.91060     3318.41637     3465.67765     3532.27929     3573.85353     3647.83155
       26.00000     3066.92765     3318.39088     3465.66012     3532.22836     3573.81755     3647.77643
       27.00000     3066.94507     3318.36483     3465.64220     3532.17631     3573.78078     3647.72009
       28.00000     3066.96286     3318.33823     3465.62390     3532.12315     3573.74322     3647.66255
       29.00000     3066.98103     3318.31109     3465.60522     3532.06889     3573.70489     3647.60381
       30.00000     3066.99956     3318.28340     3465.58616     3532.01355     3573.66579     3647.54390
       31.00000     3067.01844     3318.25517     3465.56674     3531.95714     3573.62593     3647.48281
       32.00000     3067.03769     3318.22642     3465.54694     3531.89966     3573.58531     3647.42057
       33.00000     3067.05729     3318.19714     3465.52678     3531.84114     3573.54395     3647.35718
       34.00000     3067.07724     3318.16734     3465.50626     3531.78157     3573.50184     3647.29266
       35.00000     3067.09754     3318.13703     3465.48538     3531.72097     3573.45900     3647.22700
       36.00000     3067.11819     3318.10620     3465.46415     3531.65934     3573.41544     3647.16023
       37.00000     3067.13918     3318.07487     3465.44256     3531.59669     3573.37114     3647.09234
       38.00000     3067.16051     3318.04303     3465.42062     3531.53303     3573.32613     3647.02334
       39.00000     3067.18218     3318.01069     3465.39833     3531.46837     3573.28041     3646.95325
       40.00000     3067.20419     3317.97785     3465.37569     3531.40271     3573.23397     3646.88207
       41.00000     3067.22653     3317.94452     3465.35271     3531.33606     3573.18683     3646.80980
       42.00000     3067.24920     3317.91070     3465.32939     3531.26842     3573.13899     3646.73646
       43.00000     3067.27221     3317.87639     3465.30573     3531.19981     3573.09045     3646.66204
       44.00000     3067.29554     3317.84160     3465.28173     3531.13022     3573.04121     3646.58656
       45.00000     3067.31920     3317.80632     3465.25739     3531.05966     3572.99129     3646.51001
       46.00000     3067.34319     3317.77056     3465.23271     3530.98814     3572.94068     3646.43240
       47.00000     3067.36751     3317.73433     3465.20770     3530.91566     3572.88938     3646.35374
       48.00000     3067.39214     3317.69762     3465.18236     3530.84222     3572.83740     3646.27403
       49.00000     3067.41710     3317.66043     3465.15668     3530.76783     3572.78474     3646.19328
       50.00000     3067.44239     3317.62278     3465.13068     3530.69250     3572.73141     3646.11148
       51.00000     3067.46799     3317.58465     3465.10434     3530.61622     3572.67740     3646.02865
       52.00000     3067.49391     3317.54606     3465.07768     3530.53900     3572.62272     3645.94479
       53.00000     3067.52014     3317.50701     3465.05069     3530.46085     3572.56737     3645.85989
       54.00000     3067.54670     3317.46749     3465.02337     3530.38176     3572.51136     3645.77397
       55.00000     3067.57357     3317.42750     3464.99573     3530.30175     3572.45467     3645.68702
       56.00000     3067.60075     3317.38706     3464.96776     3530.22081     3572.39733     3645.59905
       57.00000     3067.62825     3317.34616     3464.93947     3530.13894     3572.33932     3645.51006
       58.00000     3067.65607     3317.30480     3464.91086     3530.05615     3572.28066     3645.42005
       59.00000     3067.68419     3317.26299     3464.88192     3529.97245     3572.22134     3645.32903
       60.00000     3067.71263     3317.22072     3464.85266     3529.88783     3572.16136     3645.23699
       61.00000     3067.74138     3317.17799     3464.82309     3529.80229     3572.10072     3645.14395
       62.00000     3067.77044     3317.13482     3464.79319     3529.71585     3572.03943     3645.04989
       63.00000     3067.79981     3317.09119     3464.76297     3529.62850     3571.97749     3644.95483
       64.00000     3067.82949     3317.04711     3464.73244     3529.54024     3571.91490     3644.85877
       65.00000     3067.85948     3317.00259     3464.70159     3529.45107     3571.85165     3644.76170
       66.00000     3067.88977     3316.95762     3464.67041     3529.36100     3571.78776     3644.66363
       67.00000     3067.92038     3316.91220     3464.63892     3529.27003     3571.72322     3644.56456
       68.00000     3067.95129     3316.86633     3464.60712     3529.17816     3571.65803     3644.46449
       69.00000     3067.98251     3316.82002     3464.57500     3529.08540     3571.59220     3644.36342
       70.00000     3068.01404     3316.77326     3464.54256     3528.99173     3571.52572     3644.26136
       71.00000     3068.04587     3316.72607     3464.50980     3528.89718     3571.45860     3644.15830
       72.00000     3068.07801     3316.67843     3464.47673     3528.80172     3571.39083     3644.05424
       73.00000     3068.11046     3316.63034     3464.44335     3528.70538     3571.32242     3643.94919
       74.00000     3068.14321     3316.58182     3464.40965     3528.60815     3571.25336     3643.84315
       75.00000     3068.17627     3316.53286     3464.37563     3528.51002     3571.18367     3643.73611
       76.00000     3068.20963     3316.48345     3464.34130     3528.41101     3571.11333     3643.62809
       77.00000     3068.24330     3316.43361     3464.30666     3528.31111     3571.04235     3643.51907
       78.00000     3068.27727     3316.38333     3464.27170     3528.21032     3570.97073     3643.40905
       79.00000     3068.31155     3316.33261     3464.23642     3528.10865     3570.89847     3643.29805
       80.00000     3068.34613     3316.28146     3464.20084     3528.00609     3570.82557     3643.18606
       81.00000     3068.38102     3316.22987     3464.16494     3527.90265     3570.75203     3643.07308
       82.00000     3068.41621     3316.17784     3464.12872     3527.79833     3570.67785     3642.95910
       83.00000     3068.45171     3316.12537     3464.09219     3527.69312     3570.60303     3642.84414
       84.00000     3068.48751     3316.07247     3464.05535     3527.58703     3570.52757     3642.72819
       85.00000     3068.52361     3316.01914     3464.01819     3527.48006     3570.45147     3642.61125
       86.00000     3068.56002     3315.96537     3463.98072     3527.37221     3570.37473     3642.49331
       87.00000     3068.59673     3315.91117     3463.94294     3527.26348     3570.29736     3642.37439
       88.00000     3068.63375     3315.85653     3463.90484     3527.15387     3570.21934     3642.25448
       89.00000     3068.67107     3315.80146     3463.86643     3527.04338     3570.14069     3642.13358
       90.00000     3068.70870     3315.74596     3463.82771     3526.93201     3570.06140     3642.01169
       91.00000     3068.74663     3315.69002     3463.78867     3526.81977     3569.98146     3641.88880
       92.00000     3068.78486     3315.63365     3463.74931     3526.70664     3569.90089     3641.76493
       93.00000     3068.82340     3315.57685     3463.70965     3526.59264     3569.81968     3641.64006
       94.00000     3068.86224     3315.51962     3463.66967     3526.47776     3569.73783     3641.51420
       95.00000     3068.90139     3315.46196     3463.62937     3526.36201     3569.65535     3641.38735
       96.00000     3068.94085     3315.40386     3463.58876     3526.24537     3569.57222     3641.25951
       97.00000     3068.98060     3315.34533     3463.54783     3526.12786     3569.48845     3641.13067
       98.00000     3069.02067     3315.28638     3463.50659     3526.00948     3569.40404     3641.00084
       99.00000     3069.06104     3315.22699     3463.46504     3525.89021     3569.31899     3640.87001
      100.00000     3069.10171     3315.16717     3463.42317     3525.77007     3569.23330     3640.73819
      101.00000     3069.14269     3315.10692     3463.38098     3525.64906     3569.14697     3640.60538
      102.00000     3069.18398     3315.04624     3463.33848     3525.52717     3569.05999     3640.47156
      103.00000     3069.22557     3314.98512     3463.29566     3525.40440     3568.97238     3640.33675
      104.00000     3069.26747     3314.92358     3463.25253     3525.28075     3568.88412     3640.20094
      105.00000     3069.30968     3314.86161     3463.20908     3525.15623     3568.79522     3640.06413
      106.00000     3069.35219     3314.79921     3463.16531     3525.03083     3568.70567     3639.92632
      107.00000     3069.39501     3314.73637     3463.12123     3524.90455     3568.61549     3639.78751
      108.00000     3069.43814     3314.67311     3463.07682     3524.77740     3568.52465     3639.64769
      109.00000     3069.48158     3314.60942     3463.03210     3524.64936     3568.43318     3639.50688
      110.00000     3069.52532     3314.54530     3462.98707     3524.52046     3568.34105     3639.36506
      111.00000     3069.56937     3314.48075     3462.94171     3524.39067     3568.24829     3639.22223
      112.00000     3069.61373     3314.41576     3462.89604     3524.26000     3568.15487     3639.07839
      113.00000     3069.65840     3314.35035     3462.85004     3524.12846     3568.06081     3638.93355
      114.00000     3069.70338     3314.28451     3462.80373     3523.99604     3567.96610     3638.78770
      115.00000     3069.74867     3314.21824     3462.75710     3523.86274     3567.87074     3638.64084
      116.00000     3069.79427     3314.15153     3462.71014     3523.72856     3567.77473     3638.49297
      117.00000     3069.84018     3314.08440     3462.66287     3523.59349     3567.67808     3638.34409
      118.00000     3069.88640     3314.01684     3462.61528     3523.45755     3567.58077     3638.19419
      119.00000     3069.93293     3313.94885     3462.56736     3523.32073     3567.48281     3638.04328
      120.00000     3069.97977     3313.88042     3462.51912     3523.18303     3567.38420     3637.89135
      121.00000     3070.02692     3313.81157     3462.47056     3523.04444     3567.28493     3637.73840
      122.00000     3070.07439     3313.74229     3462.42168     3522.90498     3567.18501     3637.58443
      123.00000     3070.12217     3313.67257     3462.37248     3522.76463     3567.08444     3637.42945
      124.00000     3070.17026     3313.60243     3462.32295     3522.62340     3566.98322     3637.27344
      125.00000     3070.21867     3313.53185     3462.27309     3522.48128     3566.88133     3637.11640
      126.00000     3070.26739     3313.46085     3462.22292     3522.33828     3566.77879     3636.95834
      127.00000     3070.31642     3313.38941     3462.17241     3522.19439     3566.67560     3636.79926
      128.00000     3070.36577     3313.31754     3462.12158     3522.04962     3566.57174     3636.63915
      129.00000     3070.41544     3313.24524     3462.07043     3521.90397     3566.46722     3636.47800
      130.00000     3070.46542     3313.17251     3462.01895     3521.75742     3566.36205     3636.31583
      131.00000     3070.51572     3313.09935     3461.96714     3521.60999     3566.25621     3636.15262
      132.00000     3070.56633     3313.02576     3461.91501     3521.46167     3566.14971     3635.98837
      133.00000     3070.61726     3312.95173     3461.86254     3521.31247     3566.04255     3635.82309
      134.00000     3070.66851     3312.87727     3461.80975     3521.16237     3565.93472     3635.65677
      135.00000     3070.72008     3312.80238     3461.75663     3521.01138     3565.82623     3635.48941
      136.00000     3070.77197     3312.72706     3461.70318     3520.85951     3565.71707     3635.32101
      137.00000     3070.82417     3312.65130     3461.64940     3520.70674     3565.60724     3635.15157
      138.00000     3070.87670     3312.57512     3461.59529     3520.55307     3565.49675     3634.98108
      139.00000     3070.92955     3312.49849     3461.54084     3520.39852     3565.38558     3634.80954
      140.00000     3070.98271     3312.42144     3461.48607     3520.24307     3565.27375     3634.63695
      141.00000     3071.03620     3312.34395     3461.43096     3520.08673     3565.16124     3634.46332
      142.00000     3071.09001     3312.26603     3461.37552     3519.92949     3565.04807     3634.28863
      143.00000     3071.14415     3312.18768     3461.31974     3519.77135     3564.93421     3634.11288
      144.00000     3071.19861     3312.10889     3461.26363     3519.61232     3564.81969     3633.93608
      145.00000     3071.25339     3312.02966     3461.20719     3519.45239     3564.70448     3633.75821
      146.00000     3071.30849     3311.95000     3461.15041     3519.29156     3564.58860     3633.57929
      147.00000     3071.36393     3311.86991     3461.09329     3519.12983     3564.47204     3633.39931
      148.00000     3071.41968     3311.78938     3461.03583     3518.96720     3564.35480     3633.21825
      149.00000     3071.47577     3311.70842     3460.97804     3518.80366     3564.23689     3633.03614
      150.00000     3071.53218     3311.62702     3460.91991     3518.63923     3564.11828     3632.85295
      151.00000     3071.58891     3311.54518     3460.86144     3518.47389     3563.99900     3632.66869
      152.00000     3071.64598     3311.46291     3460.80263     3518.30764     3563.87903     3632.48336
      153.00000     3071.70338     3311.38020     3460.74348     3518.14049     3563.75838     3632.29695
      154.00000     3071.76110     3311.29706     3460.68399     3517.97244     3563.63703     3632.10947
      155.00000     3071.81916     3311.21347     3460.62416     3517.80347     3563.51500     3631.92090
      156.00000     3071.87754     3311.12946     3460.56398     3517.63360     3563.39228     3631.73125
      157.00000     3071.93626     3311.04500     3460.50346     3517.46282     3563.26887     3631.54052
      158.00000     3071.99531     3310.96010     3460.44260     3517.29113     3563.14477     3631.34870
      159.00000     3072.05469     3310.87477     3460.38139     3517.11852     3563.01997     3631.15579
      160.00000     3072.11441     3310.78900     3460.31983     3516.94500     3562.89448     3630.96179
      161.00000     3072.17446     3310.70279     3460.25793     3516.77057     3562.76829     3630.76670
      162.00000     3072.23485     3310.61614     3460.19569     3516.59523     3562.64141     3630.57051
      163.00000     3072.29557     3310.52905     3460.13309     3516.41897     3562.51382     3630.37322
      164.00000     3072.35662     3310.44152     3460.07015     3516.24179     3562.38554     3630.17484
      165.00000     3072.41802     3310.35355     3460.00686     3516.06369     3562.25655     3629.97534
      166.00000     3072.47975     3310.26514     3459.94321     3515.88467     3562.12686     3629.77475
      167.00000     3072.54183     3310.17629     3459.87922     3515.70473     3561.99646     3629.57304
      168.00000     3072.60424     3310.08699     3459.81487     3515.52387     3561.86536     3629.37023
      169.00000     3072.66699     3309.99726     3459.75017     3515.34209     3561.73355     3629.16630
      170.00000     3072.73008     3309.90708     3459.68512     3515.15939     3561.60103     3628.96125
      171.00000     3072.79352     3309.81647     3459.61971     3514.97575     3561.46780     3628.75509
      172.00000     3072.85729     3309.72541     3459.55395     3514.79120     3561.33385     3628.54781
      173.00000     3072.92141     3309.63390     3459.48783     3514.60571     3561.19920     3628.33940
      174.00000     3072.98588     3309.54195     3459.42136     3514.41929     3561.06383     3628.12987
      175.00000     3073.05069     3309.44956     3459.35453     3514.23195     3560.92774     3627.91921
      176.00000     3073.11584     3309.35673     3459.28734     3514.04367     3560.79093     3627.70742
      177.00000     3073.18134     3309.26345     3459.21979     3513.85446     3560.65340     3627.49449
      178.00000     3073.24719     3309.16973     3459.15187     3513.66432     3560.51515     3627.28043
      179.00000     3073.31339     3309.07556     3459.08360     3513.47324     3560.37617     3627.06523
      180.00000     3073.37993     3308.98094     3459.01497     3513.28123     3560.23647     3626.84889
      181.00000     3073.44683     3308.88588     3458.94597     3513.08827     3560.09605     3626.63140
      182.00000     3073.51408     3308.79037     3458.87661     3512.89438     3559.95489     3626.41276
      183.00000     3073.58167     3308.69442     3458.80689     3512.69955     3559.81301     3626.19298
      184.00000     3073.64963     3308.59802     3458.73679     3512.50378     3559.67039     3625.97204
      185.00000     3073.71793     3308.50117     3458.66634     3512.30706     3559.52704     3625.74995
      186.00000     3073.78659     3308.40388     3458.59551     3512.10940     3559.38296     3625.52670
      187.00000     3073.85560     3308.30613     3458.52431     3511.91079     3559.23813     3625.30228
      188.00000     3073.92497     3308.20794     3458.45275     3511.71123     3559.09257     3625.07671
      189.00000     3073.99470     3308.10929     3458.38082     3511.51073     3558.94627     3624.84996
      190.00000     3074.06478     3308.01020     3458.30851     3511.30928     3558.79923     3624.62205
      191.00000     3074.13522     3307.91066     3458.23583     3511.10687     3558.65144     3624.39296
      192.00000     3074.20602     3307.81067     3458.16278     3510.90351     3558.50290     3624.16270
      193.00000     3074.27719     3307.71023     3458.08935     3510.69920     3558.35362     3623.93126
      194.00000     3074.34871     3307.60933     3458.01555     3510.49393     3558.20359     3623.69863
      195.00000     3074.42060     3307.50799     3457.94137     3510.28771     3558.05281     3623.46482
      196.00000     3074.49285     3307.40619     3457.86681     3510.08053     3557.90127     3623.22983
      197.00000     3074.56546     3307.30394     3457.79188     3509.87238     3557.74898     3622.99364
      198.00000     3074.63844     3307.20123     3457.71657     3509.66328     3557.59593     3622.75626
      199.00000     3074.71179     3307.09808     3457.64087     3509.45321     3557.44212     3622.51768
      200.00000     3074.78550     3306.99447     3457.56479     3509.24218     3557.28756     3622.27790
      201.00000     3074.85958     3306.89040     3457.48833     3509.03018     3557.13222     3622.03692
      202.00000     3074.93403     3306.78588     3457.41149     3508.81721     3556.97613     3621.79473
      203.00000     3075.00885     3306.68091     3457.33426     3508.60327     3556.81926     3621.55133
      204.00000     3075.08404     3306.57548     3457.25665     3508.38837     3556.66163     3621.30672
      205.00000     3075.15961     3306.46959     3457.17865     3508.17249     3556.50323     3621.06089
      206.00000     3075.23554     3306.36325     3457.10026     3507.95564     3556.34406     3620.81385
      207.00000     3075.31186     3306.25645     3457.02148     3507.73781     3556.18410     3620.56558
      208.00000     3075.38854     3306.14919     3456.94231     3507.51901     3556.02338     3620.31608
      209.00000     3075.46561     3306.04148     3456.86274     3507.29922     3555.86187     3620.06536
      210.00000     3075.54305     3305.93331     3456.78279     3507.07846     3555.69958     3619.81340
      211.00000     3075.62087     3305.82468     3456.70244     3506.85671     3555.53651     3619.56021
      212.00000     3075.69907     3305.71558     3456.62170     3506.63399     3555.37266     3619.30578
      213.00000     3075.77765     3305.60603     3456.54056     3506.41027     3555.20802     3619.05011
      214.00000     3075.85661     3305.49602     3456.45902     3506.18557     3555.04258     3618.79319
      215.00000     3075.93595     3305.38555     3456.37709     3505.95988     3554.87636     3618.53502
      216.00000     3076.01568     3305.27462     3456.29475     3505.73321     3554.70934     3618.27560
      217.00000     3076.09580     3305.16323     3456.21201     3505.50554     3554.54153     3618.01493
      218.00000     3076.17630     3305.05137     3456.12888     3505.27687     3554.37292     3617.75299
      219.00000     3076.25719     3304.93906     3456.04533     3505.04721     3554.20350     3617.48979
      220.00000     3076.33846     3304.82628     3455.96139     3504.81656     3554.03329     3617.22533
      221.00000     3076.42013     3304.71303     3455.87703     3504.58491     3553.86227     3616.95959
      222.00000     3076.50218     3304.59932     3455.79227     3504.35225     3553.69044     3616.69258
      223.00000     3076.58463     3304.48515     3455.70710     3504.11860     3553.51780     3616.42430
      224.00000     3076.66747     3304.37052     3455.62153     3503.88394     3553.34436     3616.15473
      225.00000     3076.75071     3304.25541     3455.53554     3503.64827     3553.17009     3615.88388
      226.00000     3076.83434     3304.13985     3455.44914     3503.41160     3552.99501     3615.61174
      227.00000     3076.91837     3304.02381     3455.36232     3503.17392     3552.81912     3615.33831
      228.00000     3077.00280     3303.90731     3455.27509     3502.93523     3552.64240     3615.06359
      229.00000     3077.08762     3303.79034     3455.18744     3502.69553     3552.46485     3614.78756
      230.00000     3077.17285     3303.67291     3455.09938     3502.45481     3552.28648     3614.51024
      231.00000     3077.25848     3303.55500     3455.01090     3502.21307     3552.10729     3614.23161
      232.00000     3077.34451     3303.43663     3454.92199     3501.97032     3551.92726     3613.95166
      233.00000     3077.43094     3303.31779     3454.83267     3501.72655     3551.74640     3613.67041
      234.00000     3077.51778     3303.19848     3454.74292     3501.48176     3551.56470     3613.38783
      235.00000     3077.60503     3303.07870     3454.65275     3501.23594     3551.38216     3613.10394
      236.00000     3077.69269     3302.95844     3454.56215     3500.98910     3551.19879     3612.81872
      237.00000     3077.78075     3302.83772     3454.47112     3500.74123     3551.01457     3612.53217
      238.00000     3077.86923     3302.71652     3454.37967     3500.49233     3550.82950     3612.24429
      239.00000     3077.95811     3302.59486     3454.28779     3500.24240     3550.64359     3611.95507
      240.00000     3078.04741     3302.47272     3454.19547     3499.99143     3550.45682     3611.66451
      241.00000     3078.13713     3302.35010     3454.10272     3499.73943     3550.26920     3611.37260
      242.00000     3078.22726     3302.22701     3454.00954     3499.48640     3550.08072     3611.07935
      243.00000     3078.31781     3302.10345     3453.91592     3499.23232     3549.89139     3610.78475
      244.00000     3078.40877     3301.97942     3453.82187     3498.97721     3549.70119     3610.48878
      245.00000     3078.50016     3301.85490     3453.72737     3498.72105     3549.51013     3610.19146
      246.00000     3078.59197     3301.72992     3453.63244     3498.46385     3549.31820     3609.89278
      247.00000     3078.68420     3301.60445     3453.53706     3498.20560     3549.12541     3609.59272
      248.00000     3078.77685     3301.47851     3453.44124     3497.94630     3548.93174     3609.29129
      249.00000     3078.86993     3301.35210     3453.34497     3497.68595     3548.73719     3608.98849
      250.00000     3078.96344     3301.22520     3453.24826     3497.42455     3548.54177     3608.68430
      251.00000     3079.05738     3301.09783     3453.15110     3497.16209     3548.34546     3608.37873
      252.00000     3079.15174     3300.96997     3453.05349     3496.89858     3548.14827     3608.07177
      253.00000     3079.24654     3300.84164     3452.95543     3496.63401     3547.95020     3607.76342
      254.00000     3079.34177     3300.71283     3452.85692     3496.36837     3547.75123     3607.45367
      255.00000     3079.43743     3300.58354     3452.75795     3496.10167     3547.55137     3607.14251
      256.00000     3079.53353     3300.45376     3452.65853     3495.83391     3547.35062     3606.82996
      257.00000     3079.63007     3300.32351     3452.55865     3495.56508     3547.14897     3606.51599
      258.00000     3079.72705     3300.19277     3452.45831     3495.29518     3546.94642     3606.20060
      259.00000     3079.82446     3300.06155     3452.35751     3495.02421     3546.74296     3605.88380
      260.00000     3079.92232     3299.92985     3452.25625     3494.75217     3546.53860     3605.56558
      261.00000     3080.02062     3299.79766     3452.15452     3494.47905     3546.33332     3605.24592
      262.00000     3080.11937     3299.66499     3452.05232     3494.20485     3546.12714     3604.92484
      263.00000     3080.21856     3299.53184     3451.94966     3493.92957     3545.92003     3604.60232
      264.00000     3080.31821     3299.39820     3451.84653     3493.65321     3545.71201     3604.27835
      265.00000     3080.41830     3299.26407     3451.74293     3493.37576     3545.50306     3603.95295
      266.00000     3080.51884     3299.12946     3451.63885     3493.09723     3545.29319     3603.62609
      267.00000     3080.61984     3298.99436     3451.53430     3492.81761     3545.08239     3603.29778
      268.00000     3080.72129     3298.85877     3451.42928     3492.53689     3544.87066     3602.96801
      269.00000     3080.82319     3298.72270     3451.32377     3492.25509     3544.65799     3602.63677
      270.00000     3080.92556     3298.58614     3451.21779     3491.97218     3544.44438     3602.30407
      271.00000     3081.02838     3298.44909     3451.11132     3491.68818     3544.22984     3601.96990
      272.00000     3081.13166     3298.31154     3451.00437     3491.40308     3544.01434     3601.63425
      273.00000     3081.23541     3298.17351     3450.89694     3491.11688     3543.79790     3601.29712
      274.00000     3081.33962     3298.03499     3450.78901     3490.82957     3543.58051     3600.95850
      275.00000     3081.44430     3297.89598     3450.68060     3490.54115     3543.36216     3600.61839
      276.00000     3081.54945     3297.75648     3450.57170     3490.25162     3543.14285     3600.27679
      277.00000     3081.65507     3297.61648     3450.46230     3489.96098     3542.92258     3599.93368
      278.00000     3081.76115     3297.47599     3450.35241     3489.66923     3542.70135     3599.58907
      279.00000     3081.86772     3297.33501     3450.24202     3489.37636     3542.47914     3599.24295
      280.00000     3081.97475     3297.19353     3450.13113     3489.08237     3542.25597     3598.89532
      281.00000     3082.08227     3297.05156     3450.01974     3488.78726     3542.03181     3598.54616
      282.00000     3082.19026     3296.90910     3449.90785     3488.49102     3541.80668     3598.19548
      283.00000     3082.29873     3296.76614     3449.79546     3488.19366     3541.58057     3597.84327
      284.00000     3082.40769     3296.62268     3449.68255     3487.89516     3541.35347     3597.48953
      285.00000     3082.51712     3296.47873     3449.56914     3487.59554     3541.12537     3597.13425
      286.00000     3082.62705     3296.33428     3449.45522     3487.29478     3540.89629     3596.77743
      287.00000     3082.73746     3296.18933     3449.34078     3486.99289     3540.66621     3596.41905
      288.00000     3082.84837     3296.04389     3449.22583     3486.68986     3540.43512     3596.05913
      289.00000     3082.95976     3295.89795     3449.11036     3486.38568     3540.20303     3595.69764
      290.00000     3083.07165     3295.75150     3448.99437     3486.08036     3539.96993     3595.33459
      291.00000     3083.18404     3295.60456     3448.87786     3485.77390     3539.73582     3594.96997
      292.00000     3083.29692     3295.45712     3448.76083     3485.46628     3539.50070     3594.60378
      293.00000     3083.41030     3295.30917     3448.64327     3485.15751     3539.26455     3594.23601
      294.00000     3083.52419     3295.16073     3448.52518     3484.84759     3539.02737     3593.86665
      295.00000     3083.63857     3295.01178     3448.40656     3484.53651     3538.78917     3593.49570
      296.00000     3083.75347     3294.86233     3448.28741     3484.22428     3538.54994     3593.12316
      297.00000     3083.86887     3294.71238     3448.16773     3483.91088     3538.30967     3592.74902
      298.00000     3083.98478     3294.56192     3448.04751     3483.59631     3538.06836     3592.37328
      299.00000     3084.10120     3294.41096     3447.92674     3483.28058     3537.82601     3591.99592
      300.00000     3084.21814     3294.25950     3447.80544     3482.96367     3537.58261     3591.61695
      301.00000     3084.33559     3294.10753     3447.68360     3482.64560     3537.33815     3591.23636
      302.00000     3084.45356     3293.95506     3447.56120     3482.32634     3537.09264     3590.85414
      303.00000     3084.57205     3293.80207     3447.43826     3482.00591     3536.84607     3590.47029
      304.00000     3084.69106     3293.64859     3447.31477     3481.68430     3536.59843     3590.08480
      305.00000     3084.81060     3293.49459     3447.19072     3481.36150     3536.34973     3589.69767
      306.00000     3084.93067     3293.34009     3447.06612     3481.03752     3536.09995     3589.30889
      307.00000     3085.05126     3293.18508     3446.94096     3480.71234     3535.84909     3588.91846
      308.00000     3085.17239     3293.02956     3446.81524     3480.38598     3535.59715     3588.52637
      309.00000     3085.29404     3292.87353     3446.68895     3480.05842     3535.34412     3588.13261
      310.00000     3085.41624     3292.71699     3446.56210     3479.72966     3535.09000     3587.73719
      311.00000     3085.53897     3292.55994     3446.43469     3479.39970     3534.83479     3587.34009
      312.00000     3085.66225     3292.40237     3446.30670     3479.06853     3534.57848     3586.94130
      313.00000     3085.78606     3292.24430     3446.17814     3478.73616     3534.32106     3586.54083
      314.00000     3085.91042     3292.08572     3446.04900     3478.40258     3534.06253     3586.13867
      315.00000     3086.03533     3291.92662     3445.91928     3478.06778     3533.80289     3585.73481
      316.00000     3086.16079     3291.76701     3445.78898     3477.73177     3533.54213     3585.32924
      317.00000     3086.28680     3291.60688     3445.65810     3477.39454     3533.28024     3584.92197
      318.00000     3086.41336     3291.44624     3445.52663     3477.05609     3533.01723     3584.51298
      319.00000     3086.54049     3291.28509     3445.39457     3476.71642     3532.75309     3584.10227
      320.00000     3086.66817     3291.12342     3445.26192     3476.37551     3532.48780     3583.68983
      321.00000     3086.79641     3290.96123     3445.12868     3476.03338     3532.22138     3583.27565
      322.00000     3086.92522     3290.79853     3444.99484     3475.69001     3531.95381     3582.85974
      323.00000     3087.05460     3290.63531     3444.86039     3475.34541     3531.68508     3582.44208
      324.00000     3087.18454     3290.47158     3444.72535     3474.99956     3531.41520     3582.02267
      325.00000     3087.31506     3290.30733     3444.58970     3474.65247     3531.14416     3581.60151
      326.00000     3087.44615     3290.14255     3444.45343     3474.30414     3530.87194     3581.17858
      327.00000     3087.57782     3289.97726     3444.31656     3473.95456     3530.59856     3580.75388
      328.00000     3087.71007     3289.81145     3444.17907     3473.60372     3530.32400     3580.32740
      329.00000     3087.84290     3289.64512     3444.04097     3473.25163     3530.04825     3579.89915
      330.00000     3087.97632     3289.47827     3443.90224     3472.89827     3529.77132     3579.46910
      331.00000     3088.11032     3289.31090     3443.76289     3472.54366     3529.49319     3579.03727
      332.00000     3088.24492     3289.14300     3443.62292     3472.18778     3529.21387     3578.60363
      333.00000     3088.38011     3288.97459     3443.48231     3471.83063     3528.93333     3578.16818
      334.00000     3088.51590     3288.80565     3443.34107     3471.47221     3528.65159     3577.73092
      335.00000     3088.65228     3288.63619     3443.19919     3471.11251     3528.36864     3577.29185
      336.00000     3088.78927     3288.46620     3443.05668     3470.75154     3528.08446     3576.85094
      337.00000     3088.92686     3288.29569     3442.91352     3470.38928     3527.79906     3576.40821
      338.00000     3089.06506     3288.12466     3442.76972     3470.02573     3527.51243     3575.96364
      339.00000     3089.20387     3287.95310     3442.62527     3469.66090     3527.22456     3575.51722
      340.00000     3089.34330     3287.78101     3442.48016     3469.29477     3526.93544     3575.06895
      341.00000     3089.48334     3287.60840     3442.33440     3468.92735     3526.64508     3574.61882
      342.00000     3089.62400     3287.43527     3442.18798     3468.55863     3526.35346     3574.16682
      343.00000     3089.76528     3287.26160     3442.04090     3468.18861     3526.06057     3573.71296
      344.00000     3089.90719     3287.08741     3441.89316     3467.81728     3525.76643     3573.25721
      345.00000     3090.04973     3286.91269     3441.74474     3467.44464     3525.47101     3572.79959
      346.00000     3090.19289     3286.73744     3441.59565     3467.07068     3525.17431     3572.34007
      347.00000     3090.33670     3286.56166     3441.44589     3466.69541     3524.87632     3571.87865
      348.00000     3090.48114     3286.38536     3441.29544     3466.31882     3524.57705     3571.41532
      349.00000     3090.62622     3286.20852     3441.14432     3465.94090     3524.27647     3570.95009
      350.00000     3090.77195     3286.03115     3440.99250     3465.56165     3523.97460     3570.48293
      351.00000     3090.91833     3285.85325     3440.84000     3465.18108     3523.67141     3570.01385
      352.00000     3091.06535     3285.67482     3440.68680     3464.79916     3523.36690     3569.54284
      353.00000     3091.21303     3285.49586     3440.53290     3464.41591     3523.06108     3569.06988
      354.00000     3091.36137     3285.31636     3440.37830     3464.03132     3522.75392     3568.59498
      355.00000     3091.51037     3285.13634     3440.22300     3463.64537     3522.44543     3568.11813
      356.00000     3091.66003     3284.95578     3440.06699     3463.25808     3522.13559     3567.63931
      357.00000     3091.81036     3284.77468     3439.91026     3462.86943     3521.82441     3567.15852
      358.00000     3091.96137     3284.59306     3439.75282     3462.47943     3521.51186     3566.67576
      359.00000     3092.11304     3284.41089     3439.59466     3462.08806     3521.19796     3566.19101
      360.00000     3092.26540     3284.22819     3439.43577     3461.69532     3520.88268     3565.70428
      361.00000     3092.41844     3284.04496     3439.27615     3461.30122     3520.56603     3565.21554
      362.00000     3092.57216     3283.86119     3439.11580     3460.90574     3520.24799     3564.72480
      363.00000     3092.72657     3283.67689     3438.95471     3460.50888     3519.92857     3564.23205
      364.00000     3092.88167     3283.49205     3438.79288     3460.11064     3519.60774     3563.73728
      365.00000     3093.03748     3283.30667     3438.63031     3459.71102     3519.28551     3563.24048
      366.00000     3093.19398     3283.12075     3438.46699     3459.31000     3518.96186     3562.74164
      367.00000     3093.35118     3282.93429     3438.30291     3458.90759     3518.63680     3562.24076
      368.00000     3093.50909     3282.74730     3438.13807     3458.50378     3518.31031     3561.73783
      369.00000     3093.66772     3282.55977     3437.97247     3458.09857     3517.98238     3561.23284
      370.00000     3093.82706     3282.37170     3437.80611     3457.69195     3517.65301     3560.72578
      371.00000     3093.98712     3282.18309     3437.63897     3457.28392     3517.32218     3560.21665
      372.00000     3094.14790     3281.99394     3437.47106     3456.87447     3516.98990     3559.70543
      373.00000     3094.30941     3281.80425     3437.30236     3456.46361     3516.65615     3559.19213
      374.00000     3094.47165     3281.61402     3437.13288     3456.05132     3516.32093     3558.67672
      375.00000     3094.63463     3281.42324     3436.96261     3455.63760     3515.98423     3558.15921
      376.00000     3094.79834     3281.23193     3436.79155     3455.22245     3515.64603     3557.63959
      377.00000     3094.96281     3281.04007     3436.61969     3454.80586     3515.30634     3557.11784
      378.00000     3095.12801     3280.84768     3436.44702     3454.38783     3514.96514     3556.59396
      379.00000     3095.29397     3280.65474     3436.27355     3453.96835     3514.62242     3556.06794
      380.00000     3095.46069     3280.46125     3436.09926     3453.54743     3514.27818     3555.53977
      381.00000     3095.62817     3280.26723     3435.92415     3453.12504     3513.93241     3555.00945
      382.00000     3095.79641     3280.07266     3435.74822     3452.70120     3513.58510     3554.47696
      383.00000     3095.96543     3279.87754     3435.57145     3452.27589     3513.23624     3553.94230
      384.00000     3096.13522     3279.68189     3435.39386     3451.84912     3512.88582     3553.40545
      385.00000     3096.30578     3279.48569     3435.21542     3451.42087     3512.53383     3552.86642
      386.00000     3096.47713     3279.28894     3435.03614     3450.99114     3512.18026     3552.32518
      387.00000     3096.64927     3279.09165     3434.85602     3450.55992     3511.82511     3551.78174
      388.00000     3096.82220     3278.89381     3434.67503     3450.12722     3511.46837     3551.23608
      389.00000     3096.99593     3278.69543     3434.49319     3449.69303     3511.11002     3550.68820
      390.00000     3097.17046     3278.49650     3434.31048     3449.25734     3510.75006     3550.13808
      391.00000     3097.34580     3278.29703     3434.12689     3448.82014     3510.38848     3549.58571
      392.00000     3097.52195     3278.09701     3433.94243     3448.38144     3510.02526     3549.03109
      393.00000     3097.69892     3277.89644     3433.75709     3447.94123     3509.66041     3548.47421
      394.00000     3097.87671     3277.69533     3433.57086     3447.49949     3509.29390     3547.91506
      395.00000     3098.05532     3277.49367     3433.38374     3447.05624     3508.92572     3547.35363
      396.00000     3098.23477     3277.29146     3433.19571     3446.61145     3508.55588     3546.78991
      397.00000     3098.41505     3277.08871     3433.00678     3446.16514     3508.18436     3546.22388
      398.00000     3098.59618     3276.88541     3432.81693     3445.71728     3507.81114     3545.65555
      399.00000     3098.77816     3276.68156     3432.62617     3445.26788     3507.43622     3545.08490
      400.00000     3098.96098     3276.47716     3432.43448     3444.81694     3507.05959     3544.51192
      401.00000     3099.14467     3276.27221     3432.24186     3444.36443     3506.68124     3543.93660
      402.00000     3099.32922     3276.06672     3432.04831     3443.91037     3506.30115     3543.35894
      403.00000     3099.51464     3275.86068     3431.85381     3443.45475     3505.91932     3542.77891
      404.00000     3099.70093     3275.65408     3431.65836     3442.99755     3505.53573     3542.19652
      405.00000     3099.88811     3275.44695     3431.46195     3442.53878     3505.15037     3541.61175
      406.00000     3100.07617     3275.23926     3431.26458     3442.07843     3504.76324     3541.02460
      407.00000     3100.26512     3275.03102     3431.06625     3441.61648     3504.37431     3540.43504
      408.00000     3100.45497     3274.82224     3430.86693     3441.15295     3503.98359     3539.84307
      409.00000     3100.64572     3274.61290     3430.66663     3440.68782     3503.59105     3539.24869
      410.00000     3100.83739     3274.40302     3430.46534     3440.22109     3503.19669     3538.65188
      411.00000     3101.02997     3274.19258     3430.26306     3439.75274     3502.80050     3538.05262
      412.00000     3101.22347     3273.98160     3430.05976     3439.28278     3502.40245     3537.45092
      413.00000     3101.41790     3273.77007     3429.85546     3438.81120     3502.00255     3536.84675
      414.00000     3101.61326     3273.55799     3429.65014     3438.33799     3501.60077     3536.24011
      415.00000     3101.80957     3273.34537     3429.44379     3437.86315     3501.19711     3535.63099
      416.00000     3102.00682     3273.13219     3429.23641     3437.38666     3500.79155     3535.01937
      417.00000     3102.20503     3272.91846     3429.02798     3436.90854     3500.38408     3534.40525
      418.00000     3102.40419     3272.70419     3428.81851     3436.42876     3499.97468     3533.78861
      419.00000     3102.60432     3272.48936     3428.60797     3435.94732     3499.56336     3533.16944
      420.00000     3102.80543     3272.27399     3428.39638     3435.46422     3499.15008     3532.54774
      421.00000     3103.00752     3272.05807     3428.18371     3434.97945     3498.73484     3531.92348
      422.00000     3103.21059     3271.84160     3427.96996     3434.49300     3498.31762     3531.29666
      423.00000     3103.41466     3271.62458     3427.75511     3434.00487     3497.89841     3530.66727
      424.00000     3103.61972     3271.40701     3427.53918     3433.51505     3497.47720     3530.03529
      425.00000     3103.82580     3271.18890     3427.32213     3433.02354     3497.05397     3529.40071
      426.00000     3104.03289     3270.97024     3427.10397     3432.53032     3496.62871     3528.76352
      427.00000     3104.24101     3270.75103     3426.88469     3432.03539     3496.20141     3528.12371
      428.00000     3104.45015     3270.53127     3426.66427     3431.53875     3495.77204     3527.48127
      429.00000     3104.66034     3270.31097     3426.44272     3431.04038     3495.34059     3526.83618
      430.00000     3104.87157     3270.09012     3426.22001     3430.54029     3494.90706     3526.18843
      431.00000     3105.08385     3269.86872     3425.99614     3430.03845     3494.47142     3525.53801
      432.00000     3105.29719     3269.64678     3425.77111     3429.53488     3494.03366     3524.88490
      433.00000     3105.51160     3269.42429     3425.54489     3429.02955     3493.59376     3524.22910
      434.00000     3105.72709     3269.20126     3425.31749     3428.52247     3493.15171     3523.57059
      435.00000     3105.94367     3268.97768     3425.08889     3428.01362     3492.70749     3522.90935
      436.00000     3106.16133     3268.75356     3424.85909     3427.50301     3492.26109     3522.24538
      437.00000     3106.38010     3268.52889     3424.62806     3426.99061     3491.81248     3521.57866
      438.00000     3106.59998     3268.30368     3424.39581     3426.47642     3491.36166     3520.90918
      439.00000     3106.82098     3268.07793     3424.16233     3425.96045     3490.90861     3520.23692
      440.00000     3107.04310     3267.85163     3423.92759     3425.44267     3490.45330     3519.56187
      441.00000     3107.26636     3267.62480     3423.69160     3424.92308     3489.99572     3518.88401
      442.00000     3107.49077     3267.39742     3423.45433     3424.40167     3489.53586     3518.20334
      443.00000     3107.71633     3267.16950     3423.21579     3423.87844     3489.07370     3517.51983
      444.00000     3107.94305     3266.94104     3422.97595     3423.35338     3488.60921     3516.83348
      445.00000     3108.17095     3266.71204     3422.73482     3422.82648     3488.14238     3516.14427
      446.00000     3108.40002     3266.48250     3422.29773     3422.49236     3487.67320     3515.45218
      447.00000     3108.63029     3266.25242     3421.76713     3422.24859     3487.20163     3514.75720
      448.00000     3108.86176     3266.02181     3421.23466     3422.00347     3486.72767     3514.05932
      449.00000     3109.09444     3265.79066     3420.70032     3421.75701     3486.25130     3513.35852
      450.00000     3109.32834     3265.55897     3420.16410     3421.50919     3485.77249     3512.65478
      451.00000     3109.56348     3265.32675     3419.62599     3421.25999     3485.29123     3511.94809
      452.00000     3109.79985     3265.09400     3419.08598     3421.00940     3484.80749     3511.23844
      453.00000     3110.03747     3264.86071     3418.54406     3420.75742     3484.32126     3510.52581
      454.00000     3110.27636     3264.62690     3418.00024     3420.50403     3483.83251     3509.81018
      455.00000     3110.51652     3264.39255     3417.45448     3420.24921     3483.34122     3509.09153
      456.00000     3110.75796     3264.15767     3416.90680     3419.99295     3482.84738     3508.36986
      457.00000     3111.00070     3263.92226     3416.35717     3419.73525     3482.35096     3507.64514
      458.00000     3111.24474     3263.68633     3415.80560     3419.47607     3481.85193     3506.91736
      459.00000     3111.49011     3263.44986     3415.25207     3419.21542     3481.35029     3506.18651
      460.00000     3111.73679     3263.21288     3414.69656     3418.95328     3480.84600     3505.45255
      461.00000     3111.98482     3262.97537     3414.13908     3418.68962     3480.33903     3504.71549
      462.00000     3112.23421     3262.73734     3413.57961     3418.42445     3479.82938     3503.97529
      463.00000     3112.48495     3262.49878     3413.01815     3418.15773     3479.31701     3503.23195
      464.00000     3112.73707     3262.25971     3412.45468     3417.88947     3478.80191     3502.48545
      465.00000     3112.99058     3262.02012     3411.88919     3417.61964     3478.28404     3501.73576
      466.00000     3113.24550     3261.78001     3411.32168     3417.34822     3477.76338     3500.98287
      467.00000     3113.50182     3261.53939     3410.75213     3417.07520     3477.23991     3500.22677
      468.00000     3113.75958     3261.29825     3410.18054     3416.80057     3476.71360     3499.46743
      469.00000     3114.01877     3261.05660     3409.60689     3416.52430     3476.18442     3498.70483
      470.00000     3114.27942     3260.81444     3409.03117     3416.24639     3475.65236     3497.93896
      471.00000     3114.54153     3260.57178     3408.45338     3415.96681     3475.11738     3497.16980
      472.00000     3114.80513     3260.32861     3407.87349     3415.68554     3474.57946     3496.39732
      473.00000     3115.07022     3260.08493     3407.29151     3415.40258     3474.03856     3495.62152
      474.00000     3115.33682     3259.84075     3406.70743     3415.11789     3473.49467     3494.84236
      475.00000     3115.60495     3259.59607     3406.12122     3414.83147     3472.94775     3494.05984
      476.00000     3115.87461     3259.35089     3405.53288     3414.54329     3472.39777     3493.27392
      477.00000     3116.14583     3259.10522     3404.94240     3414.25333     3471.84471     3492.48459
      478.00000     3116.41862     3258.85905     3404.34976     3413.96157     3471.28854     3491.69183
      479.00000     3116.69299     3258.61240     3403.75496     3413.66801     3470.72922     3490.89562
      480.00000     3116.96896     3258.36525     3403.15798     3413.37260     3470.16672     3490.09593
      481.00000     3117.24655     3258.11762     3402.55882     3413.07534     3469.60102     3489.29275
      482.00000     3117.52577     3257.86950     3401.95745     3412.77620     3469.03208     3488.48605
      483.00000     3117.80664     3257.62090     3401.35387     3412.47517     3468.45987     3487.67582
      484.00000     3118.08918     3257.37183     3400.74807     3412.17221     3467.88436     3486.86202
      485.00000     3118.37339     3257.12228     3400.14003     3411.86731     3467.30552     3486.04465
      486.00000     3118.65932     3256.87225     3399.52974     3411.56044     3466.72330     3485.22366
      487.00000     3118.94696     3256.62176     3398.91719     3411.25159     3466.13768     3484.39905
      488.00000     3119.23633     3256.37080     3398.30236     3410.94072     3465.54863     3483.57079
      489.00000     3119.52746     3256.11938     3397.68524     3410.62782     3464.95609     3482.73886
      490.00000     3119.82037     3255.86750     3397.06582     3410.31285     3464.36005     3481.90322
      491.00000     3120.11507     3255.61516     3396.44409     3409.99580     3463.76047     3481.06387
      492.00000     3120.41158     3255.36237     3395.82003     3409.67663     3463.15729     3480.22076
      493.00000     3120.70992     3255.10913     3395.19362     3409.35533     3462.55050     3479.37389
      494.00000     3121.01012     3254.85544     3394.56486     3409.03186     3461.94005     3478.52322
      495.00000     3121.31219     3254.60131     3393.93373     3408.70620     3461.32589     3477.66873
      496.00000     3121.61615     3254.34675     3393.30021     3408.37832     3460.70800     3476.81039
      497.00000     3121.92203     3254.09175     3392.66430     3408.04818     3460.08632     3475.94818
      498.00000     3122.22984     3253.83633     3392.02597     3407.71577     3459.46083     3475.08207
      499.00000     3122.53962     3253.58048     3391.38521     3407.38105     3458.83147     3474.21204
      500.00000     3122.85137     3253.32420     3390.74200     3407.04399     3458.19820     3473.33806
      501.00000     3123.16513     3253.06752     3390.09634     3406.70456     3457.56098     3472.46009
      502.00000     3123.48092     3252.81042     3389.44820     3406.36273     3456.91977     3471.57813
      503.00000     3123.79877     3252.55292     3388.79756     3406.01846     3456.27451     3470.69212
      504.00000     3124.11869     3252.29502     3388.14442     3405.67172     3455.62517     3469.80206
      505.00000     3124.44071     3252.03672     3387.48876     3405.32247     3454.97170     3468.90790
      506.00000     3124.76486     3251.77803     3386.83055     3404.97069     3454.31404     3468.00963
      507.00000     3125.09116     3251.51896     3386.16979     3404.61633     3453.65215     3467.10721
      508.00000     3125.41964     3251.25951     3385.50645     3404.25936     3452.98599     3466.20061
      509.00000     3125.75032     3250.99969     3384.84052     3403.89974     3452.31549     3465.28980
      510.00000     3126.08325     3250.73950     3384.17198     3403.53743     3451.64061     3464.37476
      511.00000     3126.41843     3250.47895     3383.50081     3403.17239     3450.96130     3463.45545
      512.00000     3126.75591     3250.21805     3382.82699     3402.80458     3450.27750     3462.53184
      513.00000     3127.09570     3249.95680     3382.15051     3402.43396     3449.58915     3461.60390
      514.00000     3127.43785     3249.69522     3381.47135     3402.06048     3448.89621     3460.67159
      515.00000     3127.78238     3249.43330     3380.78948     3401.68410     3448.19861     3459.73490
      516.00000     3128.12932     3249.17106     3380.10489     3401.30478     3447.49630     3458.79378
      517.00000     3128.47870     3248.90850     3379.41755     3400.92247     3446.78922     3457.84820
      518.00000     3128.83057     3248.64563     3378.72746     3400.53711     3446.07731     3456.89812
      519.00000     3129.18494     3248.38246     3378.03458     3400.14867     3445.36050     3455.94353
      520.00000     3129.54186     3248.11900     3377.33889     3399.75709     3444.63874     3454.98438
      521.00000     3129.90136     3247.85526     3376.64038     3399.36231     3443.91196     3454.02063
      522.00000     3130.26348     3247.59124     3375.93902     3398.96429     3443.18009     3453.05226
      523.00000     3130.62825     3247.32696     3375.23480     3398.56296     3442.44307     3452.07922
      524.00000     3130.99571     3247.06242     3374.52768     3398.15828     3441.70084     3451.10149
      525.00000     3131.36590     3246.79763     3373.81765     3397.75018     3440.95331     3450.11903
      526.00000     3131.73885     3246.53261     3373.10468     3397.33861     3440.20043     3449.13180
      527.00000     3132.11462     3246.26737     3372.38874     3396.92349     3439.44212     3448.13977
      528.00000     3132.49324     3246.00191     3371.66983     3396.50477     3438.67831     3447.14290
      529.00000     3132.87475     3245.73626     3370.94790     3396.08237     3437.90891     3446.14115
      530.00000     3133.25919     3245.47041     3370.22293     3395.65624     3437.13386     3445.13449
      531.00000     3133.64662     3245.20438     3369.49491     3395.22630     3436.35308     3444.12289
      532.00000     3134.03707     3244.93819     3368.76379     3394.79247     3435.56648     3443.10629
      533.00000     3134.43060     3244.67185     3368.02957     3394.35468     3434.77399     3442.08468
      534.00000     3134.82725     3244.40536     3367.29220     3393.91286     3433.97552     3441.05800
      535.00000     3135.22706     3244.13875     3366.55166     3393.46691     3433.17098     3440.02623
      536.00000     3135.63010     3243.87204     3365.80793     3393.01676     3432.36029     3438.98932
      537.00000     3136.03641     3243.60522     3365.06097     3392.56233     3431.54337     3437.94724
      538.00000     3136.44605     3243.33833     3364.31075     3392.10351     3430.72011     3436.89995
      539.00000     3136.85907     3243.07137     3363.55725     3391.64022     3429.89043     3435.84741
      540.00000     3137.27552     3242.80436     3362.80043     3391.17235     3429.05423     3434.78959
      541.00000     3137.69548     3242.53733     3362.04027     3390.69982     3428.21141     3433.72645
      542.00000     3138.11898     3242.27028     3361.27672     3390.22251     3427.36188     3432.65795
      543.00000     3138.54610     3242.00323     3360.50976     3389.74031     3426.50553     3431.58405
      544.00000     3138.97690     3241.73622     3359.73936     3389.25312     3425.64226     3430.50473
      545.00000     3139.41145     3241.46924     3358.96547     3388.76081     3424.77196     3429.41994
      546.00000     3139.84980     3241.20233     3358.18807     3388.26326     3423.89452     3428.32966
      547.00000     3140.29204     3240.93551     3357.40711     3387.76034     3423.00983     3427.23384
      548.00000     3140.73822     3240.66880     3356.62256     3387.25193     3422.11779     3426.13245
      549.00000     3141.18843     3240.40222     3355.83439     3386.73787     3421.21826     3425.02547
      550.00000     3141.64273     3240.13580     3355.04255     3386.21803     3420.31113     3423.91287
      551.00000     3142.10121     3239.86955     3354.24701     3385.69225     3419.39629     3422.79461
      552.00000     3142.56394     3239.60352     3353.44771     3385.16037     3418.47359     3421.67066
      553.00000     3143.03101     3239.33771     3352.64463     3384.62223     3417.54292     3420.54101
      554.00000     3143.50251     3239.07217     3351.83772     3384.07765     3416.60415     3419.40563
      555.00000     3143.97851     3238.80692     3351.02693     3383.52645     3415.65713     3418.26450
      556.00000     3144.45912     3238.54199     3350.21222     3382.96844     3414.70173     3417.11761
      557.00000     3144.94442     3238.27741     3349.39355     3382.40341     3413.73781     3415.96493
      558.00000     3145.43452     3238.01321     3348.57085     3381.83115     3412.76521     3414.80646
      559.00000     3145.92951     3237.74944     3347.74410     3381.25144     3411.78381     3413.64218
      560.00000     3146.42949     3237.48612     3346.91323     3380.66404     3410.79343     3412.47211
      561.00000     3146.93458     3237.22329     3346.07819     3380.06870     3409.79392     3411.29624
      562.00000     3147.44488     3236.96099     3345.23893     3379.46517     3408.78512     3410.11457
      563.00000     3147.96052     3236.69926     3344.39539     3378.85316     3407.76687     3408.92712
      564.00000     3148.48161     3236.43814     3343.54752     3378.23239     3406.73899     3407.73392
      565.00000     3149.00827     3236.17768     3342.69526     3377.60254     3405.70131     3406.53499
      566.00000     3149.54063     3235.91792     3341.83855     3376.96329     3404.65365     3405.33036
      567.00000     3150.07884     3235.65891     3340.97732     3376.31428     3403.59582     3404.12008
      568.00000     3150.62302     3235.40071     3340.11152     3375.65516     3402.52764     3402.90421
      569.00000     3151.17332     3235.14335     3339.24107     3374.98553     3401.44890     3401.68280
      570.00000     3151.72990     3234.88691     3338.36590     3374.30498     3400.35942     3400.45595
      571.00000     3152.29290     3234.63143     3337.48594     3373.61307     3399.22373     3399.25897
      572.00000     3152.86249     3234.37698     3336.60113     3372.90933     3397.98625     3398.14735
      573.00000     3153.43885     3234.12362     3335.71137     3372.19327     3396.74363     3397.02433
      574.00000     3154.02215     3233.87141     3334.81660     3371.46436     3395.49600     3395.88969
      575.00000     3154.61257     3233.62044     3333.91673     3370.72204     3394.24352     3394.74319
      576.00000     3155.21031     3233.37076     3333.01168     3369.96572     3392.98635     3393.58460
      577.00000     3155.81556     3233.12246     3332.10135     3369.19476     3391.72468     3392.41366
      578.00000     3156.42855     3232.87562     3331.18566     3368.40850     3390.45872     3391.23012
      579.00000     3157.04949     3232.63033     3330.26450     3367.60622     3389.18869     3390.03370
      580.00000     3157.67861     3232.38667     3329.33777     3366.78719     3387.91484     3388.82414
      581.00000     3158.31615     3232.14474     3328.40538     3365.95059     3386.63744     3387.60115
      582.00000     3158.96238     3231.90465     3327.46721     3365.09561     3385.35676     3386.36443
      583.00000     3159.61755     3231.66649     3326.52315     3364.22135     3384.07312     3385.11368
      584.00000     3160.28196     3231.43039     3325.57307     3363.32692     3382.78683     3383.84857
      585.00000     3160.95588     3231.19645     3324.61686     3362.41134     3381.49820     3382.56879
      586.00000     3161.63965     3230.96482     3323.65438     3361.47362     3380.20757     3381.27398
      587.00000     3162.33358     3230.73561     3322.68550     3360.51274     3378.91527     3379.96380
      588.00000     3163.03802     3230.50899     3321.71006     3359.52765     3377.62162     3378.63787
      589.00000     3163.75334     3230.28508     3320.72792     3358.51726     3376.32691     3377.29581
      590.00000     3164.47993     3230.06407     3319.73891     3357.48051     3375.03141     3375.93721
      591.00000     3165.21819     3229.84611     3318.74287     3356.41630     3373.73535     3374.56166
      592.00000     3165.96857     3229.63140     3317.73962     3355.32356     3372.43891     3373.16872
      593.00000     3166.73153     3229.42013     3316.72897     3354.20123     3371.14217     3371.75792
      594.00000     3167.50755     3229.21251     3315.71071     3353.04828     3369.84515     3370.32880
      595.00000     3168.29718     3229.00877     3314.68464     3351.86374     3368.54776     3368.88085
      596.00000     3169.10095     3228.80914     3313.65052     3350.64666     3367.24979     3367.41353
      597.00000     3169.91948     3228.61390     3312.60812     3349.39618     3365.92631     3365.95089
      598.00000     3170.75340     3228.42331     3311.55718     3348.11148     3364.41858     3364.65058
      599.00000     3171.60341     3228.23768     3310.49741     3346.79184     3362.88974     3363.34821
      600.00000     3172.47023     3228.05734     3309.42853     3345.43658     3361.33913     3362.04299
      601.00000     3173.35467     3227.88264     3308.35021     3344.04509     3359.76607     3360.73395
      602.00000     3174.25758     3227.71397     3307.26212     3342.61681     3358.16983     3359.41995
      603.00000     3175.17989     3227.55175     3306.16387     3341.15123     3356.54963     3358.09969
      604.00000     3176.12262     3227.39642     3305.05507     3339.64786     3354.90464     3356.77171
      605.00000     3177.08684     3227.24851     3303.93528     3338.10622     3353.23400     3355.43436
      606.00000     3178.07376     3227.10854     3302.80401     3336.52582     3351.53675     3354.08586
      607.00000     3179.08468     3226.97712     3301.66076     3334.90614     3349.81189     3352.72425
      608.00000     3180.12103     3226.85492     3300.50493     3333.24661     3348.05833     3351.34741
      609.00000     3181.18439     3226.74268     3299.33591     3331.54655     3346.27491     3349.95305
      610.00000     3182.27649     3226.64121     3298.15299     3329.80522     3344.46038     3348.53872
      611.00000     3183.39925     3226.55143     3296.95538     3328.02172     3342.61334     3347.10176
      612.00000     3184.55483     3226.47436     3295.74222     3326.19500     3340.73233     3345.63932
      613.00000     3185.74563     3226.41115     3294.51252     3324.32382     3338.81571     3344.14832
      614.00000     3186.97435     3226.36310     3293.26519     3322.40671     3336.86168     3342.62540
      615.00000     3188.24403     3226.33170     3291.99895     3320.44195     3334.86829     3341.06689
      616.00000     3189.55816     3226.31865     3290.71238     3318.42751     3332.83334     3339.46877
      617.00000     3190.92070     3226.32590     3289.40381     3316.36099     3330.75438     3337.82656
      618.00000     3192.33625     3226.35573     3288.07132     3314.23956     3328.62869     3336.13525
      619.00000     3193.81014     3226.41079     3286.71263     3312.05987     3326.45316     3334.38918
      620.00000     3195.34863     3226.49422     3285.32509     3309.81797     3324.22424     3332.58183
      621.00000     3196.95917     3226.60978     3283.90549     3307.50910     3321.93785     3330.70569
      622.00000     3198.65069     3226.76202     3282.44996     3305.12759     3319.58922     3328.75188
      623.00000     3200.43406     3226.95649     3280.95374     3302.66650     3317.17270     3326.70977
      624.00000     3202.32277     3227.20015     3279.41093     3300.11735     3314.68148     3324.56640
      625.00000     3204.33382     3227.50181     3277.81401     3297.46952     3312.10719     3322.30560
      626.00000     3206.48919     3227.87295     3276.15326     3294.70950     3309.43926     3319.90665
      627.00000     3208.81807     3228.32894     3274.41576     3291.81965     3306.66388     3317.34216
      628.00000     3211.36069     3228.89112     3272.58384     3288.77618     3303.76228     3314.57445
      629.00000     3214.17501     3229.59049     3270.63237     3285.54561     3300.70745     3311.54900
      630.00000     3217.34999     3230.47510     3268.52378     3282.07799     3297.45757     3308.18143
      631.00000     3221.03461     3231.62638     3266.19786     3278.29201     3293.94079     3304.32786
      632.00000     3225.51521     3233.20376     3263.54778     3274.03561     3290.01284     3299.70294
      633.00000     3231.49981     3235.61683     3260.35072     3268.93547     3285.29294     3293.55489
      634.00000     3242.89159     3242.89159     3258.23051     3258.23051     3277.91612     3277.91612
