     0.0000000000     3.1361000114     3.1361000114     0.0069817729     0.0069817729     2.3561944902     0.7853981634     5.4977871438     3.9269908170
     0.0040071335     3.1329641830     3.1377813462     0.0100077159     0.0049942772     2.6650707993     1.5444545756     5.7564029164     4.4650831621
     0.0080142670     3.1294531721     3.1363462111     0.0133853223     0.0053620657     2.8030440556     2.3490770544     5.8901881159     5.1957274176
     0.0120214005     3.1258155807     3.1332757537     0.0169050212     0.0077573956     2.8783295363     2.6856180468     5.9692294502     5.6398564097
     0.0160285339     3.1221222773     3.1297829928     0.0204936817     0.0109190251     2.9252392239     2.8328585451     6.0208203900     5.8524685043
     0.0200356674     3.1183998921     3.1261517150     0.0241205168     0.0143492961     2.9571418551     2.9119661877     6.0569674773     5.9668008319
     0.0240428009     3.1146604959     3.1224604672     0.0277705650     0.0178945893     2.9802023727     2.9607674984     6.0836380963     6.0364734427
     0.0280499344     3.1109103108     3.1187381389     0.0314357461     0.0214982687     2.9976320684     2.9937330758     6.1040997621     6.0829592572
     0.0320570679     3.1071528552     3.1149976372     0.0351113368     0.0251354161     3.0112610621     3.0174472947     6.1202817449     6.1160499233
     0.0360642014     3.1033902615     3.1112455487     0.0387944024     0.0287935241     3.0222063575     3.0353067565     6.1333929638     6.1407561345
     0.0400713349     3.0996238924     3.1074855701     0.0424830297     0.0324656733     3.0311874266     3.0492331369     6.1442280511     6.1598844979
     0.0440784684     3.0958546567     3.1037199289     0.0461759229     0.0361477443     3.0386882150     3.0603927260     6.1533301798     6.1751218767
     0.0480856018     3.0920831809     3.0999500428     0.0498721762     0.0398371404     3.0450460467     3.0695333805     6.1610829355     6.1875404117
     0.0520927353     3.0883099090     3.0961768535     0.0535711405     0.0435321498     3.0505031515     3.0771563082     6.1677647627     6.1978530221
     0.0560998688     3.0845351627     3.0924010085     0.0572723403     0.0472316022     3.0552379209     3.0836098106     6.1735825956     6.2065517114
     0.0601070023     3.0807591788     3.0886229654     0.0609754218     0.0509346734     3.0593846122     3.0891433649     6.1786933839     6.2139867354
     0.0641141358     3.0769821345     3.0848430549     0.0646801179     0.0546407694     3.0630461871     3.0939403017     6.1832182985     6.2204140912
     0.0681212693     3.0732041637     3.0810615206     0.0683862246     0.0583494529     3.0663029191     3.0981383368     6.1872523606     6.2260251566
     0.0721284028     3.0694253681     3.0772785439     0.0720935854     0.0620603973     3.0692183111     3.1018429117     6.1908711248     6.2309658290
     0.0761355362     3.0656458254     3.0734942619     0.0758020789     0.0657733553     3.0718432544     3.1051361153     6.1941354148     6.2353492550
     0.0801426697     3.0618655951     3.0697087786     0.0795116114     0.0694881381     3.0742190086     3.1080828040     6.1970947426     6.2392645175
     0.0841498032     3.0580847223     3.0659221733     0.0832221101     0.0732046001     3.0763793764     3.1107348944     6.1997898181     6.2427827011
     0.0881569367     3.0543032412     3.0621345067     0.0869335189     0.0769226289     3.0783523139     3.1131344348     6.2022544204     6.2459612132
     0.0921640702     3.0505211770     3.0583458247     0.0906457952     0.0806421376     3.0801611417     3.1153158420     6.2045168109     6.2488469189
     0.0961712037     3.0467385480     3.0545561620     0.0943589066     0.0843630591     3.0818254673     3.1173075561     6.2066008150     6.2514784522
     0.1001783372     3.0429553670     3.0507655442     0.0980728297     0.0880853418     3.0833618950     3.1191332838     6.2085266588     6.2538879452
     0.1041854707     3.0391716418     3.0469739898     0.1017875479     0.0918089469     3.0847845795     3.1208129427     6.2103116236     6.2561023398
     0.1081926041     3.0353873768     3.0431815114     0.1055030502     0.0955338453     3.0861056618     3.1223633891     6.2119705630     6.2581443935
     0.1121997376     3.0316025732     3.0393881172     0.1092193308     0.0992600161     3.0873356145     3.1237989844     6.2135163137     6.2600334617
     0.1162068711     3.0278172295     3.0355938111     0.1129363875     0.1029874453     3.0884835187     3.1251320395     6.2149600274     6.2617861091
     0.1202140046     3.0240313421     3.0317985942     0.1166542215     0.1067161242     3.0895572881     3.1263731685     6.2163114377     6.2634165957
     0.1242211381     3.0202449057     3.0280024647     0.1203728367     0.1104460485     3.0905638501     3.1275315709     6.2175790785     6.2649372633
     0.1282282716     3.0164579135     3.0242054189     0.1240922397     0.1141772180     3.0915092953     3.1286152598     6.2187704635     6.2663588478
     0.1322354051     3.0126703571     3.0204074509     0.1278124385     0.1179096355     3.0923989997     3.1296312469     6.2198922342     6.2676907318
     0.1362425385     3.0088822275     3.0166085535     0.1315334434     0.1216433065     3.0932377269     3.1305856944     6.2209502823     6.2689411512
     0.1402496720     3.0050935145     3.0128087181     0.1352552657     0.1253782387     3.0940297125     3.1314840395     6.2219498534     6.2701173652
     0.1442568055     3.0013042071     3.0090079351     0.1389779181     0.1291144418     3.0947787355     3.1323310984     6.2228956326     6.2712257969
     0.1482639390     2.9975142938     3.0052061937     0.1427014144     0.1328519272     3.0954881782     3.1331311521     6.2237918174     6.2722721503
     0.1522710725     2.9937237623     3.0014034827     0.1464257690     0.1365907075     3.0961610769     3.1338880189     6.2246421798     6.2732615078
     0.1562782060     2.9899326001     2.9975997897     0.1501509975     0.1403307967     3.0968001648     3.1346051152     6.2254501188     6.2741984132
     0.1602853395     2.9861407942     2.9937951023     0.1538771158     0.1440722096     3.0974079093     3.1352855070     6.2262187053     6.2750869405
     0.1642924730     2.9823483311     2.9899894070     0.1576041405     0.1478149621     3.0979865434     3.1359319539     6.2269507207     6.2759307537
     0.1682996064     2.9785551972     2.9861826905     0.1613320888     0.1515590707     3.0985380927     3.1365469460     6.2276486904     6.2767331567
     0.1723067399     2.9747613785     2.9823749385     0.1650609780     0.1553045526     3.0990643991     3.1371327364     6.2283149125     6.2774971367
     0.1763138734     2.9709668610     2.9785661370     0.1687908259     0.1590514255     3.0995671413     3.1376913688     6.2289514829     6.2782254010
     0.1803210069     2.9671716303     2.9747562713     0.1725216507     0.1627997077     3.1000478522     3.1382247007     6.2295603168     6.2789204093
     0.1843281404     2.9633756721     2.9709453266     0.1762534707     0.1665494177     3.1005079346     3.1387344249     6.2301431680     6.2795844012
     0.1883352739     2.9595789718     2.9671332881     0.1799863043     0.1703005746     3.1009486746     3.1392220867     6.2307016457     6.2802194203
     0.1923424074     2.9557815148     2.9633201407     0.1837201703     0.1740531974     3.1013712537     3.1396891000     6.2312372287     6.2808273352
     0.1963495408     2.9519832864     2.9595058691     0.1874550875     0.1778073058     3.1017767588     3.1401367610     6.2317512787     6.2814098579
     0.2003566743     2.9481842719     2.9556904582     0.1911910748     0.1815629193     3.1021661919     3.1405662598     6.2322450513     6.2819685598
     0.2043638078     2.9443844566     2.9518738924     0.1949281510     0.1853200579     3.1025404782     3.1409786917     6.2327197067     6.2825048857
     0.2083709413     2.9405838257     2.9480561565     0.1986663352     0.1890787414     3.1029004731     3.1413750656     6.2331763181     6.2830201667
     0.2123780748     2.9367823645     2.9442372349     0.2024056465     0.1928389899     3.1032469689     3.1417563133     6.2336158799     0.0003303236
     0.2163852083     2.9329800583     2.9404171122     0.2061461037     0.1966008235     3.1035807001     3.1421232958     6.2340393147     0.0008071055
     0.2203923418     2.9291768923     2.9365957730     0.2098877260     0.2003642624     3.1039023492     3.1424768107     6.2344474798     0.0012662556
     0.2243994753     2.9253728520     2.9327732018     0.2136305323     0.2041293267     3.1042125508     3.1428175974     6.2348411731     0.0017087473
     0.2284066087     2.9215679226     2.9289493832     0.2173745415     0.2078960368     3.1045118959     3.1431463425     6.2352211375     0.0021354844
     0.2324137422     2.9177620897     2.9251243018     0.2211197724     0.2116644126     3.1048009353     3.1434636845     6.2355880662     0.0025473065
     0.2364208757     2.9139553388     2.9212979423     0.2248662438     0.2154344745     3.1050801834     3.1437702179     6.2359426064     0.0029449955
     0.2404280092     2.9101476555     2.9174702893     0.2286139744     0.2192062424     3.1053501209     3.1440664967     6.2362853635     0.0033292798
     0.2444351427     2.9063390254     2.9136413278     0.2323629829     0.2229797365     3.1056111976     3.1443530381     6.2366169038     0.0037008389
     0.2484422762     2.9025294343     2.9098110424     0.2361132876     0.2267549766     3.1058638347     3.1446303254     6.2369377582     0.0040603077
     0.2524494097     2.8987188681     2.9059794183     0.2398649070     0.2305319827     3.1061084272     3.1448988108     6.2372484245     0.0044082799
     0.2564565432     2.8949073127     2.9021464403     0.2436178594     0.2343107745     3.1063453460     3.1451589176     6.2375493702     0.0047453114
     0.2604636766     2.8910947541     2.8983120936     0.2473721628     0.2380913718     3.1065749394     3.1454110428     6.2378410347     0.0050719230
     0.2644708101     2.8872811786     2.8944763634     0.2511278353     0.2418737942     3.1067975351     3.1456555589     6.2381238314     0.0053886036
     0.2684779436     2.8834665724     2.8906392350     0.2548848946     0.2456580610     3.1070134414     3.1458928158     6.2383981496     0.0056958121
     0.2724850771     2.8796509219     2.8868006938     0.2586433586     0.2494441915     3.1072229491     3.1461231425     6.2386643561     0.0059939800
     0.2764922106     2.8758342136     2.8829607255     0.2624032447     0.2532322050     3.1074263321     3.1463468489     6.2389227969     0.0062835133
     0.2804993441     2.8720164341     2.8791193156     0.2661645703     0.2570221206     3.1076238491     3.1465642267     6.2391737989     0.0065647944
     0.2845064776     2.8681975702     2.8752764499     0.2699273526     0.2608139569     3.1078157445     3.1467755509     6.2394176708     0.0068381837
     0.2885136110     2.8643776089     2.8714321144     0.2736916087     0.2646077329     3.1080022494     3.1469810811     6.2396547046     0.0071040212
     0.2925207445     2.8605565370     2.8675862951     0.2774573554     0.2684034670     3.1081835822     3.1471810625     6.2398851765     0.0073626280
     0.2965278780     2.8567343418     2.8637389781     0.2812246094     0.2722011776     3.1083599500     3.1473757268     6.2401093483     0.0076143076
     0.3005350115     2.8529110106     2.8598901499     0.2849933873     0.2760008830     3.1085315489     3.1475652933     6.2403274680     0.0078593469
     0.3045421450     2.8490865308     2.8560397968     0.2887637054     0.2798026011     3.1086985648     3.1477499695     6.2405397710     0.0080980175
     0.3085492785     2.8452608900     2.8521879054     0.2925355797     0.2836063498     3.1088611743     3.1479299520     6.2407464806     0.0083305767
     0.3125564120     2.8414340760     2.8483344626     0.2963090263     0.2874121467     3.1090195449     3.1481054271     6.2409478089     0.0085572682
     0.3165635455     2.8376060766     2.8444794553     0.3000840608     0.2912200092     3.1091738360     3.1482765718     6.2411439575     0.0087783235
     0.3205706789     2.8337768798     2.8406228704     0.3038606988     0.2950299547     3.1093241988     3.1484435539     6.2413351181     0.0089939620
     0.3245778124     2.8299464739     2.8367646953     0.3076389557     0.2988420001     3.1094707777     3.1486065329     6.2415214734     0.0092043923
     0.3285849459     2.8261148471     2.8329049173     0.3114188465     0.3026561623     3.1096137096     3.1487656604     6.2417031970     0.0094098126
     0.3325920794     2.8222819880     2.8290435240     0.3152003862     0.3064724579     3.1097531253     3.1489210806     6.2418804545     0.0096104113
     0.3365992129     2.8184478852     2.8251805031     0.3189835894     0.3102909032     3.1098891494     3.1490729308     6.2420534039     0.0098063679
     0.3406063464     2.8146125275     2.8213158425     0.3227684708     0.3141115145     3.1100219007     3.1492213418     6.2422221957     0.0099978532
     0.3446134799     2.8107759040     2.8174495303     0.3265550445     0.3179343076     3.1101514925     3.1493664381     6.2423869736     0.0101850299
     0.3486206133     2.8069380036     2.8135815547     0.3303433246     0.3217592984     3.1102780332     3.1495083385     6.2425478751     0.0103680532
     0.3526277468     2.8030988158     2.8097119041     0.3341333249     0.3255865023     3.1104016263     3.1496471564     6.2427050313     0.0105470711
     0.3566348803     2.7992583301     2.8058405671     0.3379250592     0.3294159345     3.1105223705     3.1497829999     6.2428585676     0.0107222248
     0.3606420138     2.7954165359     2.8019675325     0.3417185407     0.3332476101     3.1106403604     3.1499159723     6.2430086040     0.0108936492
     0.3646491473     2.7915734232     2.7980927893     0.3455137826     0.3370815438     3.1107556866     3.1500461724     6.2431552553     0.0110614732
     0.3686562808     2.7877289819     2.7942163265     0.3493107979     0.3409177502     3.1108684356     3.1501736944     6.2432986315     0.0112258200
     0.3726634143     2.7838832021     2.7903381335     0.3531095993     0.3447562435     3.1109786905     3.1502986288     6.2434388379     0.0113868074
     0.3766705478     2.7800360742     2.7864581999     0.3569101993     0.3485970378     3.1110865307     3.1504210619     6.2435759754     0.0115445481
     0.3806776812     2.7761875886     2.7825765153     0.3607126100     0.3524401468     3.1111920325     3.1505410764     6.2437101408     0.0116991500
     0.3846848147     2.7723377360     2.7786930697     0.3645168436     0.3562855840     3.1112952689     3.1506587515     6.2438414271     0.0118507165
     0.3886919482     2.7684865072     2.7748078531     0.3683229117     0.3601333628     3.1113963102     3.1507741632     6.2439699232     0.0119993466
     0.3926990817     2.7646338933     2.7709208558     0.3721308260     0.3639834961     3.1114952238     3.1508873842     6.2440957149     0.0121451353
     0.3967062152     2.7607798854     2.7670320683     0.3759405977     0.3678359966     3.1115920742     3.1509984844     6.2442188842     0.0122881736
     0.4007133487     2.7569244749     2.7631414813     0.3797522380     0.3716908769     3.1116869237     3.1511075307     6.2443395102     0.0124285489
     0.4047204822     2.7530676532     2.7592490858     0.3835657575     0.3755481491     3.1117798320     3.1512145874     6.2444576688     0.0125663450
     0.4087276156     2.7492094122     2.7553548727     0.3873811670     0.3794078252     3.1118708566     3.1513197164     6.2445734331     0.0127016424
     0.4127347491     2.7453497437     2.7514588334     0.3911984767     0.3832699168     3.1119600527     3.1514229770     6.2446868732     0.0128345186
     0.4167418826     2.7414886398     2.7475609593     0.3950176968     0.3871344354     3.1120474736     3.1515244261     6.2447980569     0.0129650477
     0.4207490161     2.7376260927     2.7436612422     0.3988388371     0.3910013920     3.1121331704     3.1516241186     6.2449070492     0.0130933013
     0.4247561496     2.7337620949     2.7397596740     0.4026619073     0.3948707974     3.1122171924     3.1517221073     6.2450139130     0.0132193481
     0.4287632831     2.7298966389     2.7358562468     0.4064869166     0.3987426623     3.1122995873     3.1518184429     6.2451187086     0.0133432543
     0.4327704166     2.7260297177     2.7319509530     0.4103138742     0.4026169969     3.1123804008     3.1519131741     6.2452214943     0.0134650833
     0.4367775501     2.7221613241     2.7280437850     0.4141427891     0.4064938113     3.1124596771     3.1520063481     6.2453223264     0.0135848967
     0.4407846835     2.7182914512     2.7241347356     0.4179736698     0.4103731150     3.1125374588     3.1520980102     6.2454212589     0.0137027532
     0.4447918170     2.7144200925     2.7202237979     0.4218065247     0.4142549176     3.1126137869     3.1521882039     6.2455183443     0.0138187099
     0.4487989505     2.7105472415     2.7163109649     0.4256413620     0.4181392281     3.1126887012     3.1522769714     6.2456136331     0.0139328214
     0.4528060840     2.7066728918     2.7123962300     0.4294781895     0.4220260554     3.1127622400     3.1523643532     6.2457071738     0.0140451407
     0.4568132175     2.7027970374     2.7084795870     0.4333170149     0.4259154082     3.1128344402     3.1524503884     6.2457990138     0.0141557186
     0.4608203510     2.6989196722     2.7045610295     0.4371578457     0.4298072945     3.1129053377     3.1525351148     6.2458891984     0.0142646043
     0.4648274845     2.6950407906     2.7006405517     0.4410006888     0.4337017224     3.1129749669     3.1526185687     6.2459777717     0.0143718453
     0.4688346179     2.6911603870     2.6967181478     0.4448455514     0.4375986997     3.1130433612     3.1527007853     6.2460647762     0.0144774872
     0.4728417514     2.6872784560     2.6927938123     0.4486924399     0.4414982335     3.1131105530     3.1527817987     6.2461502530     0.0145815744
     0.4768488849     2.6833949924     2.6888675398     0.4525413608     0.4454003311     3.1131765734     3.1528616415     6.2462342420     0.0146841494
     0.4808560184     2.6795099912     2.6849393254     0.4563923203     0.4493049992     3.1132414528     3.1529403455     6.2463167815     0.0147852537
     0.4848631519     2.6756234475     2.6810091642     0.4602453243     0.4532122443     3.1133052204     3.1530179412     6.2463979090     0.0148849269
     0.4888702854     2.6717353566     2.6770770515     0.4641003785     0.4571220726     3.1133679044     3.1530944583     6.2464776604     0.0149832076
     0.4928774189     2.6678457142     2.6731429829     0.4679574882     0.4610344900     3.1134295325     3.1531699254     6.2465560708     0.0150801332
     0.4968845524     2.6639545158     2.6692069542     0.4718166587     0.4649495020     3.1134901310     3.1532443702     6.2466331741     0.0151757396
     0.5008916858     2.6600617575     2.6652689615     0.4756778948     0.4688671139     3.1135497259     3.1533178194     6.2467090029     0.0152700617
     0.5048988193     2.6561674352     2.6613290011     0.4795412012     0.4727873308     3.1136083420     3.1533902990     6.2467835893     0.0153631332
     0.5089059528     2.6522715452     2.6573870693     0.4834065824     0.4767101572     3.1136660036     3.1534618341     6.2468569640     0.0154549867
     0.5129130863     2.6483740839     2.6534431629     0.4872740426     0.4806355975     3.1137227341     3.1535324489     6.2469291569     0.0155456540
     0.5169202198     2.6444750480     2.6494972789     0.4911435857     0.4845636559     3.1137785563     3.1536021670     6.2470001971     0.0156351655
     0.5209273533     2.6405744342     2.6455494144     0.4950152154     0.4884943360     3.1138334924     3.1536710112     6.2470701128     0.0157235510
     0.5249344868     2.6366722395     2.6415995668     0.4988889352     0.4924276414     3.1138875637     3.1537390035     6.2471389313     0.0158108392
     0.5289416202     2.6327684610     2.6376477336     0.5027647483     0.4963635751     3.1139407911     3.1538061654     6.2472066792     0.0158970579
     0.5329487537     2.6288630961     2.6336939128     0.5066426576     0.5003021400     3.1139931947     3.1538725175     6.2472733821     0.0159822340
     0.5369558872     2.6249561423     2.6297381024     0.5105226659     0.5042433386     3.1140447944     3.1539380800     6.2473390653     0.0160663938
     0.5409630207     2.6210475971     2.6257803006     0.5144047757     0.5081871732     3.1140956090     3.1540028724     6.2474037529     0.0161495626
     0.5449701542     2.6171374586     2.6218205060     0.5182889892     0.5121336457     3.1141456572     3.1540669136     6.2474674687     0.0162317650
     0.5489772877     2.6132257247     2.6178587173     0.5221753084     0.5160827577     3.1141949569     3.1541302219     6.2475302357     0.0163130249
     0.5529844212     2.6093123936     2.6138949335     0.5260637352     0.5200345104     3.1142435258     3.1541928151     6.2475920761     0.0163933653
     0.5569915547     2.6053974636     2.6099291537     0.5299542711     0.5239889050     3.1142913807     3.1542547106     6.2476530117     0.0164728089
     0.5609986881     2.6014809334     2.6059613774     0.5338469174     0.5279459420     3.1143385384     3.1543159250     6.2477130637     0.0165513773
     0.5650058216     2.5975628016     2.6019916042     0.5377416751     0.5319056220     3.1143850149     3.1543764747     6.2477722526     0.0166290919
     0.5690129551     2.5936430672     2.5980198340     0.5416385451     0.5358679448     3.1144308258     3.1544363754     6.2478305985     0.0167059730
     0.5730200886     2.5897217292     2.5940460668     0.5455375280     0.5398329104     3.1144759865     3.1544956425     6.2478881207     0.0167820408
     0.5770272221     2.5857987868     2.5900703029     0.5494386242     0.5438005182     3.1145205118     3.1545542910     6.2479448383     0.0168573145
     0.5810343556     2.5818742394     2.5860925429     0.5533418338     0.5477707674     3.1145644162     3.1546123353     6.2480007697     0.0169318131
     0.5850414891     2.5779480865     2.5821127876     0.5572471568     0.5517436567     3.1146077138     3.1546697895     6.2480559330     0.0170055548
     0.5890486225     2.5740203280     2.5781310379     0.5611545929     0.5557191848     3.1146504182     3.1547266673     6.2481103455     0.0170785575
     0.5930557560     2.5700909637     2.5741472950     0.5650641416     0.5596973500     3.1146925429     3.1547829820     6.2481640245     0.0171508383
     0.5970628895     2.5661599937     2.5701615603     0.5689758020     0.5636781501     3.1147341009     3.1548387464     6.2482169864     0.0172224143
     0.6010700230     2.5622274181     2.5661738354     0.5728895732     0.5676615828     3.1147751049     3.1548939733     6.2482692476     0.0172933016
     0.6050771565     2.5582932374     2.5621841223     0.5768054541     0.5716476454     3.1148155673     3.1549486749     6.2483208239     0.0173635162
     0.6090842900     2.5543574521     2.5581924231     0.5807234433     0.5756363351     3.1148555001     3.1550028629     6.2483717305     0.0174330736
     0.6130914235     2.5504200629     2.5541987399     0.5846435390     0.5796276485     3.1148949151     3.1550565490     6.2484219827     0.0175019888
     0.6170985570     2.5464810707     2.5502030753     0.5885657395     0.5836215821     3.1149338238     3.1551097445     6.2484715950     0.0175702765
     0.6211056904     2.5425404764     2.5462054321     0.5924900428     0.5876181320     3.1149722374     3.1551624603     6.2485205817     0.0176379508
     0.6251128239     2.5385982813     2.5422058132     0.5964164465     0.5916172942     3.1150101668     3.1552147071     6.2485689568     0.0177050257
     0.6291199574     2.5346544867     2.5382042218     0.6003449482     0.5956190640     3.1150476227     3.1552664952     6.2486167338     0.0177715146
     0.6331270909     2.5307090940     2.5342006613     0.6042755453     0.5996234369     3.1150846155     3.1553178348     6.2486639262     0.0178374306
     0.6371342244     2.5267621049     2.5301951352     0.6082082347     0.6036304078     3.1151211553     3.1553687357     6.2487105469     0.0179027866
     0.6411413579     2.5228135212     2.5261876473     0.6121430136     0.6076399713     3.1151572522     3.1554192074     6.2487566084     0.0179675950
     0.6451484914     2.5188633447     2.5221782017     0.6160798785     0.6116521219     3.1151929156     3.1554692593     6.2488021233     0.0180318679
     0.6491556248     2.5149115776     2.5181668026     0.6200188260     0.6156668536     3.1152281553     3.1555189006     6.2488471036     0.0180956171
     0.6531627583     2.5109582221     2.5141534544     0.6239598525     0.6196841603     3.1152629803     3.1555681399     6.2488915611     0.0181588542
     0.6571698918     2.5070032805     2.5101381618     0.6279029539     0.6237040355     3.1152973997     3.1556169860     6.2489355074     0.0182215902
     0.6611770253     2.5030467554     2.5061209297     0.6318481264     0.6277264724     3.1153314223     3.1556654473     6.2489789536     0.0182838362
     0.6651841588     2.4990886494     2.5021017630     0.6357953655     0.6317514641     3.1153650568     3.1557135319     6.2490219109     0.0183456027
     0.6691912923     2.4951289652     2.4980806670     0.6397446669     0.6357790031     3.1153983117     3.1557612478     6.2490643901     0.0184069002
     0.6731984258     2.4911677058     2.4940576472     0.6436960259     0.6398090819     3.1154311950     3.1558086028     6.2491064015     0.0184677386
     0.6772055593     2.4872048743     2.4900327093     0.6476494378     0.6438416926     3.1154637150     3.1558556044     6.2491479556     0.0185281280
     0.6812126927     2.4832404739     2.4860058592     0.6516048974     0.6478768272     3.1154958795     3.1559022601     6.2491890625     0.0185880778
     0.6852198262     2.4792745078     2.4819771028     0.6555623997     0.6519144771     3.1155276962     3.1559485771     6.2492297319     0.0186475974
     0.6892269597     2.4753069795     2.4779464464     0.6595219393     0.6559546336     3.1155591727     3.1559945623     6.2492699735     0.0187066959
     0.6932340932     2.4713378926     2.4739138966     0.6634835107     0.6599972879     3.1155903163     3.1560402227     6.2493097967     0.0187653822
     0.6972412267     2.4673672509     2.4698794599     0.6674471081     0.6640424306     3.1156211342     3.1560855648     6.2493492108     0.0188236651
     0.7012483602     2.4633950581     2.4658431431     0.6714127257     0.6680900523     3.1156516336     3.1561305953     6.2493882248     0.0188815528
     0.7052554937     2.4594213182     2.4618049534     0.6753803574     0.6721401433     3.1156818214     3.1561753204     6.2494268475     0.0189390537
     0.7092626271     2.4554460354     2.4577648979     0.6793499972     0.6761926935     3.1157117043     3.1562197464     6.2494650876     0.0189961759
     0.7132697606     2.4514692137     2.4537229841     0.6833216385     0.6802476927     3.1157412889     3.1562638792     6.2495029535     0.0190529271
     0.7172768941     2.4474908576     2.4496792195     0.6872952749     0.6843051304     3.1157705818     3.1563077249     6.2495404536     0.0191093150
     0.7212840276     2.4435109714     2.4456336119     0.6912708998     0.6883649957     3.1157995893     3.1563512891     6.2495775960     0.0191653472
     0.7252911611     2.4395295597     2.4415861692     0.6952485062     0.6924272777     3.1158283176     3.1563945774     6.2496143886     0.0192210307
     0.7292982946     2.4355466272     2.4375368996     0.6992280872     0.6964919650     3.1158567729     3.1564375954     6.2496508392     0.0192763729
     0.7333054281     2.4315621787     2.4334858114     0.7032096357     0.7005590462     3.1158849612     3.1564803483     6.2496869555     0.0193313805
     0.7373125616     2.4275762190     2.4294329132     0.7071931444     0.7046285095     3.1159128882     3.1565228415     6.2497227449     0.0193860604
     0.7413196950     2.4235887532     2.4253782134     0.7111786059     0.7087003429     3.1159405597     3.1565650799     6.2497582148     0.0194404192
     0.7453268285     2.4195997863     2.4213217211     0.7151660127     0.7127745342     3.1159679813     3.1566070686     6.2497933724     0.0194944632
     0.7493339620     2.4156093234     2.4172634452     0.7191553570     0.7168510708     3.1159951587     3.1566488123     6.2498282246     0.0195481989
     0.7533410955     2.4116173701     2.4132033948     0.7231466310     0.7209299402     3.1160220971     3.1566903159     6.2498627785     0.0196016323
     0.7573482290     2.4076239315     2.4091415794     0.7271398268     0.7250111294     3.1160488018     3.1567315840     6.2498970407     0.0196547694
     0.7613553625     2.4036290133     2.4050780083     0.7311349363     0.7290946251     3.1160752782     3.1567726210     6.2499310179     0.0197076161
     0.7653624960     2.3996326210     2.4010126913     0.7351319513     0.7331804142     3.1161015311     3.1568134313     6.2499647166     0.0197601781
     0.7693696295     2.3956347602     2.3969456383     0.7391308634     0.7372684828     3.1161275658     3.1568540194     6.2499981433     0.0198124609
     0.7733767629     2.3916354369     2.3928768591     0.7431316642     0.7413588174     3.1161533870     3.1568943893     6.2500313041     0.0198644701
     0.7773838964     2.3876346567     2.3888063639     0.7471343450     0.7454514037     3.1161789995     3.1569345451     6.2500642052     0.0199162108
     0.7813910299     2.3836324258     2.3847341631     0.7511388974     0.7495462277     3.1162044082     3.1569744910     6.2500968526     0.0199676883
     0.7853981634     2.3796287501     2.3806602669     0.7551453123     0.7536432748     3.1162296175     3.1570142307     6.2501292522     0.0200189076
     0.7894052969     2.3756236357     2.3765846861     0.7591535810     0.7577425304     3.1162546321     3.1570537681     6.2501614098     0.0200698737
     0.7934124304     2.3716170889     2.3725074314     0.7631636944     0.7618439797     3.1162794564     3.1570931069     6.2501933312     0.0201205915
     0.7974195639     2.3676091158     2.3684285136     0.7671756435     0.7659476076     3.1163040948     3.1571322507     6.2502250218     0.0201710655
     0.8014266973     2.3635997230     2.3643479438     0.7711894189     0.7700533989     3.1163285516     3.1571712032     6.2502564873     0.0202213005
     0.8054338308     2.3595889167     2.3602657331     0.7752050114     0.7741613383     3.1163528309     3.1572099678     6.2502877329     0.0202713009
     0.8094409643     2.3555767036     2.3561818927     0.7792224116     0.7782714099     3.1163769370     3.1572485478     6.2503187639     0.0203210711
     0.8134480978     2.3515630901     2.3520964343     0.7832416100     0.7823835982     3.1164008738     3.1572869467     6.2503495855     0.0203706154
     0.8174552313     2.3475480829     2.3480093692     0.7872625971     0.7864978871     3.1164246454     3.1573251675     6.2503802029     0.0204199379
     0.8214623648     2.3435316887     2.3439207091     0.7912853631     0.7906142605     3.1164482557     3.1573632135     6.2504106209     0.0204690428
     0.8254694983     2.3395139143     2.3398304660     0.7953098983     0.7947327020     3.1164717086     3.1574010878     6.2504408446     0.0205179340
     0.8294766318     2.3354947665     2.3357386517     0.7993361929     0.7988531952     3.1164950077     3.1574387934     6.2504708787     0.0205666155
     0.8334837652     2.3314742523     2.3316452782     0.8033642370     0.8029757234     3.1165181569     3.1574763332     6.2505007280     0.0206150910
     0.8374908987     2.3274523784     2.3275503579     0.8073940207     0.8071002698     3.1165411597     3.1575137100     6.2505303971     0.0206633642
     0.8414980322     2.3234291521     2.3234539028     0.8114255338     0.8112268174     3.1165640198     3.1575509268     6.2505598905     0.0207114388
     0.8455051657     2.3194045802     2.3193559255     0.8154587664     0.8153553491     3.1165867407     3.1575879863     6.2505892129     0.0207593182
     0.8495122992     2.3153786700     2.3152564385     0.8194937081     0.8194858477     3.1166093257     3.1576248910     6.2506183685     0.0208070061
     0.8535194327     2.3113514286     2.3111554544     0.8235303488     0.8236182956     3.1166317784     3.1576616437     6.2506473618     0.0208545057
     0.8575265662     2.3073228631     2.3070529859     0.8275686783     0.8277526754     3.1166541020     3.1576982469     6.2506761969     0.0209018203
     0.8615336996     2.3032929809     2.3029490458     0.8316086861     0.8318889693     3.1166762998     3.1577347031     6.2507048781     0.0209489531
     0.8655408331     2.2992617893     2.2988436472     0.8356503619     0.8360271595     3.1166983751     3.1577710147     6.2507334094     0.0209959073
     0.8695479666     2.2952292955     2.2947368029     0.8396936952     0.8401672280     3.1167203310     3.1578071841     6.2507617950     0.0210426860
     0.8735551001     2.2911955069     2.2906285262     0.8437386756     0.8443091567     3.1167421707     3.1578432136     6.2507900387     0.0210892921
     0.8775622336     2.2871604310     2.2865188303     0.8477852925     0.8484529274     3.1167638971     3.1578791056     6.2508181445     0.0211357286
     0.8815693671     2.2831240752     2.2824077284     0.8518335353     0.8525985217     3.1167855134     3.1579148621     6.2508461162     0.0211819983
     0.8855765006     2.2790864469     2.2782952340     0.8558833935     0.8567459212     3.1168070224     3.1579504855     6.2508739575     0.0212281041
     0.8895836341     2.2750475538     2.2741813605     0.8599348564     0.8608951073     3.1168284270     3.1579859778     6.2509016723     0.0212740485
     0.8935907675     2.2710074033     2.2700661215     0.8639879134     0.8650460614     3.1168497302     3.1580213410     6.2509292641     0.0213198343
     0.8975979010     2.2669660029     2.2659495306     0.8680425537     0.8691987646     3.1168709348     3.1580565772     6.2509567365     0.0213654641
     0.9016050345     2.2629233604     2.2618316016     0.8720987666     0.8733531980     3.1168920434     3.1580916884     6.2509840931     0.0214109404
     0.9056121680     2.2588794832     2.2577123482     0.8761565415     0.8775093427     3.1169130589     3.1581266764     6.2510113373     0.0214562657
     0.9096193015     2.2548343790     2.2535917843     0.8802158674     0.8816671796     3.1169339838     3.1581615432     6.2510384725     0.0215014423
     0.9136264350     2.2507880555     2.2494699238     0.8842767338     0.8858266896     3.1169548209     3.1581962906     6.2510655020     0.0215464726
     0.9176335685     2.2467405204     2.2453467807     0.8883391297     0.8899878533     3.1169755727     3.1582309203     6.2510924292     0.0215913590
     0.9216407019     2.2426917813     2.2412223690     0.8924030443     0.8941506515     3.1169962418     3.1582654342     6.2511192573     0.0216361036
     0.9256478354     2.2386418459     2.2370967029     0.8964684669     0.8983150647     3.1170168307     3.1582998339     6.2511459896     0.0216807086
     0.9296549689     2.2345907219     2.2329697966     0.9005353866     0.9024810734     3.1170373417     3.1583341211     6.2511726290     0.0217251762
     0.9336621024     2.2305384170     2.2288416641     0.9046037927     0.9066486582     3.1170577775     3.1583682974     6.2511991788     0.0217695085
     0.9376692359     2.2264849391     2.2247123199     0.9086736742     0.9108177994     3.1170781402     3.1584023644     6.2512256419     0.0218137074
     0.9416763694     2.2224302957     2.2205817781     0.9127450205     0.9149884774     3.1170984324     3.1584363237     6.2512520213     0.0218577749
     0.9456835029     2.2183744946     2.2164500533     0.9168178206     0.9191606723     3.1171186562     3.1584701767     6.2512783200     0.0219017130
     0.9496906364     2.2143175436     2.2123171597     0.9208920638     0.9233343645     3.1171388140     3.1585039249     6.2513045409     0.0219455236
     0.9536977698     2.2102594504     2.2081831119     0.9249677393     0.9275095340     3.1171589080     3.1585375698     6.2513306867     0.0219892084
     0.9577049033     2.2062002227     2.2040479243     0.9290448363     0.9316861610     3.1171789404     3.1585711128     6.2513567604     0.0220327693
     0.9617120368     2.2021398682     2.1999116115     0.9331233441     0.9358642257     3.1171989133     3.1586045553     6.2513827646     0.0220762080
     0.9657191703     2.1980783947     2.1957741879     0.9372032519     0.9400437079     3.1172188290     3.1586378985     6.2514087020     0.0221195262
     0.9697263038     2.1940158100     2.1916356681     0.9412845490     0.9442245878     3.1172386894     3.1586711438     6.2514345754     0.0221627256
     0.9737334373     2.1899521216     2.1874960669     0.9453672247     0.9484068454     3.1172584966     3.1587042924     6.2514603873     0.0222058077
     0.9777405708     2.1858873373     2.1833553987     0.9494512683     0.9525904605     3.1172782527     3.1587373456     6.2514861404     0.0222487741
     0.9817477042     2.1818214647     2.1792136782     0.9535366692     0.9567754131     3.1172979597     3.1587703046     6.2515118370     0.0222916264
     0.9857548377     2.1777545116     2.1750709201     0.9576234168     0.9609616832     3.1173176195     3.1588031706     6.2515374799     0.0223343661
     0.9897619712     2.1736864856     2.1709271391     0.9617115005     0.9651492506     3.1173372341     3.1588359447     6.2515630713     0.0223769946
     0.9937691047     2.1696173944     2.1667823499     0.9658009097     0.9693380952     3.1173568053     3.1588686281     6.2515886138     0.0224195133
     0.9977762382     2.1655472454     2.1626365671     0.9698916340     0.9735281970     3.1173763351     3.1589012218     6.2516141097     0.0224619236
     1.0017833717     2.1614760465     2.1584898055     0.9739836629     0.9777195357     3.1173958253     3.1589337269     6.2516395613     0.0225042268
     1.0057905052     2.1574038050     2.1543420798     0.9780769860     0.9819120913     3.1174152777     3.1589661444     6.2516649710     0.0225464242
     1.0097976387     2.1533305286     2.1501934047     0.9821715928     0.9861058438     3.1174346941     3.1589984753     6.2516903410     0.0225885172
     1.0138047721     2.1492562249     2.1460437949     0.9862674731     0.9903007729     3.1174540762     3.1590307207     6.2517156735     0.0226305069
     1.0178119056     2.1451809012     2.1418932652     0.9903646165     0.9944968585     3.1174734258     3.1590628814     6.2517409708     0.0226723946
     1.0218190391     2.1411045651     2.1377418302     0.9944630130     0.9986940808     3.1174927446     3.1590949584     6.2517662350     0.0227141813
     1.0258261726     2.1370272241     2.1335895046     0.9985626521     1.0028924194     3.1175120343     3.1591269527     6.2517914683     0.0227558684
     1.0298333061     2.1329488854     2.1294363031     1.0026635239     1.0070918546     3.1175312964     3.1591588651     6.2518166727     0.0227974567
     1.0338404396     2.1288695566     2.1252822404     1.0067656183     1.0112923661     3.1175505328     3.1591906964     6.2518418503     0.0228389475
     1.0378475731     2.1247892449     2.1211273312     1.0108689252     1.0154939341     3.1175697448     3.1592224475     6.2518670031     0.0228803418
     1.0418547065     2.1207079578     2.1169715901     1.0149734347     1.0196965387     3.1175889342     3.1592541193     6.2518921331     0.0229216405
     1.0458618400     2.1166257024     2.1128150317     1.0190791370     1.0239001599     3.1176081025     3.1592857125     6.2519172423     0.0229628447
     1.0498689735     2.1125424860     2.1086576706     1.0231860221     1.0281047779     3.1176272511     3.1593172278     6.2519423326     0.0230039553
     1.0538761070     2.1084583157     2.1044995214     1.0272940804     1.0323103729     3.1176463817     3.1593486661     6.2519674059     0.0230449733
     1.0578832405     2.1043731989     2.1003405987     1.0314033021     1.0365169250     3.1176654956     3.1593800280     6.2519924642     0.0230858996
     1.0618903740     2.1002871426     2.0961809168     1.0355136776     1.0407244147     3.1176845944     3.1594113143     6.2520175091     0.0231267349
     1.0658975075     2.0962001538     2.0920204904     1.0396251974     1.0449328222     3.1177036794     3.1594425257     6.2520425426     0.0231674803
     1.0699046410     2.0921122396     2.0878593338     1.0437378520     1.0491421279     3.1177227521     3.1594736628     6.2520675665     0.0232081364
     1.0739117744     2.0880234071     2.0836974616     1.0478516320     1.0533523123     3.1177418139     3.1595047263     6.2520925824     0.0232487041
     1.0779189079     2.0839336631     2.0795348879     1.0519665281     1.0575633560     3.1177608661     3.1595357168     6.2521175921     0.0232891842
     1.0819260414     2.0798430145     2.0753716273     1.0560825309     1.0617752394     3.1177799101     3.1595666349     6.2521425974     0.0233295774
     1.0859331749     2.0757514683     2.0712076938     1.0601996314     1.0659879434     3.1177989473     3.1595974812     6.2521675998     0.0233698845
     1.0899403084     2.0716590312     2.0670431019     1.0643178204     1.0702014485     3.1178179788     3.1596282564     6.2521926011     0.0234101061
     1.0939474419     2.0675657100     2.0628778657     1.0684370889     1.0744157358     3.1178370061     3.1596589609     6.2522176028     0.0234502429
     1.0979545754     2.0634715114     2.0587119992     1.0725574280     1.0786307859     3.1178560303     3.1596895954     6.2522426066     0.0234902956
     1.1019617088     2.0593764421     2.0545455167     1.0766788288     1.0828465800     3.1178750527     3.1597201602     6.2522676140     0.0235302649
     1.1059688423     2.0552805086     2.0503784321     1.0808012826     1.0870630990     3.1178940745     3.1597506561     6.2522926265     0.0235701513
     1.1099759758     2.0511837176     2.0462107595     1.0849247807     1.0912803241     3.1179130970     3.1597810834     6.2523176457     0.0236099554
     1.1139831093     2.0470860756     2.0420425127     1.0890493144     1.0954982367     3.1179321213     3.1598114426     6.2523426731     0.0236496778
     1.1179902428     2.0429875889     2.0378737055     1.0931748753     1.0997168179     3.1179511485     3.1598417342     6.2523677102     0.0236893190
     1.1219973763     2.0388882640     2.0337043519     1.0973014550     1.1039360493     3.1179701800     3.1598719587     6.2523927583     0.0237288797
     1.1260045098     2.0347881072     2.0295344655     1.1014290451     1.1081559124     3.1179892167     3.1599021164     6.2524178189     0.0237683603
     1.1300116433     2.0306871249     2.0253640600     1.1055576374     1.1123763889     3.1180082597     3.1599322079     6.2524428934     0.0238077613
     1.1340187767     2.0265853233     2.0211931490     1.1096872237     1.1165974604     3.1180273103     3.1599622335     6.2524679832     0.0238470831
     1.1380259102     2.0224827084     2.0170217459     1.1138177960     1.1208191088     3.1180463693     3.1599921937     6.2524930897     0.0238863263
     1.1420330437     2.0183792866     2.0128498644     1.1179493462     1.1250413161     3.1180654380     3.1600220887     6.2525182141     0.0239254914
     1.1460401772     2.0142750637     2.0086775177     1.1220818667     1.1292640644     3.1180845174     3.1600519190     6.2525433578     0.0239645786
     1.1500473107     2.0101700459     2.0045047192     1.1262153494     1.1334873358     3.1181036084     3.1600816849     6.2525685220     0.0240035884
     1.1540544442     2.0060642390     2.0003314821     1.1303497869     1.1377111127     3.1181227122     3.1601113868     6.2525937081     0.0240425213
     1.1580615777     2.0019576490     1.9961578196     1.1344851714     1.1419353775     3.1181418296     3.1601410251     6.2526189172     0.0240813776
     1.1620687111     1.9978502817     1.9919837447     1.1386214955     1.1461601127     3.1181609616     3.1601705999     6.2526441506     0.0241201576
     1.1660758446     1.9937421428     1.9878092704     1.1427587517     1.1503853010     3.1181801093     3.1602001117     6.2526694095     0.0241588618
     1.1700829781     1.9896332381     1.9836344097     1.1468969329     1.1546109252     3.1181992736     3.1602295608     6.2526946951     0.0241974904
     1.1740901116     1.9855235732     1.9794591753     1.1510360316     1.1588369682     3.1182184553     3.1602589473     6.2527200085     0.0242360438
     1.1780972451     1.9814131537     1.9752835801     1.1551760410     1.1630634131     3.1182376554     3.1602882717     6.2527453509     0.0242745222
     1.1821043786     1.9773019852     1.9711076366     1.1593169539     1.1672902431     3.1182568749     3.1603175342     6.2527707234     0.0243129260
     1.1861115121     1.9731900730     1.9669313575     1.1634587633     1.1715174415     3.1182761145     3.1603467350     6.2527961271     0.0243512554
     1.1901186456     1.9690774227     1.9627547552     1.1676014626     1.1757449917     3.1182953752     3.1603758743     6.2528215631     0.0243895108
     1.1941257790     1.9649640395     1.9585778421     1.1717450449     1.1799728774     3.1183146579     3.1604049525     6.2528470324     0.0244276923
     1.1981329125     1.9608499288     1.9544006305     1.1758895037     1.1842010823     3.1183339632     3.1604339697     6.2528725362     0.0244658001
     1.2021400460     1.9567350958     1.9502231326     1.1800348323     1.1884295902     3.1183532922     3.1604629262     6.2528980753     0.0245038346
     1.2061471795     1.9526195456     1.9460453606     1.1841810245     1.1926583852     3.1183726456     3.1604918222     6.2529236509     0.0245417959
     1.2101543130     1.9485032834     1.9418673263     1.1883280737     1.1968874514     3.1183920241     3.1605206578     6.2529492640     0.0245796842
     1.2141614465     1.9443863142     1.9376890418     1.1924759738     1.2011167732     3.1184114286     3.1605494333     6.2529749154     0.0246174998
     1.2181685800     1.9402686430     1.9335105189     1.1966247187     1.2053463349     3.1184308599     3.1605781489     6.2530006062     0.0246552427
     1.2221757135     1.9361502747     1.9293317693     1.2007743023     1.2095761213     3.1184503187     3.1606068046     6.2530263373     0.0246929133
     1.2261828469     1.9320312142     1.9251528045     1.2049247185     1.2138061170     3.1184698057     3.1606354008     6.2530521096     0.0247305115
     1.2301899804     1.9279114663     1.9209736362     1.2090759617     1.2180363070     3.1184893217     3.1606639375     6.2530779240     0.0247680377
     1.2341971139     1.9237910358     1.9167942758     1.2132280259     1.2222666763     3.1185088674     3.1606924149     6.2531037815     0.0248054918
     1.2382042474     1.9196699273     1.9126147345     1.2173809056     1.2264972102     3.1185284436     3.1607208331     6.2531296828     0.0248428741
     1.2422113809     1.9155481454     1.9084350236     1.2215345952     1.2307278939     3.1185480508     3.1607491924     6.2531556289     0.0248801846
     1.2462185144     1.9114256948     1.9042551541     1.2256890891     1.2349587130     3.1185676898     3.1607774927     6.2531816205     0.0249174236
     1.2502256479     1.9073025800     1.9000751372     1.2298443820     1.2391896532     3.1185873613     3.1608057343     6.2532076586     0.0249545910
     1.2542327813     1.9031788054     1.8958949836     1.2340004686     1.2434207004     3.1186070659     3.1608339172     6.2532337439     0.0249916869
     1.2582399148     1.8990543754     1.8917147043     1.2381573437     1.2476518404     3.1186268042     3.1608620417     6.2532598772     0.0250287116
     1.2622470483     1.8949292944     1.8875343098     1.2423150021     1.2518830595     3.1186465769     3.1608901076     6.2532860592     0.0250656649
     1.2662541818     1.8908035666     1.8833538107     1.2464734388     1.2561143439     3.1186663847     3.1609181153     6.2533122908     0.0251025471
     1.2702613153     1.8866771963     1.8791732176     1.2506326490     1.2603456802     3.1186862280     3.1609460647     6.2533385727     0.0251393581
     1.2742684488     1.8825501877     1.8749925408     1.2547926276     1.2645770550     3.1187061076     3.1609739560     6.2533649056     0.0251760980
     1.2782755823     1.8784225449     1.8708117906     1.2589533701     1.2688084550     3.1187260240     3.1610017892     6.2533912903     0.0252127668
     1.2822827158     1.8742942719     1.8666309770     1.2631148716     1.2730398672     3.1187459777     3.1610295644     6.2534177274     0.0252493647
     1.2862898492     1.8701653729     1.8624501102     1.2672771277     1.2772712788     3.1187659695     3.1610572817     6.2534442177     0.0252858916
     1.2902969827     1.8660358516     1.8582692000     1.2714401337     1.2815026769     3.1187859997     3.1610849412     6.2534707617     0.0253223475
     1.2943041162     1.8619057122     1.8540882564     1.2756038854     1.2857340492     3.1188060690     3.1611125429     6.2534973602     0.0253587326
     1.2983112497     1.8577749584     1.8499072889     1.2797683782     1.2899653830     3.1188261778     3.1611400868     6.2535240138     0.0253950467
     1.3023183832     1.8536435940     1.8457263072     1.2839336080     1.2941966663     3.1188463268     3.1611675731     6.2535507232     0.0254312899
     1.3063255167     1.8495116228     1.8415453208     1.2880995706     1.2984278869     3.1188665164     3.1611950017     6.2535774889     0.0254674622
     1.3103326502     1.8453790485     1.8373643391     1.2922662618     1.3026590330     3.1188867471     3.1612223728     6.2536043117     0.0255035635
     1.3143397836     1.8412458749     1.8331833713     1.2964336777     1.3068900928     3.1189070194     3.1612496863     6.2536311919     0.0255395940
     1.3183469171     1.8371121055     1.8290024266     1.3006018142     1.3111210548     3.1189273338     3.1612769423     6.2536581304     0.0255755536
     1.3223540506     1.8329777438     1.8248215140     1.3047706675     1.3153519075     3.1189476908     3.1613041409     6.2536851275     0.0256114421
     1.3263611841     1.8288427935     1.8206406425     1.3089402339     1.3195826396     3.1189680908     3.1613312820     6.2537121839     0.0256472598
     1.3303683176     1.8247072580     1.8164598209     1.3131105094     1.3238132401     3.1189885343     3.1613583656     6.2537393001     0.0256830064
     1.3343754511     1.8205711408     1.8122790579     1.3172814906     1.3280436981     3.1190090218     3.1613853919     6.2537664766     0.0257186820
     1.3383825846     1.8164344453     1.8080983621     1.3214531737     1.3322740028     3.1190295536     3.1614123609     6.2537937140     0.0257542865
     1.3423897181     1.8122971748     1.8039177421     1.3256255553     1.3365041436     3.1190501302     3.1614392724     6.2538210128     0.0257898199
     1.3463968515     1.8081593327     1.7997372061     1.3297986319     1.3407341101     3.1190707520     3.1614661267     6.2538483734     0.0258252822
     1.3504039850     1.8040209222     1.7955567624     1.3339724000     1.3449638920     3.1190914194     3.1614929236     6.2538757963     0.0258606732
     1.3544111185     1.7998819466     1.7913764193     1.3381468563     1.3491934791     3.1191121328     3.1615196631     6.2539032821     0.0258959930
     1.3584182520     1.7957424092     1.7871961848     1.3423219976     1.3534228616     3.1191328926     3.1615463454     6.2539308311     0.0259312416
     1.3624253855     1.7916023130     1.7830160668     1.3464978206     1.3576520296     3.1191536992     3.1615729704     6.2539584438     0.0259664187
     1.3664325190     1.7874616613     1.7788360732     1.3506743221     1.3618809736     3.1191745530     3.1615995380     6.2539861207     0.0260015245
     1.3704396525     1.7833204572     1.7746562117     1.3548514990     1.3661096839     3.1191954543     3.1616260484     6.2540138621     0.0260365588
     1.3744467859     1.7791787037     1.7704764899     1.3590293483     1.3703381514     3.1192164034     3.1616525014     6.2540416685     0.0260715215
     1.3784539194     1.7750364039     1.7662969153     1.3632078669     1.3745663668     3.1192374008     3.1616788972     6.2540695402     0.0261064126
     1.3824610529     1.7708935609     1.7621174954     1.3673870519     1.3787943212     3.1192584467     3.1617052356     6.2540974778     0.0261412321
     1.3864681864     1.7667501775     1.7579382374     1.3715669003     1.3830220056     3.1192795415     3.1617315168     6.2541254815     0.0261759798
     1.3904753199     1.7626062568     1.7537591486     1.3757474093     1.3872494115     3.1193006855     3.1617577406     6.2541535517     0.0262106557
     1.3944824534     1.7584618018     1.7495802360     1.3799285761     1.3914765302     3.1193218791     3.1617839070     6.2541816888     0.0262452597
     1.3984895869     1.7543168153     1.7454015066     1.3841103978     1.3957033534     3.1193431225     3.1618100162     6.2542098931     0.0262797918
     1.4024967204     1.7501713003     1.7412229674     1.3882928716     1.3999298728     3.1193644160     3.1618360680     6.2542381649     0.0263142518
     1.4065038538     1.7460252597     1.7370446250     1.3924759950     1.4041560803     3.1193857600     3.1618620624     6.2542665047     0.0263486398
     1.4105109873     1.7418786962     1.7328664863     1.3966597652     1.4083819680     3.1194071546     3.1618879994     6.2542949127     0.0263829555
     1.4145181208     1.7377316128     1.7286885576     1.4008441795     1.4126075282     3.1194286003     3.1619138791     6.2543233892     0.0264171989
     1.4185252543     1.7335840122     1.7245108457     1.4050292353     1.4168327530     3.1194500971     3.1619397014     6.2543519346     0.0264513701
     1.4225323878     1.7294358974     1.7203333567     1.4092149301     1.4210576351     3.1194716456     3.1619654662     6.2543805490     0.0264854688
     1.4265395213     1.7252872710     1.7161560970     1.4134012612     1.4252821671     3.1194932457     3.1619911737     6.2544092328     0.0265194950
     1.4305466548     1.7211381359     1.7119790729     1.4175882262     1.4295063417     3.1195148979     3.1620168237     6.2544379864     0.0265534486
     1.4345537882     1.7169884949     1.7078022903     1.4217758224     1.4337301519     3.1195366024     3.1620424162     6.2544668098     0.0265873296
     1.4385609217     1.7128383506     1.7036257552     1.4259640475     1.4379535908     3.1195583594     3.1620679513     6.2544957034     0.0266211378
     1.4425680552     1.7086877060     1.6994494736     1.4301528988     1.4421766515     3.1195801691     3.1620934290     6.2545246674     0.0266548732
     1.4465751887     1.7045365637     1.6952734513     1.4343423740     1.4463993273     3.1196020317     3.1621188491     6.2545537021     0.0266885357
     1.4505823222     1.7003849265     1.6910976940     1.4385324706     1.4506216118     3.1196239475     3.1621442117     6.2545828077     0.0267221253
     1.4545894557     1.6962327971     1.6869222072     1.4427231861     1.4548434985     3.1196459167     3.1621695168     6.2546119844     0.0267556418
     1.4585965892     1.6920801783     1.6827469966     1.4469145181     1.4590649811     3.1196679394     3.1621947645     6.2546412324     0.0267890851
     1.4626037227     1.6879270728     1.6785720676     1.4511064642     1.4632860536     3.1196900159     3.1622199545     6.2546705520     0.0268224553
     1.4666108561     1.6837734834     1.6743974254     1.4552990218     1.4675067098     3.1197121463     3.1622450871     6.2546999432     0.0268557522
     1.4706179896     1.6796194129     1.6702230755     1.4594921886     1.4717269440     3.1197343309     3.1622701621     6.2547294063     0.0268889758
     1.4746251231     1.6754648640     1.6660490229     1.4636859622     1.4759467503     3.1197565699     3.1622951795     6.2547589415     0.0269221260
     1.4786322566     1.6713098394     1.6618752727     1.4678803401     1.4801661231     3.1197788632     3.1623201394     6.2547885490     0.0269552027
     1.4826393901     1.6671543420     1.6577018300     1.4720753198     1.4843850569     3.1198012113     3.1623450417     6.2548182288     0.0269882058
     1.4866465236     1.6629983745     1.6535286997     1.4762708989     1.4886035462     3.1198236142     3.1623698864     6.2548479812     0.0270211354
     1.4906536571     1.6588419397     1.6493558867     1.4804670749     1.4928215858     3.1198460720     3.1623946736     6.2548778063     0.0270539912
     1.4946607905     1.6546850405     1.6451833956     1.4846638454     1.4970391704     3.1198685849     3.1624194032     6.2549077043     0.0270867734
     1.4986679240     1.6505276796     1.6410112313     1.4888612078     1.5012562951     3.1198911531     3.1624440753     6.2549376752     0.0271194817
     1.5026750575     1.6463698599     1.6368393982     1.4930591596     1.5054729549     3.1199137767     3.1624686898     6.2549677193     0.0271521162
     1.5066821910     1.6422115843     1.6326679010     1.4972576983     1.5096891449     3.1199364559     3.1624932467     6.2549978365     0.0271846768
     1.5106893245     1.6380528557     1.6284967441     1.5014568213     1.5139048603     3.1199591907     3.1625177461     6.2550280271     0.0272171635
     1.5146964580     1.6338936769     1.6243259319     1.5056565260     1.5181200966     3.1199819812     3.1625421879     6.2550582911     0.0272495762
     1.5187035915     1.6297340508     1.6201554687     1.5098568098     1.5223348491     3.1200048277     3.1625665723     6.2550886287     0.0272819148
     1.5227107250     1.6255739806     1.6159853588     1.5140576700     1.5265491136     3.1200277302     3.1625908991     6.2551190398     0.0273141794
     1.5267178584     1.6214134690     1.6118156064     1.5182591040     1.5307628855     3.1200506888     3.1626151684     6.2551495247     0.0273463698
     1.5307249919     1.6172525191     1.6076462155     1.5224611089     1.5349761607     3.1200737036     3.1626393802     6.2551800834     0.0273784861
     1.5347321254     1.6130911340     1.6034771902     1.5266636822     1.5391889349     3.1200967747     3.1626635346     6.2552107159     0.0274105282
     1.5387392589     1.6089293168     1.5993085345     1.5308668208     1.5434012043     3.1201199023     3.1626876316     6.2552414223     0.0274424961
     1.5427463924     1.6047670704     1.5951402524     1.5350705221     1.5476129646     3.1201430863     3.1627116711     6.2552722027     0.0274743898
     1.5467535259     1.6006043982     1.5909723476     1.5392747831     1.5518242122     3.1201663270     3.1627356533     6.2553030572     0.0275062093
     1.5507606594     1.5964413032     1.5868048240     1.5434796008     1.5560349430     3.1201896243     3.1627595782     6.2553339858     0.0275379544
     1.5547677928     1.5922777886     1.5826376854     1.5476849722     1.5602451536     3.1202129783     3.1627834457     6.2553649884     0.0275696253
     1.5587749263     1.5881138577     1.5784709353     1.5518908944     1.5644548400     3.1202363892     3.1628072560     6.2553960653     0.0276012219
     1.5627820598     1.5839495139     1.5743045775     1.5560973641     1.5686639989     3.1202598570     3.1628310091     6.2554272163     0.0276327443
     1.5667891933     1.5797847604     1.5701386156     1.5603043783     1.5728726267     3.1202833817     3.1628547050     6.2554584416     0.0276641923
     1.5707963268     1.5756196006     1.5659730530     1.5645119336     1.5770807199     3.1203069634     3.1628783438     6.2554897411     0.0276955661
