     0.0000000000     3.1415926536     3.1415926536     6.2831853072     6.2831853072     3.1378492043     3.1378492043     0.0036683800     0.0036683800
     0.0314159265     3.1730085783     3.1730085783     0.0314159239     0.0314159239     3.1378492043     3.1378492043     0.0036683800     0.0036683800
     0.0628318531     3.2044245031     3.2044245031     0.0628318479     0.0628318479     3.1378492043     3.1378492043     0.0036683800     0.0036683800
     0.0314159265     3.1730085783     3.1730085783     0.0314159239     0.0314159239     3.1378492043     3.1378492043     0.0036683800     0.0036683800
     0.1256637061     3.2672563528     3.2672563528     0.1256636962     0.1256636962     3.1378492043     3.1378492043     0.0036683800     0.0036683800
     0.1570796327     3.2986722778     3.2986722778     0.1570796205     0.1570796205     3.1378492043     3.1378492043     0.0036683800     0.0036683800
     0.1884955592     3.3300882029     3.3300882029     0.1884955450     0.1884955450     3.1378492043     3.1378492043     0.0036683800     0.0036683800
     0.2199114858     3.3615041282     3.3615041282     0.2199114698     0.2199114698     3.1378492043     3.1378492043     0.0036683800     0.0036683800
     0.2513274123     3.3929200537     3.3929200537     0.2513273948     0.2513273948     3.1378492043     3.1378492043     0.0036683800     0.0036683800
     0.2827433388     3.4243359793     3.4243359793     0.2827433201     0.2827433201     3.1378492043     3.1378492043     0.0036683800     0.0036683800
     0.3141592654     3.4557519052     3.4557519052     0.3141592457     0.3141592457     3.1378492043     3.1378492043     0.0036683800     0.0036683800
     0.3455751919     3.4871678313     3.4871678313     0.3455751715     0.3455751715     3.1378492043     3.1378492043     0.0036683800     0.0036683800
     0.3769911184     3.5185837576     3.5185837576     0.3769910978     0.3769910978     3.1378492043     3.1378492043     0.0036683799     0.0036683799
     0.4084070450     3.5499996841     3.5499996841     0.4084070243     0.4084070243     3.1378492043     3.1378492043     0.0036683799     0.0036683799
     0.4398229715     3.5814156109     3.5814156109     0.4398229512     0.4398229512     3.1378492043     3.1378492043     0.0036683799     0.0036683799
     0.4712388980     3.6128315379     3.6128315379     0.4712388783     0.4712388783     3.1378492043     3.1378492043     0.0036683799     0.0036683799
     0.5026548246     3.6442474651     3.6442474651     0.5026548058     0.5026548058     3.1378492043     3.1378492043     0.0036683799     0.0036683799
     0.5340707511     3.6756633925     3.6756633925     0.5340707336     0.5340707336     3.1378492044     3.1378492044     0.0036683799     0.0036683799
     0.5654866776     3.7070793201     3.7070793201     0.5654866617     0.5654866617     3.1378492044     3.1378492044     0.0036683799     0.0036683799
     0.5969026042     3.7384952479     3.7384952479     0.5969025900     0.5969025900     3.1378492044     3.1378492044     0.0036683799     0.0036683799
     0.6283185307     3.7699111758     3.7699111758     0.6283185185     0.6283185185     3.1378492044     3.1378492044     0.0036683799     0.0036683799
     0.6597344573     3.8013271039     3.8013271039     0.6597344473     0.6597344473     3.1378492044     3.1378492044     0.0036683799     0.0036683799
     0.6911503838     3.8327430321     3.8327430321     0.6911503762     0.6911503762     3.1378492044     3.1378492044     0.0036683799     0.0036683799
     0.7225663103     3.8641589603     3.8641589603     0.7225663052     0.7225663052     3.1378492044     3.1378492044     0.0036683799     0.0036683799
     0.7539822369     3.8955748886     3.8955748886     0.7539822343     0.7539822343     3.1378492044     3.1378492044     0.0036683799     0.0036683799
     0.7853981634     3.9269908170     3.9269908170     0.7853981634     0.7853981634     3.1378492044     3.1378492044     0.0036683799     0.0036683799
     0.8168140899     3.9584067453     3.9584067453     0.8168140925     0.8168140925     3.1378492044     3.1378492044     0.0036683799     0.0036683799
     0.8482300165     3.9898226737     3.9898226737     0.8482300216     0.8482300216     3.1378492044     3.1378492044     0.0036683799     0.0036683799
     0.8796459430     4.0212386019     4.0212386019     0.8796459506     0.8796459506     3.1378492044     3.1378492044     0.0036683799     0.0036683799
     0.9110618695     4.0526545301     4.0526545301     0.9110618795     0.9110618795     3.1378492044     3.1378492044     0.0036683799     0.0036683799
     0.9424777961     4.0840704582     4.0840704582     0.9424778083     0.9424778083     3.1378492044     3.1378492044     0.0036683799     0.0036683799
     0.9738937226     4.1154863861     4.1154863861     0.9738937368     0.9738937368     3.1378492044     3.1378492044     0.0036683799     0.0036683799
     1.0053096491     4.1469023139     4.1469023139     1.0053096651     1.0053096651     3.1378492044     3.1378492044     0.0036683799     0.0036683799
     1.0367255757     4.1783182415     4.1783182415     1.0367255932     1.0367255932     3.1378492044     3.1378492044     0.0036683799     0.0036683799
     1.0681415022     4.2097341689     4.2097341689     1.0681415210     1.0681415210     3.1378492043     3.1378492043     0.0036683799     0.0036683799
     1.0995574288     4.2411500961     4.2411500961     1.0995574485     1.0995574485     3.1378492043     3.1378492043     0.0036683799     0.0036683799
     1.1309733553     4.2725660231     4.2725660231     1.1309733756     1.1309733756     3.1378492043     3.1378492043     0.0036683799     0.0036683799
     1.1623892818     4.3039819498     4.3039819498     1.1623893025     1.1623893025     3.1378492043     3.1378492043     0.0036683799     0.0036683799
     1.1938052084     4.3353978764     4.3353978764     1.1938052290     1.1938052290     3.1378492043     3.1378492043     0.0036683799     0.0036683799
     1.2252211349     4.3668138027     4.3668138027     1.2252211552     1.2252211552     3.1378492043     3.1378492043     0.0036683800     0.0036683800
     1.2566370614     4.3982297288     4.3982297288     1.2566370811     1.2566370811     3.1378492043     3.1378492043     0.0036683800     0.0036683800
     1.2880529880     4.4296456546     4.4296456546     1.2880530067     1.2880530067     3.1378492043     3.1378492043     0.0036683800     0.0036683800
     1.3194689145     4.4610615803     4.4610615803     1.3194689320     1.3194689320     3.1378492043     3.1378492043     0.0036683800     0.0036683800
     1.3508848410     4.4924775058     4.4924775058     1.3508848570     1.3508848570     3.1378492043     3.1378492043     0.0036683800     0.0036683800
     1.3823007676     4.5238934311     4.5238934311     1.3823007818     1.3823007818     3.1378492043     3.1378492043     0.0036683800     0.0036683800
     1.4137166941     4.5553093562     4.5553093562     1.4137167063     1.4137167063     3.1378492043     3.1378492043     0.0036683800     0.0036683800
     1.4451326207     4.5867252812     4.5867252812     1.4451326306     1.4451326306     3.1378492043     3.1378492043     0.0036683800     0.0036683800
     1.4765485472     4.6181412061     4.6181412061     1.4765485548     1.4765485548     3.1378492043     3.1378492043     0.0036683800     0.0036683800
     1.5079644737     4.6495571309     4.6495571309     1.5079644789     1.5079644789     3.1378492043     3.1378492043     0.0036683800     0.0036683800
     1.5393804003     4.6809730557     4.6809730557     1.5393804029     1.5393804029     3.1378492043     3.1378492043     0.0036683800     0.0036683800
     1.5707963268     4.7123889804     4.7123889804     1.5707963268     1.5707963268     3.1378492043     3.1378492043     0.0036683800     0.0036683800
     1.6022122533     4.7438049051     4.7438049051     1.6022122507     1.6022122507     3.1378492043     3.1378492043     0.0036683800     0.0036683800
     1.6336281799     4.7752208299     4.7752208299     1.6336281747     1.6336281747     3.1378492043     3.1378492043     0.0036683800     0.0036683800
     1.6650441064     4.8066367547     4.8066367547     1.6650440988     1.6650440988     3.1378492043     3.1378492043     0.0036683800     0.0036683800
     1.6964600329     4.8380526796     4.8380526796     1.6964600230     1.6964600230     3.1378492043     3.1378492043     0.0036683800     0.0036683800
     1.7278759595     4.8694686046     4.8694686046     1.7278759473     1.7278759473     3.1378492043     3.1378492043     0.0036683800     0.0036683800
     1.7592918860     4.9008845297     4.9008845297     1.7592918718     1.7592918718     3.1378492043     3.1378492043     0.0036683800     0.0036683800
     1.7907078125     4.9323004550     4.9323004550     1.7907077966     1.7907077966     3.1378492043     3.1378492043     0.0036683800     0.0036683800
     1.8221237391     4.9637163805     4.9637163805     1.8221237216     1.8221237216     3.1378492043     3.1378492043     0.0036683800     0.0036683800
     1.8535396656     4.9951323061     4.9951323061     1.8535396469     1.8535396469     3.1378492043     3.1378492043     0.0036683800     0.0036683800
     1.8849555922     5.0265482320     5.0265482320     1.8849555725     1.8849555725     3.1378492043     3.1378492043     0.0036683800     0.0036683800
     1.9163715187     5.0579641581     5.0579641581     1.9163714983     1.9163714983     3.1378492043     3.1378492043     0.0036683800     0.0036683800
     1.9477874452     5.0893800844     5.0893800844     1.9477874246     1.9477874246     3.1378492043     3.1378492043     0.0036683799     0.0036683799
     1.9792033718     5.1207960109     5.1207960109     1.9792033511     1.9792033511     3.1378492043     3.1378492043     0.0036683799     0.0036683799
     2.0106192983     5.1522119377     5.1522119377     2.0106192780     2.0106192780     3.1378492043     3.1378492043     0.0036683799     0.0036683799
     2.0420352248     5.1836278647     5.1836278647     2.0420352051     2.0420352051     3.1378492043     3.1378492043     0.0036683799     0.0036683799
     2.0734511514     5.2150437919     5.2150437919     2.0734511326     2.0734511326     3.1378492043     3.1378492043     0.0036683799     0.0036683799
     2.1048670779     5.2464597193     5.2464597193     2.1048670604     2.1048670604     3.1378492044     3.1378492044     0.0036683799     0.0036683799
     2.1362830044     5.2778756469     5.2778756469     2.1362829885     2.1362829885     3.1378492044     3.1378492044     0.0036683799     0.0036683799
     2.1676989310     5.3092915747     5.3092915747     2.1676989168     2.1676989168     3.1378492044     3.1378492044     0.0036683799     0.0036683799
     2.1991148575     5.3407075026     5.3407075026     2.1991148453     2.1991148453     3.1378492044     3.1378492044     0.0036683799     0.0036683799
     2.2305307840     5.3721234307     5.3721234307     2.2305307741     2.2305307741     3.1378492044     3.1378492044     0.0036683799     0.0036683799
     2.2619467106     5.4035393589     5.4035393589     2.2619467030     2.2619467030     3.1378492044     3.1378492044     0.0036683799     0.0036683799
     2.2933626371     5.4349552871     5.4349552871     2.2933626320     2.2933626320     3.1378492044     3.1378492044     0.0036683799     0.0036683799
     2.3247785637     5.4663712154     5.4663712154     2.3247785611     2.3247785611     3.1378492044     3.1378492044     0.0036683799     0.0036683799
     2.3561944902     5.4977871438     5.4977871438     2.3561944902     2.3561944902     3.1378492044     3.1378492044     0.0036683799     0.0036683799
     2.3876104167     5.5292030721     5.5292030721     2.3876104193     2.3876104193     3.1378492044     3.1378492044     0.0036683799     0.0036683799
     2.4190263433     5.5606190004     5.5606190004     2.4190263484     2.4190263484     3.1378492044     3.1378492044     0.0036683799     0.0036683799
     2.4504422698     5.5920349287     5.5920349287     2.4504422774     2.4504422774     3.1378492044     3.1378492044     0.0036683799     0.0036683799
     2.4818581963     5.6234508569     5.6234508569     2.4818582063     2.4818582063     3.1378492044     3.1378492044     0.0036683799     0.0036683799
     2.5132741229     5.6548667850     5.6548667850     2.5132741350     2.5132741350     3.1378492044     3.1378492044     0.0036683799     0.0036683799
     2.5446900494     5.6862827129     5.6862827129     2.5446900636     2.5446900636     3.1378492044     3.1378492044     0.0036683799     0.0036683799
     2.5761059759     5.7176986407     5.7176986407     2.5761059919     2.5761059919     3.1378492044     3.1378492044     0.0036683799     0.0036683799
     2.6075219025     5.7491145683     5.7491145683     2.6075219200     2.6075219200     3.1378492044     3.1378492044     0.0036683799     0.0036683799
     2.6389378290     5.7805304957     5.7805304957     2.6389378478     2.6389378478     3.1378492043     3.1378492043     0.0036683799     0.0036683799
     2.6703537556     5.8119464229     5.8119464229     2.6703537753     2.6703537753     3.1378492043     3.1378492043     0.0036683799     0.0036683799
     2.7017696821     5.8433623499     5.8433623499     2.7017697024     2.7017697024     3.1378492043     3.1378492043     0.0036683799     0.0036683799
     2.7331856086     5.8747782766     5.8747782766     2.7331856293     2.7331856293     3.1378492043     3.1378492043     0.0036683799     0.0036683799
     2.7646015352     5.9061942032     5.9061942032     2.7646015558     2.7646015558     3.1378492043     3.1378492043     0.0036683799     0.0036683799
     2.7960174617     5.9376101295     5.9376101295     2.7960174820     2.7960174820     3.1378492043     3.1378492043     0.0036683800     0.0036683800
     2.8274333882     5.9690260556     5.9690260556     2.8274334079     2.8274334079     3.1378492043     3.1378492043     0.0036683800     0.0036683800
     2.8588493148     6.0004419814     6.0004419814     2.8588493335     2.8588493335     3.1378492043     3.1378492043     0.0036683800     0.0036683800
     2.8902652413     6.0318579071     6.0318579071     2.8902652588     2.8902652588     3.1378492043     3.1378492043     0.0036683800     0.0036683800
     2.9216811678     6.0632738326     6.0632738326     2.9216811838     2.9216811838     3.1378492043     3.1378492043     0.0036683800     0.0036683800
     2.9530970944     6.0946897579     6.0946897579     2.9530971086     2.9530971086     3.1378492043     3.1378492043     0.0036683800     0.0036683800
     2.9845130209     6.1261056830     6.1261056830     2.9845130331     2.9845130331     3.1378492043     3.1378492043     0.0036683800     0.0036683800
     3.0159289474     6.1575216080     6.1575216080     3.0159289574     3.0159289574     3.1378492043     3.1378492043     0.0036683800     0.0036683800
     3.0473448740     6.1889375329     6.1889375329     3.0473448816     3.0473448816     3.1378492043     3.1378492043     0.0036683800     0.0036683800
     3.0787608005     6.2203534577     6.2203534577     3.0787608057     3.0787608057     3.1378492043     3.1378492043     0.0036683800     0.0036683800
     3.1101767271     6.2517693825     6.2517693825     3.1101767296     3.1101767296     3.1378492043     3.1378492043     0.0036683800     0.0036683800
     3.1415926536     6.2831853072     6.2831853072     3.1415926536     3.1415926536     3.1378492043     3.1378492043     0.0036683800     0.0036683800
