     0.0000000000     3.1415926536     3.1415926536     6.2831853072     6.2831853072     3.1376078119     3.1376078119     0.0031117385     0.0031117385
     0.0314159265     3.1675841869     3.1795631260     0.0244688812     0.0403318206     3.1376084325     3.1376084325     0.0031127344     0.0031127344
     0.0628318531     3.1935919129     3.2174991040     0.0489567706     0.0806121247     3.1376102924     3.1376102924     0.0031157162     0.0031157162
     0.0314159265     3.1675841869     3.1795631260     0.0244688812     0.0403318206     3.1376084325     3.1376084325     0.0031127344     0.0031127344
     0.1256637061     3.2457206923     3.2931315310     0.0980656874     0.1608156745     3.1376177037     3.1376177037     0.0031275564     0.0031275564
     0.1570796327     3.2718740970     3.3307618589     0.1227248493     0.2006411528     3.1376232328     3.1376232328     0.0031363461     0.0031363461
     0.1884955592     3.2981083869     3.3682260375     0.1474793117     0.2402206322     3.1376299563     3.1376299563     0.0031469851     0.0031469851
     0.2199114858     3.3244396884     3.4054941904     0.1723482689     0.2795109944     3.1376378537     3.1376378537     0.0031594131     0.0031594131
     0.2513274123     3.3508840937     3.4425381582     0.1973509804     0.3184721798     3.1376469008     3.1376469008     0.0031735602     0.0031735602
     0.2827433388     3.3774576487     3.4793316976     0.2225067749     0.3570674986     3.1376570697     3.1376570697     0.0031893482     0.0031893482
     0.3141592654     3.4041763390     3.5158506457     0.2478350513     0.3952638693     3.1376683288     3.1376683288     0.0032066910     0.0032066910
     0.3455751919     3.4310560718     3.5520730491     0.2733552752     0.4330319813     3.1376806429     3.1376806429     0.0032254956     0.0032254956
     0.3769911184     3.4581126551     3.5879792577     0.2990869710     0.4703463863     3.1376939731     3.1376939731     0.0032456632     0.0032456632
     0.4084070450     3.4853617721     3.6235519837     0.3250497091     0.5071855219     3.1377082770     3.1377082770     0.0032670897     0.0032670897
     0.4398229715     3.5128189512     3.6587763274     0.3512630864     0.5435316733     3.1377235087     3.1377235087     0.0032896667     0.0032896667
     0.4712388980     3.5404995311     3.6936397731     0.3777467006     0.5793708822     3.1377396185     3.1377396185     0.0033132827     0.0033132827
     0.5026548246     3.5684186202     3.7281321567     0.4045201158     0.6146928083     3.1377565537     3.1377565537     0.0033378233     0.0033378233
     0.5340707511     3.5965910499     3.7622456098     0.4316028206     0.6494905550     3.1377742578     3.1377742578     0.0033631725     0.0033631725
     0.5654866776     3.6250313222     3.7959744822     0.4590141755     0.6837604652     3.1377926713     3.1377926713     0.0033892134     0.0033892134
     0.5969026042     3.6537535496     3.8293152478     0.4867733502     0.7175018974     3.1378117313     3.1378117313     0.0034158285     0.0034158285
     0.6283185307     3.6827713883     3.8622663970     0.5148992491     0.7507169874     3.1378313719     3.1378313719     0.0034429007     0.0034429007
     0.6597344573     3.7120979641     3.8948283185     0.5434104241     0.7834104045     3.1378515240     3.1378515240     0.0034703137     0.0034703137
     0.6911503838     3.7417457904     3.9270031742     0.5723249739     0.8155891059     3.1378721158     3.1378721158     0.0034979526     0.0034979526
     0.7225663103     3.7717266786     3.9587947705     0.6016604285     0.8472620953     3.1378930726     3.1378930726     0.0035257044     0.0035257044
     0.7539822369     3.8020516409     3.9902084272     0.6314336185     0.8784401899     3.1379143173     3.1379143173     0.0035534581     0.0035534581
     0.7853981634     3.8327307859     4.0212508481     0.6616605291     0.9091357977     3.1379357703     3.1379357703     0.0035811054     0.0035811054
     0.8168140899     3.8637732068     4.0519299931     0.6923561369     0.9393627083     3.1379573498     3.1379573498     0.0036085409     0.0036085409
     0.8482300165     3.8951868635     4.0822549554     0.7235342315     0.9691358983     3.1379789723     3.1379789723     0.0036356623     0.0036356623
     0.8796459430     3.9269784598     4.1122358436     0.7552072209     0.9984713529     3.1380005524     3.1380005524     0.0036623708     0.0036623708
     0.9110618695     3.9591533155     4.1418836698     0.7873859223     1.0273859027     3.1380220034     3.1380220034     0.0036885711     0.0036885711
     0.9424777961     3.9917152370     4.1712102456     0.8200793394     1.0558970777     3.1380432374     3.1380432374     0.0037141716     0.0037141716
     0.9738937226     4.0246663862     4.2002280844     0.8532944294     1.0840229766     3.1380641662     3.1380641662     0.0037390846     0.0037390846
     1.0053096491     4.0580071518     4.2289503117     0.8870358616     1.1117821513     3.1380847008     3.1380847008     0.0037632263     0.0037632263
     1.0367255757     4.0917360242     4.2573905841     0.9213057718     1.1391935062     3.1381047525     3.1381047525     0.0037865172     0.0037865172
     1.0681415022     4.1258494773     4.2855630138     0.9561035185     1.1662762110     3.1381242333     3.1381242333     0.0038088818     0.0038088818
     1.0995574288     4.1603418609     4.3134821028     0.9914254446     1.1930496262     3.1381430558     3.1381430558     0.0038302487     0.0038302487
     1.1309733553     4.1952053066     4.3411626827     1.0272646535     1.2195332404     3.1381611344     3.1381611344     0.0038505510     0.0038505510
     1.1623892818     4.2304296503     4.3686198619     1.0636108049     1.2457466177     3.1381783853     3.1381783853     0.0038697258     0.0038697258
     1.1938052084     4.2660023763     4.3958689789     1.1004499405     1.2717093558     3.1381947275     3.1381947275     0.0038877148     0.0038877148
     1.2252211349     4.3019085849     4.4229255622     1.1377643455     1.2974410516     3.1382100827     3.1382100827     0.0039044637     0.0039044637
     1.2566370614     4.3381309883     4.4498052950     1.1755324575     1.3229612755     3.1382243764     3.1382243764     0.0039199228     0.0039199228
     1.2880529880     4.3746499364     4.4765239852     1.2137288282     1.3482895519     3.1382375384     3.1382375384     0.0039340466     0.0039340466
     1.3194689145     4.4114434758     4.5030975403     1.2523241470     1.3734453464     3.1382495031     3.1382495031     0.0039467940     0.0039467940
     1.3508848410     4.4484874436     4.5295419456     1.2912853324     1.3984480579     3.1382602101     3.1382602101     0.0039581281     0.0039581281
     1.3823007676     4.4857555965     4.5558732471     1.3305756946     1.4233170151     3.1382696047     3.1382696047     0.0039680167     0.0039680167
     1.4137166941     4.5232197751     4.5821075369     1.3701551740     1.4480714775     3.1382776387     3.1382776387     0.0039764314     0.0039764314
     1.4451326207     4.5608501030     4.6082609417     1.4099806523     1.4727306394     3.1382842703     3.1382842703     0.0039833486     0.0039833486
     1.4765485472     4.5986152177     4.6343496132     1.4500063356     1.4973136368     3.1382894649     3.1382894649     0.0039887488     0.0039887488
     1.5079644737     4.6364825300     4.6603897211     1.4901842021     1.5218395562     3.1382931950     3.1382931950     0.0039926169     0.0039926169
     1.5393804003     4.6744185080     4.6863974471     1.5304645062     1.5463274456     3.1382954410     3.1382954410     0.0039949421     0.0039949421
     1.5707963268     4.7123889804     4.7123889804     1.5707963268     1.5707963268     3.1382961910     3.1382961910     0.0039957178     0.0039957178
     1.6022122533     4.7503594528     4.7383805137     1.6111281474     1.5952652080     3.1382954410     3.1382954410     0.0039949421     0.0039949421
     1.6336281799     4.7882954308     4.7643882397     1.6514084515     1.6197530974     3.1382931950     3.1382931950     0.0039926169     0.0039926169
     1.6650441064     4.8261627430     4.7904283476     1.6915863180     1.6442790168     3.1382894649     3.1382894649     0.0039887488     0.0039887488
     1.6964600329     4.8639278578     4.8165170191     1.7316120013     1.6688620142     3.1382842703     3.1382842703     0.0039833486     0.0039833486
     1.7278759595     4.9015581857     4.8426704238     1.7714374796     1.6935211761     3.1382776387     3.1382776387     0.0039764314     0.0039764314
     1.7592918860     4.9390223643     4.8689047137     1.8110169590     1.7182756385     3.1382696047     3.1382696047     0.0039680167     0.0039680167
     1.7907078125     4.9762905172     4.8952360152     1.8503073212     1.7431445957     3.1382602101     3.1382602101     0.0039581281     0.0039581281
     1.8221237391     5.0133344850     4.9216804205     1.8892685066     1.7681473072     3.1382495031     3.1382495031     0.0039467940     0.0039467940
     1.8535396656     5.0501280244     4.9482539755     1.9278638254     1.7933031017     3.1382375384     3.1382375384     0.0039340466     0.0039340466
     1.8849555922     5.0866469725     4.9749726658     1.9660601961     1.8186313781     3.1382243764     3.1382243764     0.0039199228     0.0039199228
     1.9163715187     5.1228693759     5.0018523986     2.0038283081     1.8441516020     3.1382100827     3.1382100827     0.0039044637     0.0039044637
     1.9477874452     5.1587755845     5.0289089819     2.0411427131     1.8698832978     3.1381947275     3.1381947275     0.0038877148     0.0038877148
     1.9792033718     5.1943483105     5.0561580989     2.0779818486     1.8958460359     3.1381783853     3.1381783853     0.0038697258     0.0038697258
     2.0106192983     5.2295726542     5.0836152780     2.1143280001     1.9220594132     3.1381611344     3.1381611344     0.0038505510     0.0038505510
     2.0420352248     5.2644360999     5.1112958579     2.1501672090     1.9485430274     3.1381430558     3.1381430558     0.0038302487     0.0038302487
     2.0734511514     5.2989284835     5.1392149470     2.1854891351     1.9753164426     3.1381242333     3.1381242333     0.0038088818     0.0038088818
     2.1048670779     5.3330419366     5.1673873767     2.2202868818     2.0023991474     3.1381047525     3.1381047525     0.0037865172     0.0037865172
     2.1362830044     5.3667708090     5.1958276490     2.2545567920     2.0298105023     3.1380847008     3.1380847008     0.0037632263     0.0037632263
     2.1676989310     5.4001115746     5.2245498764     2.2882982242     2.0575696770     3.1380641662     3.1380641662     0.0037390846     0.0037390846
     2.1991148575     5.4330627238     5.2535677151     2.3215133142     2.0856955759     3.1380432374     3.1380432374     0.0037141716     0.0037141716
     2.2305307840     5.4656246453     5.2828942909     2.3542067313     2.1142067509     3.1380220034     3.1380220034     0.0036885711     0.0036885711
     2.2619467106     5.4977995010     5.3125421172     2.3863854327     2.1431213007     3.1380005524     3.1380005524     0.0036623708     0.0036623708
     2.2933626371     5.5295910973     5.3425230054     2.4180584221     2.1724567553     3.1379789723     3.1379789723     0.0036356623     0.0036356623
     2.3247785637     5.5610047540     5.3728479677     2.4492365167     2.2022299453     3.1379573498     3.1379573498     0.0036085409     0.0036085409
     2.3561944902     5.5920471749     5.4035271127     2.4799321245     2.2324568559     3.1379357703     3.1379357703     0.0035811054     0.0035811054
     2.3876104167     5.6227263199     5.4345695336     2.5101590351     2.2631524637     3.1379143173     3.1379143173     0.0035534581     0.0035534581
     2.4190263433     5.6530512822     5.4659831903     2.5399322251     2.2943305583     3.1378930726     3.1378930726     0.0035257044     0.0035257044
     2.4504422698     5.6830321704     5.4977747866     2.5692676797     2.3260035477     3.1378721158     3.1378721158     0.0034979526     0.0034979526
     2.4818581963     5.7126799966     5.5299496423     2.5981822295     2.3581822490     3.1378515240     3.1378515240     0.0034703137     0.0034703137
     2.5132741229     5.7420065724     5.5625115638     2.6266934045     2.3908756662     3.1378313719     3.1378313719     0.0034429007     0.0034429007
     2.5446900494     5.7710244112     5.5954627130     2.6548193034     2.4240907562     3.1378117313     3.1378117313     0.0034158285     0.0034158285
     2.5761059759     5.7997466385     5.6288034786     2.6825784781     2.4578321884     3.1377926713     3.1377926713     0.0033892134     0.0033892134
     2.6075219025     5.8281869109     5.6625323510     2.7099898330     2.4921020986     3.1377742578     3.1377742578     0.0033631725     0.0033631725
     2.6389378290     5.8563593406     5.6966458040     2.7370725378     2.5268998452     3.1377565537     3.1377565537     0.0033378233     0.0033378233
     2.6703537556     5.8842784296     5.7311381877     2.7638459530     2.5622217714     3.1377396185     3.1377396185     0.0033132827     0.0033132827
     2.7017696821     5.9119590095     5.7660016334     2.7903295672     2.5980609803     3.1377235087     3.1377235087     0.0032896667     0.0032896667
     2.7331856086     5.9394161887     5.8012259771     2.8165429445     2.6344071317     3.1377082770     3.1377082770     0.0032670897     0.0032670897
     2.7646015352     5.9666653057     5.8367987031     2.8425056826     2.6712462673     3.1376939731     3.1376939731     0.0032456632     0.0032456632
     2.7960174617     5.9937218890     5.8727049117     2.8682373784     2.7085606723     3.1376806429     3.1376806429     0.0032254956     0.0032254956
     2.8274333882     6.0206016218     5.9089273151     2.8937576023     2.7463287843     3.1376683288     3.1376683288     0.0032066910     0.0032066910
     2.8588493148     6.0473203120     5.9454462632     2.9190858787     2.7845251550     3.1376570697     3.1376570697     0.0031893482     0.0031893482
     2.8902652413     6.0738938671     5.9822398026     2.9442416732     2.8231204738     3.1376469008     3.1376469008     0.0031735602     0.0031735602
     2.9216811678     6.1003382724     6.0192837704     2.9692443847     2.8620816592     3.1376378537     3.1376378537     0.0031594131     0.0031594131
     2.9530970944     6.1266695739     6.0565519232     2.9941133418     2.9013720214     3.1376299563     3.1376299563     0.0031469851     0.0031469851
     2.9845130209     6.1529038637     6.0940161018     3.0188678043     2.9409515008     3.1376232328     3.1376232328     0.0031363461     0.0031363461
     3.0159289474     6.1790572685     6.1316464298     3.0435269662     2.9807769791     3.1376177037     3.1376177037     0.0031275564     0.0031275564
     3.0473448740     6.2051459400     6.1694115445     3.0681099636     3.0208026624     3.1376133859     3.1376133859     0.0031206664     0.0031206664
     3.0787608005     6.2311860479     6.2072788568     3.0926358830     3.0609805289     3.1376102924     3.1376102924     0.0031157162     0.0031157162
     3.1101767271     6.2571937739     6.2452148348     3.1171237724     3.1012608329     3.1376084325     3.1376084325     0.0031127344     0.0031127344
     3.1415926536     6.2831853072     6.2831853072     3.1415926536     3.1415926536     3.1376078119     3.1376078119     0.0031117385     0.0031117385
