           1  -892.306842590552                0
           1  -892.306842590552                1
 
           2  -535.384105554332                0
           2  -535.384105554332                1
 
           3  -178.461368518111                0
           3  -178.461368518111                1
 
           4   178.461368518111                0
           4   178.461368518111                1
 
           5   535.384105554332                0
           5   535.384105554332                1
 
           6   892.306842590552                0
           6   892.306842590552                1
 
