     0.0000000000     3.1415926536     3.1415926536     6.2831853072     6.2831853072     3.1379551186     3.1379551186     0.0028520044     0.0028520044
     0.0314159265     3.1683009559     3.1785446754     0.0252233043     0.0391263814     3.1379556164     3.1379556164     0.0028527805     0.0028527805
     0.0628318531     3.1950238776     3.2154687556     0.0504643091     0.0782102604     3.1379571082     3.1379571082     0.0028551043     0.0028551043
     0.0314159265     3.1683009559     3.1785446754     0.0252233043     0.0391263814     3.1379556164     3.1379556164     0.0028527805     0.0028527805
     0.1256637061     3.2485719979     3.2891227380     0.1010702491     0.1560831491     3.1379630519     3.1379630519     0.0028643351     0.0028643351
     0.1570796327     3.2754263453     3.3257988585     0.1264706235     0.1947910793     3.1379674852     3.1379674852     0.0028711911     0.0028711911
     0.1884955592     3.3023535870     3.3623399083     0.1519595822     0.2332951424     3.1379728752     3.1379728752     0.0028794934     0.0028794934
     0.2199114858     3.3293681841     3.3987213440     0.1775548790     0.2715591274     3.1379792048     3.1379792048     0.0028891969     0.0028891969
     0.2513274123     3.3564845272     3.4349198969     0.2032742797     0.3095491393     3.1379864540     3.1379864540     0.0029002494     0.0029002494
     0.2827433388     3.3837169202     3.4709137279     0.2291355586     0.3472338513     3.1379945996     3.1379945996     0.0029125923     0.0029125923
     0.3141592654     3.4110795608     3.5066825608     0.2551564899     0.3845847061     3.1380036155     3.1380036155     0.0029261608     0.0029261608
     0.3455751919     3.4385865192     3.5422077895     0.2813548370     0.4215760652     3.1380134724     3.1380134724     0.0029408849     0.0029408849
     0.3769911184     3.4662517132     3.5774725629     0.3077483369     0.4581853062     3.1380241384     3.1380241384     0.0029566896     0.0029566896
     0.4084070450     3.4940888800     3.6124618442     0.3343546798     0.4943928712     3.1380355783     3.1380355783     0.0029734958     0.0029734958
     0.4398229715     3.5221115451     3.6471624476     0.3611914835     0.5301822696     3.1380477544     3.1380477544     0.0029912209     0.0029912209
     0.4712388980     3.5503329860     3.6815630527     0.3882762614     0.5655400391     3.1380606258     3.1380606258     0.0030097793     0.0030097793
     0.5026548246     3.5787661927     3.7156541983     0.4156263839     0.6004556702     3.1380741492     3.1380741492     0.0030290832     0.0030290832
     0.5340707511     3.6074238230     3.7494282573     0.4432590328     0.6349215008     3.1380882784     3.1380882784     0.0030490430     0.0030490430
     0.5654866776     3.6363181534     3.7828793962     0.4711911466     0.6689325841     3.1381029646     3.1381029646     0.0030695679     0.0030695679
     0.5969026042     3.6654610246     3.8160035191     0.4994393581     0.7024865380     3.1381181567     3.1381181567     0.0030905665     0.0030905665
     0.6283185307     3.6948637826     3.8487982010     0.5280199220     0.7355833800     3.1381338008     3.1381338008     0.0031119471     0.0031119471
     0.6597344573     3.7245372135     3.8812626109     0.5569486320     0.7682253517     3.1381498410     3.1381498410     0.0031336184     0.0031336184
     0.6911503838     3.7544914745     3.9133974279     0.5862407285     0.8004167396     3.1381662190     3.1381662190     0.0031554898     0.0031554898
     0.7225663103     3.7847360187     3.9452047517     0.6159107945     0.8321636938     3.1381828748     3.1381828748     0.0031774718     0.0031774718
     0.7539822369     3.8152795160     3.9766880104     0.6459726402     0.8634740488     3.1381997460     3.1381997460     0.0031994761     0.0031994761
     0.7853981634     3.8461297685     4.0078518654     0.6764391767     0.8943571501     3.1382167689     3.1382167689     0.0032214164     0.0032214164
     0.8168140899     3.8772936236     4.0387021180     0.7073222780     0.9248236866     3.1382338781     3.1382338781     0.0032432084     0.0032432084
     0.8482300165     3.9087768822     4.0692456152     0.7386326330     0.9548855323     3.1382510068     3.1382510068     0.0032647697     0.0032647697
     0.8796459430     3.9405842061     4.0994901595     0.7703795872     0.9845555983     3.1382680873     3.1382680873     0.0032860207     0.0032860207
     0.9110618695     3.9727190231     4.1294444205     0.8025709751     1.0138476948     3.1382850508     3.1382850508     0.0033068843     0.0033068843
     0.9424777961     4.0051834330     4.1591178514     0.8352129468     1.0427764048     3.1383018281     3.1383018281     0.0033272862     0.0033272862
     0.9738937226     4.0379781149     4.1885206093     0.8683097888     1.0713569687     3.1383183497     3.1383183497     0.0033471551     0.0033471551
     1.0053096491     4.0711022378     4.2176634806     0.9018637427     1.0996051802     3.1383345458     3.1383345458     0.0033664226     0.0033664226
     1.0367255757     4.1045533766     4.2465578110     0.9358748260     1.1275372940     3.1383503473     3.1383503473     0.0033850237     0.0033850237
     1.0681415022     4.1383274357     4.2752154413     0.9703406565     1.1551699429     3.1383656856     3.1383656856     0.0034028964     0.0034028964
     1.0995574288     4.1724185812     4.3036486480     1.0052562877     1.1825200654     3.1383804930     3.1383804930     0.0034199821     0.0034199821
     1.1309733553     4.2068191864     4.3318700889     1.0406140572     1.2096048433     3.1383947034     3.1383947034     0.0034362257     0.0034362257
     1.1623892818     4.2415197898     4.3598927540     1.0764034556     1.2364416470     3.1384082523     3.1384082523     0.0034515754     0.0034515754
     1.1938052084     4.2765090711     4.3877299208     1.1126110206     1.2630479899     3.1384210774     3.1384210774     0.0034659828     0.0034659828
     1.2252211349     4.3117738445     4.4153951147     1.1492202616     1.2894414898     3.1384331190     3.1384331190     0.0034794031     0.0034794031
     1.2566370614     4.3472990732     4.4429020731     1.1862116206     1.3156398369     3.1384443204     3.1384443204     0.0034917951     0.0034917951
     1.2880529880     4.3830679060     4.4702647138     1.2235624755     1.3416607682     3.1384546280     3.1384546280     0.0035031210     0.0035031210
     1.3194689145     4.4190617371     4.4974971068     1.2612471875     1.3675220471     3.1384639923     3.1384639923     0.0035133466     0.0035133466
     1.3508848410     4.4552602899     4.5246134499     1.2992371994     1.3932414478     3.1384723676     3.1384723676     0.0035224413     0.0035224413
     1.3823007676     4.4916417256     4.5516280469     1.3375011844     1.4188367445     3.1384797127     3.1384797127     0.0035303780     0.0035303780
     1.4137166941     4.5281827755     4.5785552887     1.3760052475     1.4443257033     3.1384859912     3.1384859912     0.0035371334     0.0035371334
     1.4451326207     4.5648588960     4.6054096360     1.4147131777     1.4697260777     3.1384911719     3.1384911719     0.0035426876     0.0035426876
     1.4765485472     4.6016444453     4.6322056056     1.4535867493     1.4950556074     3.1384952287     3.1384952287     0.0035470244     0.0035470244
     1.5079644737     4.6385128784     4.6589577564     1.4925860664     1.5203320177     3.1384981412     3.1384981412     0.0035501311     0.0035501311
     1.5393804003     4.6754369586     4.6856806781     1.5316699454     1.5455730225     3.1384998946     3.1384998946     0.0035519988     0.0035519988
     1.5707963268     4.7123889804     4.7123889804     1.5707963268     1.5707963268     3.1385004801     3.1385004801     0.0035526219     0.0035526219
     1.6022122533     4.7493410022     4.7390972827     1.6099227082     1.5960196311     3.1384998946     3.1384998946     0.0035519988     0.0035519988
     1.6336281799     4.7862650824     4.7658202044     1.6490065872     1.6212606359     3.1384981412     3.1384981412     0.0035501311     0.0035501311
     1.6650441064     4.8231335155     4.7925723552     1.6880059043     1.6465370462     3.1384952287     3.1384952287     0.0035470244     0.0035470244
     1.6964600329     4.8599190648     4.8193683247     1.7268794759     1.6718665759     3.1384911719     3.1384911719     0.0035426876     0.0035426876
     1.7278759595     4.8965951853     4.8462226721     1.7655874061     1.6972669503     3.1384859912     3.1384859912     0.0035371334     0.0035371334
     1.7592918860     4.9331362351     4.8731499138     1.8040914692     1.7227559090     3.1384797127     3.1384797127     0.0035303780     0.0035303780
     1.7907078125     4.9695176708     4.9001645109     1.8423554542     1.7483512057     3.1384723676     3.1384723676     0.0035224413     0.0035224413
     1.8221237391     5.0057162236     4.9272808540     1.8803454661     1.7740706065     3.1384639923     3.1384639923     0.0035133466     0.0035133466
     1.8535396656     5.0417100547     4.9545132470     1.9180301781     1.7999318854     3.1384546280     3.1384546280     0.0035031210     0.0035031210
     1.8849555922     5.0774788876     4.9818758876     1.9553810329     1.8259528167     3.1384443204     3.1384443204     0.0034917951     0.0034917951
     1.9163715187     5.1130041163     5.0093828460     1.9923723920     1.8521511638     3.1384331190     3.1384331190     0.0034794031     0.0034794031
     1.9477874452     5.1482688897     5.0370480400     2.0289816330     1.8785446637     3.1384210774     3.1384210774     0.0034659828     0.0034659828
     1.9792033718     5.1832581709     5.0648852068     2.0651891980     1.9051510066     3.1384082523     3.1384082523     0.0034515754     0.0034515754
     2.0106192983     5.2179587744     5.0929078719     2.1009785964     1.9319878103     3.1383947034     3.1383947034     0.0034362257     0.0034362257
     2.0420352248     5.2523593795     5.1211293128     2.1363363658     1.9590725882     3.1383804930     3.1383804930     0.0034199821     0.0034199821
     2.0734511514     5.2864505251     5.1495625195     2.1712519970     1.9864227107     3.1383656856     3.1383656856     0.0034028964     0.0034028964
     2.1048670779     5.3202245841     5.1782201498     2.2057178276     2.0140553596     3.1383503473     3.1383503473     0.0033850237     0.0033850237
     2.1362830044     5.3536757230     5.2071144802     2.2397289109     2.0419874734     3.1383345458     3.1383345458     0.0033664226     0.0033664226
     2.1676989310     5.3867998459     5.2362573514     2.2732828648     2.0702356849     3.1383183497     3.1383183497     0.0033471551     0.0033471551
     2.1991148575     5.4195945278     5.2656601094     2.3063797067     2.0988162487     3.1383018281     3.1383018281     0.0033272862     0.0033272862
     2.2305307840     5.4520589377     5.2953335403     2.3390216785     2.1277449587     3.1382850508     3.1382850508     0.0033068843     0.0033068843
     2.2619467106     5.4841937547     5.3252878013     2.3712130664     2.1570370553     3.1382680873     3.1382680873     0.0032860207     0.0032860207
     2.2933626371     5.5160010785     5.3555323455     2.4029600206     2.1867071213     3.1382510068     3.1382510068     0.0032647697     0.0032647697
     2.3247785637     5.5474843372     5.3860758428     2.4342703756     2.2167689670     3.1382338781     3.1382338781     0.0032432084     0.0032432084
     2.3561944902     5.5786481922     5.4169260953     2.4651534769     2.2472355034     3.1382167689     3.1382167689     0.0032214164     0.0032214164
     2.3876104167     5.6094984448     5.4480899504     2.4956200134     2.2781186047     3.1381997460     3.1381997460     0.0031994761     0.0031994761
     2.4190263433     5.6400419420     5.4795732090     2.5256818590     2.3094289598     3.1381828748     3.1381828748     0.0031774718     0.0031774718
     2.4504422698     5.6702864863     5.5113805329     2.5553519251     2.3411759140     3.1381662190     3.1381662190     0.0031554898     0.0031554898
     2.4818581963     5.7002407473     5.5435153499     2.5846440216     2.3733673019     3.1381498410     3.1381498410     0.0031336184     0.0031336184
     2.5132741229     5.7299141782     5.5759797598     2.6135727316     2.4060092736     3.1381338008     3.1381338008     0.0031119471     0.0031119471
     2.5446900494     5.7593169361     5.6087744417     2.6421532955     2.4391061156     3.1381181567     3.1381181567     0.0030905665     0.0030905665
     2.5761059759     5.7884598074     5.6418985646     2.6704015070     2.4726600695     3.1381029646     3.1381029646     0.0030695679     0.0030695679
     2.6075219025     5.8173541378     5.6753497034     2.6983336208     2.5066711528     3.1380882784     3.1380882784     0.0030490430     0.0030490430
     2.6389378290     5.8460117681     5.7091237625     2.7259662697     2.5411369833     3.1380741492     3.1380741492     0.0030290832     0.0030290832
     2.6703537556     5.8744449748     5.7432149080     2.7533163922     2.5760526145     3.1380606258     3.1380606258     0.0030097793     0.0030097793
     2.7017696821     5.9026664157     5.7776155132     2.7804011701     2.6114103840     3.1380477544     3.1380477544     0.0029912209     0.0029912209
     2.7331856086     5.9306890808     5.8123161166     2.8072379737     2.6471997824     3.1380355783     3.1380355783     0.0029734958     0.0029734958
     2.7646015352     5.9585262476     5.8473053979     2.8338443167     2.6834073474     3.1380241384     3.1380241384     0.0029566896     0.0029566896
     2.7960174617     5.9861914415     5.8825701713     2.8602378166     2.7200165883     3.1380134724     3.1380134724     0.0029408849     0.0029408849
     2.8274333882     6.0136983999     5.9180954000     2.8864361637     2.7570079474     3.1380036155     3.1380036155     0.0029261608     0.0029261608
     2.8588493148     6.0410610406     5.9538642328     2.9124570950     2.7943588023     3.1379945996     3.1379945996     0.0029125923     0.0029125923
     2.8902652413     6.0682934336     5.9898580639     2.9383183739     2.8320435143     3.1379864540     3.1379864540     0.0029002494     0.0029002494
     2.9216811678     6.0954097767     6.0260566167     2.9640377746     2.8700335262     3.1379792048     3.1379792048     0.0028891969     0.0028891969
     2.9530970944     6.1224243737     6.0624380524     2.9896330713     2.9082975112     3.1379728752     3.1379728752     0.0028794934     0.0028794934
     2.9845130209     6.1493516155     6.0989791023     3.0151220301     2.9468015742     3.1379674852     3.1379674852     0.0028711911     0.0028711911
     3.0159289474     6.1762059628     6.1356552228     3.0405224045     2.9855095045     3.1379630519     3.1379630519     0.0028643351     0.0028643351
     3.0473448740     6.2030019324     6.1724407721     3.0658519342     3.0243830761     3.1379595892     3.1379595892     0.0028589630     0.0028589630
     3.0787608005     6.2297540832     6.2093092052     3.0911283445     3.0633823932     3.1379571082     3.1379571082     0.0028551043     0.0028551043
     3.1101767271     6.2564770049     6.2462332854     3.1163693493     3.1024662722     3.1379556164     3.1379556164     0.0028527805     0.0028527805
     3.1415926536     6.2831853072     6.2831853072     3.1415926536     3.1415926536     3.1379551186     3.1379551186     0.0028520044     0.0028520044
