     0.0000000000     0.0010376286     0.0025686588     0.0001743134
     0.0314159265     0.0010391392     0.0025671483     0.0001743134
     0.0628318531     0.0010436649     0.0025626225     0.0001743134
     0.0314159265     0.0010391392     0.0025671483     0.0001743134
     0.1256637061     0.0010616787     0.0025446088     0.0001743134
     0.1570796327     0.0010750956     0.0025311919     0.0001743134
     0.1884955592     0.0010913858     0.0025149017     0.0001743134
     0.2199114858     0.0011104850     0.0024958025     0.0001743134
     0.2513274123     0.0011323177     0.0024739698     0.0001743134
     0.2827433388     0.0011567980     0.0024494895     0.0001743134
     0.3141592654     0.0011838290     0.0024224585     0.0001743134
     0.3455751919     0.0012133042     0.0023929833     0.0001743134
     0.3769911184     0.0012451073     0.0023611803     0.0001743134
     0.4084070450     0.0012791126     0.0023271749     0.0001743134
     0.4398229715     0.0013151861     0.0022911015     0.0001743134
     0.4712388980     0.0013531853     0.0022531023     0.0001743134
     0.5026548246     0.0013929603     0.0022133273     0.0001743134
     0.5340707511     0.0014343541     0.0021719335     0.0001743134
     0.5654866776     0.0014772033     0.0021290843     0.0001743134
     0.5969026042     0.0015213389     0.0020849487     0.0001743134
     0.6283185307     0.0015665866     0.0020397010     0.0001743134
     0.6597344573     0.0016127679     0.0019935197     0.0001743134
     0.6911503838     0.0016597006     0.0019465870     0.0001743134
     0.7225663103     0.0017071993     0.0018990883     0.0001743134
     0.7539822369     0.0017550767     0.0018512109     0.0001743134
     0.7853981634     0.0018031438     0.0018031438     0.0001743134
     0.8168140899     0.0018512109     0.0017550767     0.0001743134
     0.8482300165     0.0018990883     0.0017071993     0.0001743134
     0.8796459430     0.0019465870     0.0016597006     0.0001743134
     0.9110618695     0.0019935197     0.0016127679     0.0001743134
     0.9424777961     0.0020397010     0.0015665866     0.0001743134
     0.9738937226     0.0020849487     0.0015213389     0.0001743134
     1.0053096491     0.0021290843     0.0014772033     0.0001743134
     1.0367255757     0.0021719335     0.0014343541     0.0001743134
     1.0681415022     0.0022133273     0.0013929603     0.0001743134
     1.0995574288     0.0022531023     0.0013531853     0.0001743134
     1.1309733553     0.0022911015     0.0013151861     0.0001743134
     1.1623892818     0.0023271749     0.0012791126     0.0001743134
     1.1938052084     0.0023611803     0.0012451073     0.0001743134
     1.2252211349     0.0023929833     0.0012133042     0.0001743134
     1.2566370614     0.0024224585     0.0011838290     0.0001743134
     1.2880529880     0.0024494895     0.0011567980     0.0001743134
     1.3194689145     0.0024739698     0.0011323177     0.0001743134
     1.3508848410     0.0024958025     0.0011104850     0.0001743134
     1.3823007676     0.0025149017     0.0010913858     0.0001743134
     1.4137166941     0.0025311919     0.0010750956     0.0001743134
     1.4451326207     0.0025446088     0.0010616787     0.0001743134
     1.4765485472     0.0025550995     0.0010511880     0.0001743134
     1.5079644737     0.0025626225     0.0010436649     0.0001743134
     1.5393804003     0.0025671483     0.0010391392     0.0001743134
     1.5707963268     0.0025686588     0.0010376286     0.0001743134
     1.6022122533     0.0025671483     0.0010391392     0.0001743134
     1.6336281799     0.0025626225     0.0010436649     0.0001743134
     1.6650441064     0.0025550995     0.0010511880     0.0001743134
     1.6964600329     0.0025446088     0.0010616787     0.0001743134
     1.7278759595     0.0025311919     0.0010750956     0.0001743134
     1.7592918860     0.0025149017     0.0010913858     0.0001743134
     1.7907078125     0.0024958025     0.0011104850     0.0001743134
     1.8221237391     0.0024739698     0.0011323177     0.0001743134
     1.8535396656     0.0024494895     0.0011567980     0.0001743134
     1.8849555922     0.0024224585     0.0011838290     0.0001743134
     1.9163715187     0.0023929833     0.0012133042     0.0001743134
     1.9477874452     0.0023611803     0.0012451073     0.0001743134
     1.9792033718     0.0023271749     0.0012791126     0.0001743134
     2.0106192983     0.0022911015     0.0013151861     0.0001743134
     2.0420352248     0.0022531023     0.0013531853     0.0001743134
     2.0734511514     0.0022133273     0.0013929603     0.0001743134
     2.1048670779     0.0021719335     0.0014343541     0.0001743134
     2.1362830044     0.0021290843     0.0014772033     0.0001743134
     2.1676989310     0.0020849487     0.0015213389     0.0001743134
     2.1991148575     0.0020397010     0.0015665866     0.0001743134
     2.2305307840     0.0019935197     0.0016127679     0.0001743134
     2.2619467106     0.0019465870     0.0016597006     0.0001743134
     2.2933626371     0.0018990883     0.0017071993     0.0001743134
     2.3247785637     0.0018512109     0.0017550767     0.0001743134
     2.3561944902     0.0018031438     0.0018031438     0.0001743134
     2.3876104167     0.0017550767     0.0018512109     0.0001743134
     2.4190263433     0.0017071993     0.0018990883     0.0001743134
     2.4504422698     0.0016597006     0.0019465870     0.0001743134
     2.4818581963     0.0016127679     0.0019935197     0.0001743134
     2.5132741229     0.0015665866     0.0020397010     0.0001743134
     2.5446900494     0.0015213389     0.0020849487     0.0001743134
     2.5761059759     0.0014772033     0.0021290843     0.0001743134
     2.6075219025     0.0014343541     0.0021719335     0.0001743134
     2.6389378290     0.0013929603     0.0022133273     0.0001743134
     2.6703537556     0.0013531853     0.0022531023     0.0001743134
     2.7017696821     0.0013151861     0.0022911015     0.0001743134
     2.7331856086     0.0012791126     0.0023271749     0.0001743134
     2.7646015352     0.0012451073     0.0023611803     0.0001743134
     2.7960174617     0.0012133042     0.0023929833     0.0001743134
     2.8274333882     0.0011838290     0.0024224585     0.0001743134
     2.8588493148     0.0011567980     0.0024494895     0.0001743134
     2.8902652413     0.0011323177     0.0024739698     0.0001743134
     2.9216811678     0.0011104850     0.0024958025     0.0001743134
     2.9530970944     0.0010913858     0.0025149017     0.0001743134
     2.9845130209     0.0010750956     0.0025311919     0.0001743134
     3.0159289474     0.0010616787     0.0025446088     0.0001743134
     3.0473448740     0.0010511880     0.0025550995     0.0001743134
     3.0787608005     0.0010436649     0.0025626225     0.0001743134
     3.1101767271     0.0010391392     0.0025671483     0.0001743134
     3.1415926536     0.0010376286     0.0025686588     0.0001743134
