           1  -1164.48714204650                0
           1  -1164.48714204650                1
 
           2  -901.453391511795                0
           2  -901.453391511795                1
 
           3  -575.056795263374                0
           3  -575.056795263374                1
 
           4  -185.297353301236                0
           4  -185.297353301236                1
 
           5   267.824934374620                0
           5   267.824934374620                1
 
           6   784.310067764194                0
           6   784.310067764194                1
 
