           1  -1156.25966407829                0
           1  -1156.25966407829                1
 
           2  -894.059217057581                0
           2  -894.059217057581                1
 
           3  -569.263951721057                0
           3  -569.263951721057                1
 
           4  -181.873868068719                0
           4  -181.873868068719                1
 
           5   268.111033899434                0
           5   268.111033899434                1
 
           6   780.690754183402                0
           6   780.690754183402                1
 
