        0.00000    -1251.35714     -884.86534     -564.29215     -205.91432      195.22817      663.51226
        1.00000    -1251.32363     -884.83744     -564.27003     -205.89885      195.23568      663.50907
        2.00000    -1251.26234     -884.78643     -564.22960     -205.87058      195.24941      663.50323
        3.00000    -1251.18298     -884.72036     -564.17724     -205.83396      195.26719      663.49566
        4.00000    -1251.08899     -884.64211     -564.11522     -205.79060      195.28824      663.48669
        5.00000    -1250.98236     -884.55335     -564.04488     -205.74141      195.31212      663.47650
        6.00000    -1250.86445     -884.45520     -563.96709     -205.68702      195.33852      663.46523
        7.00000    -1250.73623     -884.34846     -563.88250     -205.62788      195.36722      663.45295
        8.00000    -1250.59847     -884.23379     -563.79162     -205.56434      195.39804      663.43975
        9.00000    -1250.45178     -884.11168     -563.69486     -205.49669      195.43086      663.42568
       10.00000    -1250.29667     -883.98257     -563.59254     -205.42517      195.46554      663.41078
       11.00000    -1250.13356     -883.84680     -563.48495     -205.34996      195.50201      663.39510
       12.00000    -1249.96282     -883.70469     -563.37234     -205.27125      195.54016      663.37866
       13.00000    -1249.78477     -883.55649     -563.25491     -205.18918      195.57994      663.36148
       14.00000    -1249.59969     -883.40244     -563.13285     -205.10387      195.62126      663.34361
       15.00000    -1249.40783     -883.24275     -563.00633     -205.01546      195.66409      663.32505
       16.00000    -1249.20941     -883.07761     -562.87548     -204.92403      195.70836      663.30582
       17.00000    -1249.00463     -882.90718     -562.74045     -204.82969      195.75403      663.28595
       18.00000    -1248.79368     -882.73161     -562.60137     -204.73251      195.80106      663.26545
       19.00000    -1248.57673     -882.55105     -562.45833     -204.63259      195.84940      663.24432
       20.00000    -1248.35392     -882.36563     -562.31144     -204.52998      195.89902      663.22258
       21.00000    -1248.12540     -882.17545     -562.16079     -204.42476      195.94989      663.20025
       22.00000    -1247.89130     -881.98064     -562.00648     -204.31699      196.00198      663.17733
       23.00000    -1247.65173     -881.78129     -561.84857     -204.20672      196.05525      663.15383
       24.00000    -1247.40683     -881.57749     -561.68716     -204.09401      196.10969      663.12976
       25.00000    -1247.15668     -881.36934     -561.52230     -203.97890      196.16526      663.10512
       26.00000    -1246.90139     -881.15692     -561.35407     -203.86145      196.22194      663.07993
       27.00000    -1246.64105     -880.94030     -561.18252     -203.74170      196.27971      663.05419
       28.00000    -1246.37575     -880.71956     -561.00771     -203.61969      196.33855      663.02790
       29.00000    -1246.10556     -880.49477     -560.82971     -203.49546      196.39844      663.00107
       30.00000    -1245.83058     -880.26599     -560.64855     -203.36904      196.45935      662.97370
       31.00000    -1245.55087     -880.03328     -560.46430     -203.24048      196.52128      662.94580
       32.00000    -1245.26649     -879.79670     -560.27699     -203.10980      196.58420      662.91737
       33.00000    -1244.97753     -879.55631     -560.08667     -202.97703      196.64809      662.88842
       34.00000    -1244.68404     -879.31216     -559.89338     -202.84221      196.71295      662.85895
       35.00000    -1244.38607     -879.06430     -559.69717     -202.70536      196.77875      662.82896
       36.00000    -1244.08369     -878.81277     -559.49807     -202.56652      196.84549      662.79845
       37.00000    -1243.77696     -878.55763     -559.29612     -202.42570      196.91314      662.76743
       38.00000    -1243.46592     -878.29892     -559.09135     -202.28294      196.98169      662.73590
       39.00000    -1243.15062     -878.03667     -558.88379     -202.13825      197.05114      662.70386
       40.00000    -1242.83111     -877.77093     -558.67349     -201.99167      197.12146      662.67131
       41.00000    -1242.50743     -877.50174     -558.46046     -201.84321      197.19265      662.63826
       42.00000    -1242.17964     -877.22913     -558.24475     -201.69289      197.26469      662.60470
       43.00000    -1241.84777     -876.95314     -558.02637     -201.54074      197.33758      662.57063
       44.00000    -1241.51186     -876.67381     -557.80535     -201.38677      197.41131      662.53606
       45.00000    -1241.17195     -876.39115     -557.58173     -201.23100      197.48585      662.50099
       46.00000    -1240.82807     -876.10522     -557.35552     -201.07346      197.56121      662.46542
       47.00000    -1240.48027     -875.81603     -557.12675     -200.91415      197.63737      662.42935
       48.00000    -1240.12858     -875.52361     -556.89544     -200.75310      197.71432      662.39277
       49.00000    -1239.77303     -875.22800     -556.66162     -200.59033      197.79206      662.35570
       50.00000    -1239.41366     -874.92922     -556.42531     -200.42584      197.87057      662.31812
       51.00000    -1239.05048     -874.62729     -556.18653     -200.25965      197.94985      662.28004
       52.00000    -1238.68354     -874.32224     -555.94529     -200.09179      198.02989      662.24146
       53.00000    -1238.31286     -874.01410     -555.70163     -199.92226      198.11068      662.20238
       54.00000    -1237.93847     -873.70289     -555.45555     -199.75108      198.19221      662.16280
       55.00000    -1237.56040     -873.38863     -555.20708     -199.57825      198.27447      662.12272
       56.00000    -1237.17867     -873.07135     -554.95624     -199.40381      198.35746      662.08213
       57.00000    -1236.79331     -872.75106     -554.70303     -199.22775      198.44116      662.04104
       58.00000    -1236.40434     -872.42778     -554.44749     -199.05008      198.52558      661.99945
       59.00000    -1236.01178     -872.10154     -554.18962     -198.87083      198.61070      661.95735
       60.00000    -1235.61567     -871.77235     -553.92944     -198.69001      198.69652      661.91474
       61.00000    -1235.21601     -871.44024     -553.66696     -198.50762      198.78303      661.87163
       62.00000    -1234.81283     -871.10522     -553.40221     -198.32367      198.87023      661.82801
       63.00000    -1234.40616     -870.76730     -553.13519     -198.13818      198.95810      661.78388
       64.00000    -1233.99600     -870.42651     -552.86591     -197.95116      199.04664      661.73924
       65.00000    -1233.58239     -870.08287     -552.59440     -197.76261      199.13584      661.69409
       66.00000    -1233.16534     -869.73638     -552.32067     -197.57256      199.22571      661.64842
       67.00000    -1232.74486     -869.38706     -552.04472     -197.38099      199.31623      661.60224
       68.00000    -1232.32098     -869.03493     -551.76658     -197.18794      199.40739      661.55555
       69.00000    -1231.89371     -868.68001     -551.48624     -196.99340      199.49919      661.50833
       70.00000    -1231.46308     -868.32230     -551.20373     -196.79738      199.59163      661.46060
       71.00000    -1231.02908     -867.96183     -550.91906     -196.59990      199.68470      661.41235
       72.00000    -1230.59175     -867.59859     -550.63223     -196.40096      199.77839      661.36357
       73.00000    -1230.15109     -867.23262     -550.34326     -196.20057      199.87271      661.31427
       74.00000    -1229.70712     -866.86391     -550.05216     -195.99873      199.96763      661.26444
       75.00000    -1229.25986     -866.49249     -549.75893     -195.79546      200.06316      661.21408
       76.00000    -1228.80931     -866.11836     -549.46359     -195.59077      200.15930      661.16319
       77.00000    -1228.35550     -865.74153     -549.16615     -195.38466      200.25603      661.11177
       78.00000    -1227.89843     -865.36203     -548.86662     -195.17713      200.35336      661.05982
       79.00000    -1227.43812     -864.97985     -548.56501     -194.96820      200.45128      661.00733
       80.00000    -1226.97458     -864.59500     -548.26131     -194.75787      200.54978      660.95429
       81.00000    -1226.50782     -864.20751     -547.95556     -194.54616      200.64885      660.90072
       82.00000    -1226.03785     -863.81737     -547.64774     -194.33305      200.74850      660.84661
       83.00000    -1225.56469     -863.42461     -547.33788     -194.11858      200.84873      660.79194
       84.00000    -1225.08834     -863.02922     -547.02597     -193.90273      200.94951      660.73673
       85.00000    -1224.60881     -862.63121     -546.71203     -193.68551      201.05086      660.68097
       86.00000    -1224.12613     -862.23061     -546.39606     -193.46694      201.15276      660.62466
       87.00000    -1223.64028     -861.82740     -546.07808     -193.24701      201.25521      660.56778
       88.00000    -1223.15130     -861.42161     -545.75808     -193.02574      201.35821      660.51035
       89.00000    -1222.65917     -861.01324     -545.43608     -192.80313      201.46176      660.45236
       90.00000    -1222.16392     -860.60230     -545.11208     -192.57918      201.56584      660.39381
       91.00000    -1221.66556     -860.18880     -544.78608     -192.35390      201.67046      660.33469
       92.00000    -1221.16408     -859.77274     -544.45811     -192.12730      201.77561      660.27500
       93.00000    -1220.65950     -859.35413     -544.12815     -191.89937      201.88128      660.21474
       94.00000    -1220.15183     -858.93298     -543.79623     -191.67014      201.98748      660.15390
       95.00000    -1219.64108     -858.50929     -543.46233     -191.43959      202.09419      660.09248
       96.00000    -1219.12724     -858.08308     -543.12648     -191.20774      202.20142      660.03049
       97.00000    -1218.61034     -857.65434     -542.78867     -190.97459      202.30917      659.96791
       98.00000    -1218.09037     -857.22309     -542.44892     -190.74015      202.41741      659.90474
       99.00000    -1217.56734     -856.78933     -542.10721     -190.50442      202.52617      659.84098
      100.00000    -1217.04126     -856.35307     -541.76357     -190.26740      202.63542      659.77663
      101.00000    -1216.51214     -855.91431     -541.41800     -190.02910      202.74517      659.71169
      102.00000    -1215.97998     -855.47305     -541.07050     -189.78952      202.85540      659.64614
      103.00000    -1215.44479     -855.02931     -540.72107     -189.54867      202.96613      659.57999
      104.00000    -1214.90657     -854.58309     -540.36973     -189.30655      203.07734      659.51324
      105.00000    -1214.36533     -854.13439     -540.01647     -189.06317      203.18904      659.44588
      106.00000    -1213.82108     -853.68322     -539.66130     -188.81853      203.30121      659.37790
      107.00000    -1213.27381     -853.22958     -539.30422     -188.57263      203.41386      659.30931
      108.00000    -1212.72354     -852.77348     -538.94525     -188.32548      203.52697      659.24010
      109.00000    -1212.17026     -852.31492     -538.58437     -188.07708      203.64056      659.17027
      110.00000    -1211.61399     -851.85390     -538.22160     -187.82744      203.75460      659.09981
      111.00000    -1211.05473     -851.39044     -537.85695     -187.57656      203.86911      659.02872
      112.00000    -1210.49248     -850.92453     -537.49040     -187.32443      203.98408      658.95700
      113.00000    -1209.92724     -850.45618     -537.12198     -187.07108      204.09950      658.88464
      114.00000    -1209.35902     -849.98538     -536.75167     -186.81649      204.21537      658.81164
      115.00000    -1208.78783     -849.51216     -536.37949     -186.56067      204.33168      658.73799
      116.00000    -1208.21366     -849.03650     -536.00544     -186.30363      204.44844      658.66370
      117.00000    -1207.63652     -848.55841     -535.62951     -186.04537      204.56564      658.58875
      118.00000    -1207.05642     -848.07790     -535.25173     -185.78589      204.68328      658.51315
      119.00000    -1206.47335     -847.59496     -534.87207     -185.52520      204.80136      658.43690
      120.00000    -1205.88732     -847.10961     -534.49056     -185.26329      204.91986      658.35997
      121.00000    -1205.29833     -846.62184     -534.10719     -185.00018      205.03879      658.28238
      122.00000    -1204.70638     -846.13165     -533.72197     -184.73586      205.15815      658.20412
      123.00000    -1204.11148     -845.63905     -533.33490     -184.47034      205.27792      658.12519
      124.00000    -1203.51363     -845.14404     -532.94597     -184.20361      205.39812      658.04557
      125.00000    -1202.91283     -844.64663     -532.55520     -183.93569      205.51873      657.96527
      126.00000    -1202.30908     -844.14681     -532.16258     -183.66657      205.63975      657.88429
      127.00000    -1201.70238     -843.64458     -531.76812     -183.39626      205.76118      657.80261
      128.00000    -1201.09275     -843.13996     -531.37183     -183.12477      205.88302      657.72023
      129.00000    -1200.48016     -842.63293     -530.97369     -182.85208      206.00526      657.63716
      130.00000    -1199.86464     -842.12351     -530.57371     -182.57821      206.12790      657.55338
      131.00000    -1199.24617     -841.61169     -530.17191     -182.30315      206.25094      657.46889
      132.00000    -1198.62477     -841.09748     -529.76827     -182.02692      206.37437      657.38369
      133.00000    -1198.00043     -840.58087     -529.36280     -181.74951      206.49820      657.29778
      134.00000    -1197.37315     -840.06187     -528.95550     -181.47092      206.62241      657.21114
      135.00000    -1196.74293     -839.54048     -528.54637     -181.19116      206.74700      657.12377
      136.00000    -1196.10978     -839.01670     -528.13542     -180.91022      206.87198      657.03568
      137.00000    -1195.47369     -838.49053     -527.72264     -180.62812      206.99734      656.94684
      138.00000    -1194.83467     -837.96197     -527.30804     -180.34485      207.12307      656.85727
      139.00000    -1194.19271     -837.43102     -526.89161     -180.06042      207.24918      656.76696
      140.00000    -1193.54781     -836.89768     -526.47337     -179.77482      207.37565      656.67589
      141.00000    -1192.89998     -836.36196     -526.05331     -179.48806      207.50250      656.58407
      142.00000    -1192.24921     -835.82386     -525.63143     -179.20014      207.62970      656.49149
      143.00000    -1191.59551     -835.28336     -525.20773     -178.91106      207.75727      656.39815
      144.00000    -1190.93887     -834.74048     -524.78221     -178.62083      207.88520      656.30404
      145.00000    -1190.27930     -834.19522     -524.35488     -178.32945      208.01349      656.20916
      146.00000    -1189.61678     -833.64757     -523.92574     -178.03691      208.14212      656.11350
      147.00000    -1188.95133     -833.09753     -523.49478     -177.74322      208.27111      656.01705
      148.00000    -1188.28294     -832.54511     -523.06201     -177.44838      208.40045      655.91982
      149.00000    -1187.61161     -831.99030     -522.62742     -177.15240      208.53012      655.82180
      150.00000    -1186.93733     -831.43311     -522.19102     -176.85526      208.66015      655.72297
      151.00000    -1186.26012     -830.87353     -521.75281     -176.55699      208.79050      655.62335
      152.00000    -1185.57995     -830.31156     -521.31279     -176.25757      208.92120      655.52291
      153.00000    -1184.89685     -829.74720     -520.87096     -175.95701      209.05223      655.42166
      154.00000    -1184.21079     -829.18046     -520.42731     -175.65531      209.18359      655.31959
      155.00000    -1183.52179     -828.61133     -519.98186     -175.35247      209.31527      655.21670
      156.00000    -1182.82984     -828.03980     -519.53460     -175.04850      209.44728      655.11298
      157.00000    -1182.13493     -827.46589     -519.08552     -174.74338      209.57961      655.00842
      158.00000    -1181.43707     -826.88958     -518.63463     -174.43714      209.71226      654.90302
      159.00000    -1180.73625     -826.31088     -518.18194     -174.12976      209.84523      654.79678
      160.00000    -1180.03247     -825.72978     -517.72743     -173.82124      209.97851      654.68968
      161.00000    -1179.32574     -825.14629     -517.27111     -173.51160      210.11210      654.58173
      162.00000    -1178.61603     -824.56040     -516.81298     -173.20083      210.24599      654.47291
      163.00000    -1177.90336     -823.97212     -516.35304     -172.88892      210.38020      654.36323
      164.00000    -1177.18772     -823.38143     -515.89129     -172.57589      210.51470      654.25267
      165.00000    -1176.46911     -822.78834     -515.42772     -172.26174      210.64950      654.14123
      166.00000    -1175.74753     -822.19285     -514.96235     -171.94645      210.78460      654.02891
      167.00000    -1175.02296     -821.59495     -514.49516     -171.63005      210.91999      653.91569
      168.00000    -1174.29542     -820.99464     -514.02615     -171.31251      211.05568      653.80158
      169.00000    -1173.56489     -820.39193     -513.55533     -170.99386      211.19165      653.68656
      170.00000    -1172.83137     -819.78680     -513.08270     -170.67408      211.32790      653.57064
      171.00000    -1172.09487     -819.17927     -512.60825     -170.35318      211.46444      653.45380
      172.00000    -1171.35536     -818.56931     -512.13198     -170.03117      211.60126      653.33604
      173.00000    -1170.61286     -817.95694     -511.65389     -169.70803      211.73835      653.21735
      174.00000    -1169.86736     -817.34215     -511.17399     -169.38377      211.87572      653.09772
      175.00000    -1169.11885     -816.72493     -510.69226     -169.05839      212.01336      652.97716
      176.00000    -1168.36734     -816.10529     -510.20872     -168.73190      212.15126      652.85565
      177.00000    -1167.61280     -815.48322     -509.72335     -168.40429      212.28943      652.73318
      178.00000    -1166.85525     -814.85872     -509.23616     -168.07556      212.42786      652.60976
      179.00000    -1166.09468     -814.23179     -508.74715     -167.74572      212.56656      652.48537
      180.00000    -1165.33109     -813.60242     -508.25631     -167.41477      212.70550      652.36001
      181.00000    -1164.56446     -812.97061     -507.76364     -167.08269      212.84470      652.23367
      182.00000    -1163.79479     -812.33636     -507.26915     -166.74951      212.98416      652.10635
      183.00000    -1163.02209     -811.69967     -506.77282     -166.41521      213.12386      651.97803
      184.00000    -1162.24634     -811.06053     -506.27467     -166.07980      213.26380      651.84871
      185.00000    -1161.46754     -810.41893     -505.77468     -165.74327      213.40399      651.71839
      186.00000    -1160.68569     -809.77488     -505.27286     -165.40564      213.54441      651.58706
      187.00000    -1159.90077     -809.12837     -504.76920     -165.06689      213.68507      651.45471
      188.00000    -1159.11279     -808.47940     -504.26370     -164.72703      213.82597      651.32133
      189.00000    -1158.32174     -807.82797     -503.75636     -164.38606      213.96709      651.18692
      190.00000    -1157.52762     -807.17406     -503.24718     -164.04398      214.10844      651.05146
      191.00000    -1156.73041     -806.51769     -502.73616     -163.70079      214.25002      650.91496
      192.00000    -1155.93012     -805.85883     -502.22329     -163.35648      214.39182      650.77741
      193.00000    -1155.12673     -805.19750     -501.70858     -163.01107      214.53383      650.63879
      194.00000    -1154.32025     -804.53368     -501.19202     -162.66455      214.67606      650.49910
      195.00000    -1153.51066     -803.86737     -500.67360     -162.31692      214.81851      650.35834
      196.00000    -1152.69796     -803.19857     -500.15333     -161.96818      214.96116      650.21650
      197.00000    -1151.88215     -802.52727     -499.63120     -161.61833      215.10402      650.07356
      198.00000    -1151.06321     -801.85347     -499.10722     -161.26737      215.24708      649.92952
      199.00000    -1150.24115     -801.17717     -498.58137     -160.91531      215.39034      649.78438
      200.00000    -1149.41594     -800.49836     -498.05367     -160.56213      215.53380      649.63812
      201.00000    -1148.58760     -799.81703     -497.52409     -160.20785      215.67746      649.49074
      202.00000    -1147.75611     -799.13318     -496.99265     -159.85245      215.82130      649.34223
      203.00000    -1146.92146     -798.44681     -496.45934     -159.49595      215.96534      649.19258
      204.00000    -1146.08365     -797.75791     -495.92416     -159.13834      216.10955      649.04179
      205.00000    -1145.24267     -797.06647     -495.38710     -158.77962      216.25395      648.88984
      206.00000    -1144.39851     -796.37250     -494.84816     -158.41979      216.39853      648.73674
      207.00000    -1143.55117     -795.67598     -494.30734     -158.05885      216.54328      648.58246
      208.00000    -1142.70064     -794.97692     -493.76463     -157.69680      216.68821      648.42700
      209.00000    -1141.84691     -794.27530     -493.22004     -157.33364      216.83330      648.27036
      210.00000    -1140.98998     -793.57112     -492.67356     -156.96937      216.97856      648.11252
      211.00000    -1140.12983     -792.86438     -492.12518     -156.60400      217.12399      647.95348
      212.00000    -1139.26646     -792.15507     -491.57491     -156.23751      217.26957      647.79323
      213.00000    -1138.39986     -791.44318     -491.02274     -155.86991      217.41531      647.63176
      214.00000    -1137.53002     -790.72871     -490.46867     -155.50120      217.56120      647.46906
      215.00000    -1136.65694     -790.01165     -489.91269     -155.13139      217.70724      647.30512
      216.00000    -1135.78061     -789.29200     -489.35480     -154.76046      217.85343      647.13994
      217.00000    -1134.90101     -788.56976     -488.79500     -154.38841      217.99976      646.97350
      218.00000    -1134.01814     -787.84491     -488.23329     -154.01526      218.14623      646.80580
      219.00000    -1133.13200     -787.11744     -487.66966     -153.64100      218.29284      646.63682
      220.00000    -1132.24256     -786.38736     -487.10410     -153.26562      218.43958      646.46656
      221.00000    -1131.34983     -785.65466     -486.53662     -152.88913      218.58645      646.29501
      222.00000    -1130.45380     -784.91933     -485.96720     -152.51152      218.73345      646.12217
      223.00000    -1129.55445     -784.18136     -485.39586     -152.13280      218.88057      645.94801
      224.00000    -1128.65178     -783.44075     -484.82257     -151.75297      219.02781      645.77253
      225.00000    -1127.74577     -782.69750     -484.24735     -151.37202      219.17516      645.59572
      226.00000    -1126.83643     -781.95158     -483.67018     -150.98996      219.32263      645.41758
      227.00000    -1125.92373     -781.20301     -483.09106     -150.60678      219.47020      645.23809
      228.00000    -1125.00767     -780.45176     -482.50999     -150.22248      219.61789      645.05724
      229.00000    -1124.08824     -779.69784     -481.92696     -149.83707      219.76567      644.87502
      230.00000    -1123.16543     -778.94124     -481.34198     -149.45054      219.91355      644.69142
      231.00000    -1122.23922     -778.18194     -480.75502     -149.06289      220.06153      644.50644
      232.00000    -1121.30962     -777.41995     -480.16610     -148.67412      220.20959      644.32006
      233.00000    -1120.37661     -776.65526     -479.57520     -148.28423      220.35775      644.13228
      234.00000    -1119.44017     -775.88785     -478.98233     -147.89322      220.50599      643.94307
      235.00000    -1118.50030     -775.11772     -478.38747     -147.50109      220.65430      643.75244
      236.00000    -1117.55699     -774.34486     -477.79062     -147.10784      220.80270      643.56037
      237.00000    -1116.61022     -773.56927     -477.19179     -146.71346      220.95117      643.36685
      238.00000    -1115.65999     -772.79094     -476.59096     -146.31796      221.09970      643.17187
      239.00000    -1114.70629     -772.00985     -475.98812     -145.92134      221.24830      642.97542
      240.00000    -1113.74910     -771.22601     -475.38328     -145.52359      221.39696      642.77749
      241.00000    -1112.78841     -770.43940     -474.77644     -145.12471      221.54568      642.57807
      242.00000    -1111.82421     -769.65001     -474.16757     -144.72471      221.69445      642.37715
      243.00000    -1110.85649     -768.85784     -473.55669     -144.32358      221.84328      642.17471
      244.00000    -1109.88523     -768.06288     -472.94378     -143.92132      221.99214      641.97074
      245.00000    -1108.91044     -767.26512     -472.32884     -143.51793      222.14105      641.76524
      246.00000    -1107.93208     -766.46455     -471.71187     -143.11341      222.29000      641.55819
      247.00000    -1106.95016     -765.66116     -471.09285     -142.70776      222.43898      641.34959
      248.00000    -1105.96465     -764.85495     -470.47179     -142.30097      222.58799      641.13941
      249.00000    -1104.97555     -764.04590     -469.84868     -141.89305      222.73702      640.92764
      250.00000    -1103.98285     -763.23400     -469.22351     -141.48400      222.88608      640.71429
      251.00000    -1102.98653     -762.41925     -468.59628     -141.07381      223.03515      640.49932
      252.00000    -1101.98657     -761.60164     -467.96699     -140.66248      223.18423      640.28274
      253.00000    -1100.98297     -760.78116     -467.33562     -140.25002      223.33333      640.06453
      254.00000    -1099.97571     -759.95779     -466.70217     -139.83641      223.48242      639.84467
      255.00000    -1098.96478     -759.13153     -466.06664     -139.42167      223.63152      639.62316
      256.00000    -1097.95016     -758.30237     -465.42902     -139.00578      223.78061      639.39998
      257.00000    -1096.93185     -757.47030     -464.78930     -138.58875      223.92970      639.17512
      258.00000    -1095.90982     -756.63531     -464.14748     -138.17057      224.07877      638.94857
      259.00000    -1094.88407     -755.79739     -463.50355     -137.75125      224.22782      638.72031
      260.00000    -1093.85458     -754.95653     -462.85751     -137.33078      224.37686      638.49033
      261.00000    -1092.82133     -754.11271     -462.20934     -136.90917      224.52586      638.25862
      262.00000    -1091.78431     -753.26593     -461.55905     -136.48640      224.67483      638.02516
      263.00000    -1090.74351     -752.41618     -460.90663     -136.06249      224.82377      637.78995
      264.00000    -1089.69891     -751.56345     -460.25207     -135.63742      224.97267      637.55296
      265.00000    -1088.65050     -750.70772     -459.59536     -135.21120      225.12152      637.31419
      266.00000    -1087.59826     -749.84899     -458.93650     -134.78382      225.27032      637.07362
      267.00000    -1086.54217     -748.98724     -458.27548     -134.35529      225.41907      636.83123
      268.00000    -1085.48222     -748.12247     -457.61230     -133.92560      225.56776      636.58702
      269.00000    -1084.41840     -747.25465     -456.94694     -133.49474      225.71638      636.34096
      270.00000    -1083.35069     -746.38379     -456.27940     -133.06273      225.86493      636.09305
      271.00000    -1082.27907     -745.50986     -455.60968     -132.62956      226.01341      635.84327
      272.00000    -1081.20353     -744.63286     -454.93776     -132.19522      226.16181      635.59160
      273.00000    -1080.12404     -743.75278     -454.26365     -131.75972      226.31013      635.33804
      274.00000    -1079.04061     -742.86960     -453.58732     -131.32304      226.45836      635.08256
      275.00000    -1077.95319     -741.98331     -452.90878     -130.88520      226.60649      634.82515
      276.00000    -1076.86179     -741.09390     -452.22802     -130.44619      226.75452      634.56579
      277.00000    -1075.76638     -740.20135     -451.54503     -130.00601      226.90245      634.30448
      278.00000    -1074.66695     -739.30566     -450.85980     -129.56465      227.05026      634.04119
      279.00000    -1073.56347     -738.40681     -450.17233     -129.12212      227.19797      633.77591
      280.00000    -1072.45594     -737.50479     -449.48260     -128.67841      227.34555      633.50863
      281.00000    -1071.34432     -736.59958     -448.79061     -128.23352      227.49300      633.23932
      282.00000    -1070.22861     -735.69117     -448.09636     -127.78745      227.64032      632.96797
      283.00000    -1069.10879     -734.77956     -447.39982     -127.34020      227.78750      632.69457
      284.00000    -1067.98483     -733.86472     -446.70101     -126.89176      227.93454      632.41910
      285.00000    -1066.85673     -732.94664     -445.99990     -126.44214      228.08144      632.14154
      286.00000    -1065.72445     -732.02531     -445.29648     -125.99133      228.22817      631.86187
      287.00000    -1064.58798     -731.10071     -444.59076     -125.53932      228.37475      631.58009
      288.00000    -1063.44730     -730.17283     -443.88273     -125.08613      228.52116      631.29616
      289.00000    -1062.30240     -729.24166     -443.17236     -124.63174      228.66740      631.01008
      290.00000    -1061.15324     -728.30719     -442.45966     -124.17615      228.81346      630.72183
      291.00000    -1059.99982     -727.36938     -441.74462     -123.71937      228.95933      630.43139
      292.00000    -1058.84211     -726.42824     -441.02722     -123.26139      229.10501      630.13873
      293.00000    -1057.68009     -725.48375     -440.30746     -122.80220      229.25050      629.84386
      294.00000    -1056.51373     -724.53589     -439.58533     -122.34181      229.39579      629.54673
      295.00000    -1055.34303     -723.58465     -438.86082     -121.88022      229.54086      629.24735
      296.00000    -1054.16795     -722.63001     -438.13392     -121.41741      229.68572      628.94568
      297.00000    -1052.98848     -721.67196     -437.40462     -120.95340      229.83036      628.64172
      298.00000    -1051.80459     -720.71048     -436.67292     -120.48817      229.97477      628.33543
      299.00000    -1050.61627     -719.74555     -435.93879     -120.02172      230.11895      628.02681
      300.00000    -1049.42348     -718.77716     -435.20224     -119.55406      230.26288      627.71582
      301.00000    -1048.22621     -717.80529     -434.46325     -119.08518      230.40657      627.40247
      302.00000    -1047.02444     -716.82993     -433.72181     -118.61508      230.55000      627.08671
      303.00000    -1045.81813     -715.85106     -432.97792     -118.14375      230.69316      626.76854
      304.00000    -1044.60728     -714.86866     -432.23156     -117.67120      230.83606      626.44793
      305.00000    -1043.39185     -713.88271     -431.48271     -117.19741      230.97868      626.12486
      306.00000    -1042.17182     -712.89321     -430.73139     -116.72240      231.12102      625.79932
      307.00000    -1040.94716     -711.90012     -429.97756     -116.24615      231.26307      625.47127
      308.00000    -1039.71786     -710.90344     -429.22122     -115.76867      231.40482      625.14071
      309.00000    -1038.48388     -709.90314     -428.46236     -115.28995      231.54627      624.80760
      310.00000    -1037.24521     -708.89921     -427.70097     -114.80998      231.68740      624.47194
      311.00000    -1036.00181     -707.89162     -426.93704     -114.32877      231.82821      624.13368
      312.00000    -1034.75366     -706.88037     -426.17056     -113.84632      231.96869      623.79283
      313.00000    -1033.50074     -705.86543     -425.40151     -113.36261      232.10884      623.44934
      314.00000    -1032.24302     -704.84678     -424.62988     -112.87766      232.24865      623.10320
      315.00000    -1030.98047     -703.82440     -423.85566     -112.39145      232.38810      622.75438
      316.00000    -1029.71306     -702.79828     -423.07885     -111.90398      232.52720      622.40287
      317.00000    -1028.44077     -701.76839     -422.29942     -111.41526      232.66592      622.04864
      318.00000    -1027.16357     -700.73471     -421.51737     -110.92527      232.80428      621.69167
      319.00000    -1025.88144     -699.69723     -420.73269     -110.43402      232.94224      621.33192
      320.00000    -1024.59434     -698.65592     -419.94536     -109.94150      233.07982      620.96938
      321.00000    -1023.30224     -697.61077     -419.15536     -109.44770      233.21699      620.60403
      322.00000    -1022.00513     -696.56175     -418.36270     -108.95264      233.35376      620.23584
      323.00000    -1020.70296     -695.50884     -417.56735     -108.45630      233.49010      619.86478
      324.00000    -1019.39571     -694.45201     -416.76930     -107.95867      233.62602      619.49082
      325.00000    -1018.08334     -693.39126     -415.96854     -107.45977      233.76151      619.11396
      326.00000    -1016.76584     -692.32655     -415.16505     -106.95958      233.89654      618.73414
      327.00000    -1015.44316     -691.25787     -414.35883     -106.45810      234.03113      618.35136
      328.00000    -1014.11528     -690.18519     -413.54985     -105.95534      234.16525      617.96559
      329.00000    -1012.78216     -689.10849     -412.73811     -105.45127      234.29889      617.57679
      330.00000    -1011.44377     -688.02774     -411.92359     -104.94591      234.43206      617.18494
      331.00000    -1010.10009     -686.94293     -411.10628     -104.43925      234.56473      616.79001
      332.00000    -1008.75107     -685.85402     -410.28616     -103.93129      234.69690      616.39198
      333.00000    -1007.39669     -684.76100     -409.46322     -103.42201      234.82856      615.99082
      334.00000    -1006.03691     -683.66384     -408.63744     -102.91143      234.95969      615.58649
      335.00000    -1004.67169     -682.56252     -407.80881     -102.39954      235.09030      615.17898
      336.00000    -1003.30101     -681.45701     -406.97732     -101.88632      235.22036      614.76824
      337.00000    -1001.92483     -680.34729     -406.14295     -101.37179      235.34987      614.35426
      338.00000    -1000.54311     -679.23333     -405.30568     -100.85593      235.47881      613.93700
      339.00000     -999.15581     -678.11510     -404.46550     -100.33875      235.60718      613.51643
      340.00000     -997.76291     -676.99259     -403.62239      -99.82024      235.73497      613.09252
      341.00000     -996.36436     -675.86575     -402.77634      -99.30039      235.86216      612.66524
      342.00000     -994.96013     -674.73458     -401.92733      -98.77921      235.98874      612.23456
      343.00000     -993.55018     -673.59903     -401.07535      -98.25668      236.11470      611.80044
      344.00000     -992.13447     -672.45909     -400.22037      -97.73281      236.24003      611.36286
      345.00000     -990.71297     -671.31472     -399.36239      -97.20760      236.36472      610.92178
      346.00000     -989.28563     -670.16589     -398.50139      -96.68103      236.48876      610.47717
      347.00000     -987.85241     -669.01259     -397.63734      -96.15310      236.61213      610.02899
      348.00000     -986.41327     -667.85477     -396.77023      -95.62382      236.73482      609.57721
      349.00000     -984.96818     -666.69241     -395.90005      -95.09317      236.85682      609.12180
      350.00000     -983.51710     -665.52549     -395.02677      -94.56116      236.97812      608.66273
      351.00000     -982.05997     -664.35396     -394.15038      -94.02778      237.09870      608.19994
      352.00000     -980.59676     -663.17780     -393.27086      -93.49302      237.21856      607.73342
      353.00000     -979.12743     -661.99699     -392.38819      -92.95689      237.33767      607.26313
      354.00000     -977.65193     -660.81148     -391.50236      -92.41937      237.45603      606.78902
      355.00000     -976.17021     -659.62124     -390.61334      -91.88047      237.57362      606.31106
      356.00000     -974.68224     -658.42625     -389.72111      -91.34018      237.69042      605.82922
      357.00000     -973.18797     -657.22647     -388.82566      -90.79849      237.80644      605.34345
      358.00000     -971.68735     -656.02187     -387.92696      -90.25541      237.92164      604.85372
      359.00000     -970.18034     -654.81242     -387.02500      -89.71092      238.03602      604.35998
      360.00000     -968.66688     -653.59808     -386.11976      -89.16503      238.14955      603.86221
      361.00000     -967.14694     -652.37881     -385.21121      -88.61772      238.26224      603.36035
      362.00000     -965.62045     -651.15458     -384.29934      -88.06900      238.37406      602.85436
      363.00000     -964.08738     -649.92537     -383.38412      -87.51887      238.48499      602.34421
      364.00000     -962.54768     -648.69112     -382.46553      -86.96731      238.59503      601.82985
      365.00000     -961.00128     -647.45181     -381.54356      -86.41432      238.70415      601.31125
      366.00000     -959.44815     -646.20740     -380.61817      -85.85990      238.81234      600.78835
      367.00000     -957.88822     -644.95784     -379.68935      -85.30404      238.91958      600.26111
      368.00000     -956.32145     -643.70311     -378.75708      -84.74674      239.02586      599.72949
      369.00000     -954.74779     -642.44317     -377.82133      -84.18799      239.13116      599.19345
      370.00000     -953.16717     -641.17797     -376.88207      -83.62780      239.23546      598.65293
      371.00000     -951.57954     -639.90747     -375.93929      -83.06615      239.33875      598.10790
      372.00000     -949.98485     -638.63165     -374.99297      -82.50304      239.44101      597.55829
      373.00000     -948.38304     -637.35045     -374.04307      -81.93846      239.54222      597.00408
      374.00000     -946.77406     -636.06383     -373.08957      -81.37242      239.64237      596.44520
      375.00000     -945.15784     -634.77175     -372.13245      -80.80490      239.74143      595.88162
      376.00000     -943.53432     -633.47418     -371.17169      -80.23591      239.83938      595.31327
      377.00000     -941.90345     -632.17106     -370.20725      -79.66543      239.93621      594.74011
      378.00000     -940.26516     -630.86235     -369.23912      -79.09346      240.03190      594.16209
      379.00000     -938.61939     -629.54801     -368.26726      -78.52000      240.12643      593.57915
      380.00000     -936.96608     -628.22800     -367.29165      -77.94504      240.21977      592.99124
      381.00000     -935.30516     -626.90226     -366.31227      -77.36857      240.31192      592.39831
      382.00000     -933.63657     -625.57076     -365.32908      -76.79060      240.40284      591.80031
      383.00000     -931.96025     -624.23344     -364.34206      -76.21111      240.49252      591.19717
      384.00000     -930.27612     -622.89026     -363.35117      -75.63011      240.58093      590.58884
      385.00000     -928.58411     -621.54116     -362.35640      -75.04758      240.66806      589.97527
      386.00000     -926.88417     -620.18610     -361.35771      -74.46351      240.75388      589.35640
      387.00000     -925.17621     -618.82503     -360.35507      -73.87792      240.83837      588.73216
      388.00000     -923.46017     -617.45790     -359.34846      -73.29078      240.92151      588.10250
      389.00000     -921.73597     -616.08466     -358.33784      -72.70210      241.00327      587.46735
      390.00000     -920.00355     -614.70524     -357.32317      -72.11186      241.08363      586.82666
      391.00000     -918.26282     -613.31961     -356.30444      -71.52007      241.16256      586.18036
      392.00000     -916.51370     -611.92770     -355.28161      -70.92671      241.24005      585.52838
      393.00000     -914.75613     -610.52946     -354.25464      -70.33179      241.31606      584.87067
      394.00000     -912.99003     -609.12484     -353.22351      -69.73529      241.39057      584.20716
      395.00000     -911.21530     -607.71377     -352.18818      -69.13721      241.46356      583.53777
      396.00000     -909.43187     -606.29620     -351.14861      -68.53754      241.53500      582.86244
      397.00000     -907.63967     -604.87208     -350.10478      -67.93629      241.60486      582.18111
      398.00000     -905.83860     -603.44133     -349.05664      -67.33343      241.67311      581.49369
      399.00000     -904.02857     -602.00390     -348.00416      -66.72897      241.73973      580.80012
      400.00000     -902.20951     -600.55974     -346.94731      -66.12290      241.80469      580.10033
      401.00000     -900.38132     -599.10876     -345.88605      -65.51521      241.86796      579.39424
      402.00000     -898.54392     -597.65092     -344.82034      -64.90591      241.92951      578.68178
      403.00000     -896.69720     -596.18615     -343.75015      -64.29497      241.98931      577.96286
      404.00000     -894.84109     -594.71437     -342.67543      -63.68240      242.04733      577.23741
      405.00000     -892.97547     -593.23553     -341.59615      -63.06818      242.10354      576.50536
      406.00000     -891.10027     -591.74955     -340.51226      -62.45232      242.15791      575.76661
      407.00000     -889.21537     -590.25636     -339.42374      -61.83480      242.21040      575.02109
      408.00000     -887.32068     -588.75590     -338.33052      -61.21563      242.26098      574.26871
      409.00000     -885.41609     -587.24809     -337.23258      -60.59478      242.30962      573.50939
      410.00000     -883.50151     -585.73286     -336.12988      -59.97226      242.35628      572.74304
      411.00000     -881.57683     -584.21013     -335.02236      -59.34806      242.40094      571.96956
      412.00000     -879.64193     -582.67983     -333.90998      -58.72218      242.44354      571.18888
      413.00000     -877.69671     -581.14188     -332.79271      -58.09459      242.48406      570.40090
      414.00000     -875.74106     -579.59620     -331.67048      -57.46531      242.52246      569.60552
      415.00000     -873.77486     -578.04270     -330.54327      -56.83432      242.55870      568.80266
      416.00000     -871.79800     -576.48132     -329.41102      -56.20161      242.59274      567.99220
      417.00000     -869.81036     -574.91196     -328.27367      -55.56718      242.62455      567.17405
      418.00000     -867.81182     -573.33453     -327.13119      -54.93102      242.65408      566.34812
      419.00000     -865.80225     -571.74896     -325.98353      -54.29313      242.68129      565.51429
      420.00000     -863.78154     -570.15516     -324.83063      -53.65349      242.70613      564.67247
      421.00000     -861.74955     -568.55303     -323.67244      -53.01209      242.72857      563.82254
      422.00000     -859.70615     -566.94248     -322.50890      -52.36894      242.74857      562.96439
      423.00000     -857.65121     -565.32342     -321.33997      -51.72403      242.76607      562.09792
      424.00000     -855.58459     -563.69575     -320.16560      -51.07734      242.78103      561.22301
      425.00000     -853.50616     -562.05937     -318.98571      -50.42886      242.79340      560.33955
      426.00000     -851.41578     -560.41420     -317.80027      -49.77860      242.80314      559.44740
      427.00000     -849.31330     -558.76011     -316.60920      -49.12654      242.81020      558.54647
      428.00000     -847.19857     -557.09702     -315.41246      -48.47268      242.81452      557.63661
      429.00000     -845.07144     -555.42482     -314.20998      -47.81700      242.81605      556.71770
      430.00000     -842.93176     -553.74339     -313.00169      -47.15951      242.81475      555.78962
      431.00000     -840.77938     -552.05263     -311.78755      -46.50018      242.81055      554.85224
      432.00000     -838.61414     -550.35242     -310.56748      -45.83902      242.80341      553.90541
      433.00000     -836.43586     -548.64266     -309.34141      -45.17602      242.79326      552.94900
      434.00000     -834.24439     -546.92322     -308.10929      -44.51116      242.78005      551.98288
      435.00000     -832.03955     -545.19399     -306.87104      -43.84444      242.76373      551.00689
      436.00000     -829.82117     -543.45483     -305.62660      -43.17585      242.74422      550.02089
      437.00000     -827.58907     -541.70564     -304.37589      -42.50539      242.72146      549.02473
      438.00000     -825.34307     -539.94627     -303.11884      -41.83303      242.69540      548.01826
      439.00000     -823.08298     -538.17660     -301.85538      -41.15879      242.66597      547.00132
      440.00000     -820.80861     -536.39650     -300.58544      -40.48264      242.63310      545.97375
      441.00000     -818.51977     -534.60582     -299.30893      -39.80458      242.59672      544.93538
      442.00000     -816.21626     -532.80444     -298.02578      -39.12460      242.55677      543.88605
      443.00000     -813.89787     -530.99220     -296.73590      -38.44269      242.51316      542.82558
      444.00000     -811.56440     -529.16896     -295.43922      -37.75884      242.46584      541.75380
      445.00000     -809.21562     -527.33457     -294.13566      -37.07305      242.41471      540.67053
      446.00000     -806.85133     -525.48888     -292.82511      -36.38530      242.35971      539.57559
      447.00000     -804.47129     -523.63173     -291.50751      -35.69559      242.30075      538.46877
      448.00000     -802.07528     -521.76296     -290.18275      -35.00391      242.23776      537.34990
      449.00000     -799.66306     -519.88241     -288.85075      -34.31024      242.17064      536.21876
      450.00000     -797.23439     -517.98990     -287.51141      -33.61459      242.09931      535.07517
      451.00000     -794.78902     -516.08527     -286.16464      -32.91693      242.02369      533.91889
      452.00000     -792.32669     -514.16834     -284.81034      -32.21726      241.94367      532.74974
      453.00000     -789.84716     -512.23892     -283.44840      -31.51558      241.85918      531.56747
      454.00000     -787.35014     -510.29683     -282.07872      -30.81187      241.77010      530.37187
      455.00000     -784.83537     -508.34189     -280.70120      -30.10613      241.67635      529.16270
      456.00000     -782.30256     -506.37388     -279.31573      -29.39833      241.57782      527.93973
      457.00000     -779.75143     -504.39262     -277.92219      -28.68849      241.47440      526.70271
      458.00000     -777.18167     -502.39790     -276.52048      -27.97658      241.36599      525.45139
      459.00000     -774.59298     -500.38950     -275.11047      -27.26260      241.25248      524.18552
      460.00000     -771.98506     -498.36720     -273.69204      -26.54653      241.13375      522.90482
      461.00000     -769.35757     -496.33079     -272.26508      -25.82838      241.00968      521.60902
      462.00000     -766.71018     -494.28004     -270.82946      -25.10813      240.88016      520.29785
      463.00000     -764.04256     -492.21470     -269.38503      -24.38576      240.74505      518.97101
      464.00000     -761.35436     -490.13454     -267.93168      -23.66128      240.60422      517.62821
      465.00000     -758.64520     -488.03930     -266.46927      -22.93467      240.45756      516.26914
      466.00000     -755.91473     -485.92873     -264.99765      -22.20592      240.30491      514.89349
      467.00000     -753.16256     -483.80256     -263.51667      -21.47503      240.14613      513.50093
      468.00000     -750.38829     -481.66052     -262.02620      -20.74199      239.98108      512.09112
      469.00000     -747.59152     -479.50234     -260.52607      -20.00678      239.80961      510.66373
      470.00000     -744.77183     -477.32771     -259.01613      -19.26940      239.63156      509.21839
      471.00000     -741.92878     -475.13636     -257.49622      -18.52984      239.44677      507.75475
      472.00000     -739.06195     -472.92795     -255.96617      -17.78809      239.25508      506.27242
      473.00000     -736.17085     -470.70219     -254.42580      -17.04415      239.05630      504.77101
      474.00000     -733.25503     -468.45874     -252.87495      -16.29800      238.85026      503.25012
      475.00000     -730.31399     -466.19727     -251.31342      -15.54964      238.63678      501.70933
      476.00000     -727.34722     -463.91743     -249.74103      -14.79905      238.41566      500.14821
      477.00000     -724.35420     -461.61885     -248.15758      -14.04624      238.18671      498.56632
      478.00000     -721.33439     -459.30118     -246.56288      -13.29120      237.94972      496.96319
      479.00000     -718.28724     -456.96401     -244.95671      -12.53391      237.70447      495.33835
      480.00000     -715.21215     -454.60696     -243.33886      -11.77438      237.45075      493.69131
      481.00000     -712.10854     -452.22962     -241.70912      -11.01259      237.18832      492.02155
      482.00000     -708.97578     -449.83155     -240.06724      -10.24854      236.91695      490.32854
      483.00000     -705.81324     -447.41232     -238.41300       -9.48222      236.63640      488.61174
      484.00000     -702.62023     -444.97148     -236.74616       -8.71364      236.34639      486.87057
      485.00000     -699.39607     -442.50854     -235.06645       -7.94277      236.04666      485.10445
      486.00000     -696.14004     -440.02301     -233.37361       -7.16963      235.73695      483.31276
      487.00000     -692.85140     -437.51440     -231.66739       -6.39421      235.41694      481.49486
      488.00000     -689.52937     -434.98216     -229.94748       -5.61650      235.08635      479.65009
      489.00000     -686.17315     -432.42575     -228.21360       -4.83650      234.74486      477.77776
      490.00000     -682.78190     -429.84459     -226.46545       -4.05421      234.39214      475.87715
      491.00000     -679.35474     -427.23810     -224.70271       -3.26964      234.02785      473.94752
      492.00000     -675.89076     -424.60565     -222.92506       -2.48277      233.65162      471.98808
      493.00000     -672.38903     -421.94659     -221.13215       -1.69362      233.26310      469.99803
      494.00000     -668.84855     -419.26027     -219.32363       -0.90219      232.86188      467.97651
      495.00000     -665.26830     -416.54597     -217.49914       -0.10848      232.44755      465.92265
      496.00000     -661.64720     -413.80297     -215.65828        0.68751      232.01969      463.83551
      497.00000     -657.98411     -411.03050     -213.80066        1.48576      231.57786      461.71413
      498.00000     -654.27788     -408.22777     -211.92586        2.28627      231.12157      459.55750
      499.00000     -650.52727     -405.39394     -210.03344        3.08903      230.65034      457.36457
      500.00000     -646.73099     -402.52814     -208.12296        3.89402      230.16365      455.13421
      501.00000     -642.88768     -399.62945     -206.19393        4.70124      229.66095      452.86527
      502.00000     -638.99594     -396.69692     -204.24585        5.51066      229.14168      450.55653
      503.00000     -635.05428     -393.72955     -202.27821        6.32226      228.60522      448.20669
      504.00000     -631.06112     -390.72626     -200.29046        7.13602      228.05094      445.81441
      505.00000     -627.01483     -387.68597     -198.28202        7.95192      227.47817      443.37826
      506.00000     -622.91367     -384.60749     -196.25229        8.76992      226.88620      440.89676
      507.00000     -618.75581     -381.48960     -194.20064        9.59000      226.27428      438.36830
      508.00000     -614.53933     -378.33099     -192.12640       10.41212      225.64162      435.79123
      509.00000     -610.26218     -375.13030     -190.02887       11.23622      224.98738      433.16377
      510.00000     -605.92222     -371.88608     -187.90730       12.06228      224.31066      430.48406
      511.00000     -601.51715     -368.59680     -185.76093       12.89022      223.61052      427.75011
      512.00000     -597.04456     -365.26084     -183.58891       13.72000      222.88595      424.95982
      513.00000     -592.50188     -361.87646     -181.39038       14.55155      222.13587      422.11095
      514.00000     -587.88637     -358.44185     -179.16441       15.38478      221.35915      419.20113
      515.00000     -583.19511     -354.95505     -176.91000       16.21963      220.55456      416.22781
      516.00000     -578.42502     -351.41399     -174.62613       17.05599      219.72078      413.18828
      517.00000     -573.57275     -347.81645     -172.31167       17.89376      218.85642      410.07966
      518.00000     -568.63477     -344.16007     -169.96542       18.73282      217.95998      406.89883
      519.00000     -563.60727     -340.44231     -167.58614       19.57304      217.02982      403.64247
      520.00000     -558.48616     -336.66046     -165.17244       20.41427      216.06421      400.30699
      521.00000     -553.26703     -332.81158     -162.72289       21.25635      215.06125      396.88854
      522.00000     -547.94515     -328.89252     -160.23591       22.09909      214.01892      393.38297
      523.00000     -542.51537     -324.89989     -157.70981       22.94229      212.93499      389.78575
      524.00000     -536.97215     -320.83000     -155.14279       23.78570      211.80707      386.09200
      525.00000     -531.30943     -316.67885     -152.53286       24.62907      210.63252      382.29641
      526.00000     -525.52066     -312.44211     -149.87791       25.47208      209.40848      378.39318
      527.00000     -519.59863     -308.11502     -147.17560       26.31441      208.13181      374.37598
      528.00000     -513.53549     -303.69240     -144.42340       27.15566      206.79905      370.23785
      529.00000     -507.32257     -299.16855     -141.61855       27.99539      205.40639      365.97113
      530.00000     -500.95035     -294.53721     -138.75800       28.83311      203.94959      361.56737
      531.00000     -494.40823     -289.79142     -135.83840       29.66822      202.42398      357.01721
      532.00000     -487.68449     -284.92350     -132.85605       30.50007      200.82430      352.31021
      533.00000     -480.76600     -279.92484     -129.80682       31.32790      199.14467      347.43469
      534.00000     -473.63803     -274.78582     -126.68611       32.15080      197.37848      342.37754
      535.00000     -466.28397     -269.49560     -123.48877       32.96773      195.51820      337.12394
      536.00000     -458.68497     -264.04189     -120.20898       33.77749      193.55530      331.65704
      537.00000     -450.81950     -258.41070     -116.84012       34.57861      191.47994      325.95757
      538.00000     -442.66283     -252.58594     -113.37465       35.36939      189.28078      320.00335
      539.00000     -434.18624     -246.54901     -109.80386       36.14777      186.94463      313.76858
      540.00000     -425.35621     -240.27820     -106.11766       36.91126      184.45594      307.22309
      541.00000     -416.13312     -233.74794     -102.30421       37.65683      181.79630      300.33114
      542.00000     -406.46967     -226.92774      -98.34946       38.38071      178.94356      293.04999
      543.00000     -396.30865     -219.78079      -94.23657       39.07820      175.87083      285.32780
      544.00000     -385.57984     -212.26203      -89.94503       39.74333      172.54484      277.10082
      545.00000     -374.19548     -204.31529      -85.44944       40.36836      168.92383      268.28917
      546.00000     -362.04374     -195.86915      -80.71774       40.94303      164.95414      258.79076
      547.00000     -348.97837     -186.83047      -75.70842       41.45346      160.56519      248.47174
      548.00000     -334.80231     -177.07415      -70.36618       41.88017      155.66110      237.15117
      549.00000     -319.23955     -166.42551      -64.61448       42.19476      150.10649      224.57474
      550.00000     -301.88358     -154.62821      -58.34215       42.35354      143.70023      210.36654
      551.00000     -282.09352     -141.27977      -51.37658       42.28445      136.12203      193.93137
      552.00000     -258.75406     -125.68307      -43.42283       41.85557      126.80823      174.22836
      553.00000     -229.59357     -106.42642      -33.89329       40.78236      114.59520      149.12498
      554.00000     -188.34952      -79.64856      -21.21640       38.22233       96.21795      112.69621
      555.00000      -33.98335      -33.98335       15.66330       15.66330       17.15601       17.15601
