           1  -1411.69653600046                0
           1  -1411.69653600046                1
 
           2  -1042.67660731456                0
           2  -1042.67660731456                1
 
           3  -678.036459565523                0
           3  -678.036459565523                1
 
           4  -231.903491689721                0
           4  -231.903491689721                1
 
           5   280.414092496601                0
           5   280.414092496601                1
 
           6   847.767555626468                0
           6   847.767555626468                1
 
