     0.0000000000     0.0000628952     0.0020039810     0.0001121630
     0.0314159265     0.0000648104     0.0020020659     0.0001121630
     0.0628318531     0.0000705483     0.0019963281     0.0001121630
     0.0314159265     0.0000648104     0.0020020659     0.0001121630
     0.1256637061     0.0000933868     0.0019734898     0.0001121630
     0.1570796327     0.0001103973     0.0019564796     0.0001121630
     0.1884955592     0.0001310506     0.0019358265     0.0001121630
     0.2199114858     0.0001552652     0.0019116122     0.0001121630
     0.2513274123     0.0001829456     0.0018839321     0.0001121630
     0.2827433388     0.0002139826     0.0018528955     0.0001121630
     0.3141592654     0.0002482535     0.0018186249     0.0001121630
     0.3455751919     0.0002856232     0.0017812556     0.0001121631
     0.3769911184     0.0003259443     0.0017409349     0.0001121631
     0.4084070450     0.0003690575     0.0016978221     0.0001121631
     0.4398229715     0.0004147927     0.0016520873     0.0001121631
     0.4712388980     0.0004629694     0.0016039110     0.0001121631
     0.5026548246     0.0005133975     0.0015534832     0.0001121631
     0.5340707511     0.0005658779     0.0015010031     0.0001121631
     0.5654866776     0.0006202036     0.0014466777     0.0001121632
     0.5969026042     0.0006761602     0.0013907215     0.0001121632
     0.6283185307     0.0007335267     0.0013333552     0.0001121632
     0.6597344573     0.0007920769     0.0012748053     0.0001121632
     0.6911503838     0.0008515795     0.0012153027     0.0001121632
     0.7225663103     0.0009117999     0.0011550825     0.0001121632
     0.7539822369     0.0009725003     0.0010943821     0.0001121632
     0.7853981634     0.0010334412     0.0010334412     0.0001121632
     0.8168140899     0.0010943821     0.0009725003     0.0001121632
     0.8482300165     0.0011550825     0.0009117999     0.0001121632
     0.8796459430     0.0012153027     0.0008515795     0.0001121632
     0.9110618695     0.0012748053     0.0007920769     0.0001121632
     0.9424777961     0.0013333552     0.0007335267     0.0001121632
     0.9738937226     0.0013907215     0.0006761602     0.0001121632
     1.0053096491     0.0014466777     0.0006202036     0.0001121632
     1.0367255757     0.0015010031     0.0005658779     0.0001121631
     1.0681415022     0.0015534832     0.0005133975     0.0001121631
     1.0995574288     0.0016039110     0.0004629694     0.0001121631
     1.1309733553     0.0016520873     0.0004147927     0.0001121631
     1.1623892818     0.0016978221     0.0003690575     0.0001121631
     1.1938052084     0.0017409349     0.0003259443     0.0001121631
     1.2252211349     0.0017812556     0.0002856232     0.0001121631
     1.2566370614     0.0018186249     0.0002482535     0.0001121630
     1.2880529880     0.0018528955     0.0002139826     0.0001121630
     1.3194689145     0.0018839321     0.0001829456     0.0001121630
     1.3508848410     0.0019116122     0.0001552652     0.0001121630
     1.3823007676     0.0019358265     0.0001310506     0.0001121630
     1.4137166941     0.0019564796     0.0001103973     0.0001121630
     1.4451326207     0.0019734898     0.0000933868     0.0001121630
     1.4765485472     0.0019867902     0.0000800863     0.0001121630
     1.5079644737     0.0019963281     0.0000705483     0.0001121630
     1.5393804003     0.0020020659     0.0000648104     0.0001121630
     1.5707963268     0.0020039810     0.0000628952     0.0001121630
     1.6022122533     0.0020020659     0.0000648104     0.0001121630
     1.6336281799     0.0019963281     0.0000705483     0.0001121630
     1.6650441064     0.0019867902     0.0000800863     0.0001121630
     1.6964600329     0.0019734898     0.0000933868     0.0001121630
     1.7278759595     0.0019564796     0.0001103973     0.0001121630
     1.7592918860     0.0019358265     0.0001310506     0.0001121630
     1.7907078125     0.0019116122     0.0001552652     0.0001121630
     1.8221237391     0.0018839321     0.0001829456     0.0001121630
     1.8535396656     0.0018528955     0.0002139826     0.0001121630
     1.8849555922     0.0018186249     0.0002482535     0.0001121630
     1.9163715187     0.0017812556     0.0002856232     0.0001121631
     1.9477874452     0.0017409349     0.0003259443     0.0001121631
     1.9792033718     0.0016978221     0.0003690575     0.0001121631
     2.0106192983     0.0016520873     0.0004147927     0.0001121631
     2.0420352248     0.0016039110     0.0004629694     0.0001121631
     2.0734511514     0.0015534832     0.0005133975     0.0001121631
     2.1048670779     0.0015010031     0.0005658779     0.0001121631
     2.1362830044     0.0014466777     0.0006202036     0.0001121632
     2.1676989310     0.0013907215     0.0006761602     0.0001121632
     2.1991148575     0.0013333552     0.0007335267     0.0001121632
     2.2305307840     0.0012748053     0.0007920769     0.0001121632
     2.2619467106     0.0012153027     0.0008515795     0.0001121632
     2.2933626371     0.0011550825     0.0009117999     0.0001121632
     2.3247785637     0.0010943821     0.0009725003     0.0001121632
     2.3561944902     0.0010334412     0.0010334412     0.0001121632
     2.3876104167     0.0009725003     0.0010943821     0.0001121632
     2.4190263433     0.0009117999     0.0011550825     0.0001121632
     2.4504422698     0.0008515795     0.0012153027     0.0001121632
     2.4818581963     0.0007920769     0.0012748053     0.0001121632
     2.5132741229     0.0007335267     0.0013333552     0.0001121632
     2.5446900494     0.0006761602     0.0013907215     0.0001121632
     2.5761059759     0.0006202036     0.0014466777     0.0001121632
     2.6075219025     0.0005658779     0.0015010031     0.0001121631
     2.6389378290     0.0005133975     0.0015534832     0.0001121631
     2.6703537556     0.0004629694     0.0016039110     0.0001121631
     2.7017696821     0.0004147927     0.0016520873     0.0001121631
     2.7331856086     0.0003690575     0.0016978221     0.0001121631
     2.7646015352     0.0003259443     0.0017409349     0.0001121631
     2.7960174617     0.0002856232     0.0017812556     0.0001121631
     2.8274333882     0.0002482535     0.0018186249     0.0001121630
     2.8588493148     0.0002139826     0.0018528955     0.0001121630
     2.8902652413     0.0001829456     0.0018839321     0.0001121630
     2.9216811678     0.0001552652     0.0019116122     0.0001121630
     2.9530970944     0.0001310506     0.0019358265     0.0001121630
     2.9845130209     0.0001103973     0.0019564796     0.0001121630
     3.0159289474     0.0000933868     0.0019734898     0.0001121630
     3.0473448740     0.0000800863     0.0019867902     0.0001121630
     3.0787608005     0.0000705483     0.0019963281     0.0001121630
     3.1101767271     0.0000648104     0.0020020659     0.0001121630
     3.1415926536     0.0000628952     0.0020039810     0.0001121630
