           1  -1040.12719404367                0
           1  -1040.12719404367                1
 
           2  -734.869581980895                0
           2  -734.869581980895                1
 
           3  -481.365558945879                0
           3  -481.365558945879                1
 
           4  -172.224202187215                0
           4  -172.224202187215                1
 
           5   200.198091498880                0
           5   200.198091498880                1
 
           6   646.258290632859                0
           6   646.258290632859                1
 
           7   1026.00685807345                0
           7   1026.00685807345                1
 
           8   1145.02335072405                0
           8   1145.02335072405                1
 
           9   1261.64725743771                0
           9   1261.64725743771                1
 
          10   1379.04332140829                0
          10   1379.04332140829                1
 
          11   1504.58309279197                0
          11   1504.58309279197                1
 
          12   1612.76851766005                0
          12   1612.76851766005                1
 
          13   1647.62072768935                0
          13   1647.62072768935                1
 
          14   1687.54440581264                0
          14   1687.54440581264                1
 
          15   3138.57491583199                0
          15   3138.57491583199                1
 
          16   3296.34025739584                0
          16   3296.34025739584                1
 
          17   3444.70196130091                0
          17   3444.70196130091                1
 
          18   3454.13570668175                0
          18   3454.13570668175                1
 
          19   3485.44995230116                0
          19   3485.44995230116                1
 
          20   3511.92230909041                0
          20   3511.92230909041                1
 
          21   3554.23784856145                0
          21   3554.23784856145                1
 
          22   3556.91651247568                0
          22   3556.91651247568                1
 
          23   3630.80413725537                0
          23   3630.80413725537                1
 
          24   3632.80902253382                0
          24   3632.80902253382                1
 
