           1  -1244.53071293670                0
           1  -1244.53071293670                1
 
           2  -938.034584427126                0
           2  -938.034584427126                1
 
           3  -606.787788019304                0
           3  -606.787788019304                1
 
           4  -242.524653874249                0
           4  -242.524653874249                1
 
           5   169.809871324739                0
           5   169.809871324739                1
 
           6   665.904046884036                0
           6   665.904046884036                1
 
           7   929.748048398295                0
           7   929.748048398295                1
 
           8   1075.60647832057                0
           8   1075.60647832057                1
 
           9   1226.31055720689                0
           9   1226.31055720689                1
 
          10   1379.44685088732                0
          10   1379.44685088732                1
 
          11   1531.21275547694                0
          11   1531.21275547694                1
 
          12   1594.16563901946                0
          12   1594.16563901946                1
 
          13   1673.71790760601                0
          13   1673.71790760601                1
 
          14   1783.22660956401                0
          14   1783.22660956401                1
 
          15   3093.08181818182                0
          15   3093.08181818182                1
 
          16   3355.09799734417                0
          16   3355.09799734417                1
 
          17   3482.91818181818                0
          17   3482.91818181818                1
 
          18   3530.41479809740                0
          18   3530.41479809740                1
 
          19   3573.98831523807                0
          19   3573.98831523807                1
 
          20   3634.79949379652                0
          20   3634.79949379652                1
 
          21   3642.37878007067                0
          21   3642.37878007067                1
 
          22   3686.39675449297                0
          22   3686.39675449297                1
 
          23   3688.42098930640                0
          23   3688.42098930640                1
 
          24   3703.23184622290                0
          24   3703.23184622290                1
 
