           1  -882.924474937395                0
           1  -882.924474937395                1
 
           2  -654.922375113612                0
           2  -654.922375113612                1
 
           3  -387.805372117587                0
           3  -387.805372117587                1
 
           4  -81.5734659493192                0
           4  -81.5734659493192                1
 
           5   263.773343391190                0
           5   263.773343391190                1
 
           6   648.235055903942                0
           6   648.235055903942                1
 
