           1  -984.607755434445                0
           1  -984.607755434445                1
 
           2  -551.141619191923                0
           2  -551.141619191923                1
 
           3  -175.280377136821                0
           3  -175.280377136821                1
 
           4   204.948456588332                0
           4   204.948456588332                1
 
           5   589.544881983537                0
           5   589.544881983537                1
 
           6   916.536413191320                0
           6   916.536413191320                1
 
