           1  -1006.49596390320                0
           1  -1006.49596390320                1
 
           2  -751.617927545345                0
           2  -751.617927545345                1
 
           3  -489.348748444842                0
           3  -489.348748444842                1
 
           4  -187.038770699859                0
           4  -187.038770699859                1
 
           5   187.961661591428                0
           5   187.961661591428                1
 
           6   668.302204330846                0
           6   668.302204330846                1
 
