           1  -902.035051993409                0
           1  -902.035051993409                1
 
           2  -600.468397335340                0
           2  -600.468397335340                1
 
           3  -346.739751644134                0
           3  -346.739751644134                1
 
           4  -65.6566275110863                0
           4  -65.6566275110863                1
 
           5   242.307653563538                0
           5   242.307653563538                1
 
           6   580.370095761288                0
           6   580.370095761288                1
 
           7   1067.85317545429                0
           7   1067.85317545429                1
 
           8   1197.66092863551                0
           8   1197.66092863551                1
 
           9   1319.95885891276                0
           9   1319.95885891276                1
 
          10   1418.74084037353                0
          10   1418.74084037353                1
 
          11   1508.32007549440                0
          11   1508.32007549440                1
 
          12   1591.08423339114                0
          12   1591.08423339114                1
 
          13   1598.77566484520                0
          13   1598.77566484520                1
 
          14   1613.22734402136                0
          14   1613.22734402136                1
 
          15   3129.58901203018                0
          15   3129.58901203018                1
 
          16   3250.82557210580                0
          16   3250.82557210580                1
 
          17   3378.68709576610                0
          17   3378.68709576610                1
 
          18   3404.09413409498                0
          18   3404.09413409498                1
 
          19   3460.33210638937                0
          19   3460.33210638937                1
 
          20   3467.95102477779                0
          20   3467.95102477779                1
 
          21   3506.24749251619                0
          21   3506.24749251619                1
 
          22   3512.09435903873                0
          22   3512.09435903873                1
 
          23   3523.96029943168                0
          23   3523.96029943168                1
 
          24   3530.81986188014                0
          24   3530.81986188014                1
 
