        0.000000000000000      139.099943421123527      139.099943421123527       13.442996804843613
        0.014959965017094      139.100471625410677      139.100471625410677       13.443040386220691
        0.029919930034189      139.102054347437900      139.102054347437900       13.443170974341911
        0.044879895051283      139.104685921471088      139.104685921471088       13.443388101735689
        0.059839860068377      139.108356927158184      139.108356927158184       13.443690991142306
        0.074799825085471      139.113054223251595      139.113054223251595       13.444078558296297
        0.089759790102566      139.118760994650415      139.118760994650415       13.444549415807840
        0.104719755119660      139.125456812594166      139.125456812594166       13.445101878129249
        0.119679720136754      139.133117707792394      139.133117707792394       13.445733967588795
        0.134639685153848      139.141716256228563      139.141716256228563       13.446443421470262
        0.149599650170943      139.151221677330909      139.151221677330909       13.447227700112883
        0.164559615188037      139.161599944158866      139.161599944158866       13.448083996002667
        0.179519580205131      139.172813905210745      139.172813905210745       13.449009243822568
        0.194479545222225      139.184823417416368      139.184823417416368       13.450000131425522
        0.209439510239320      139.197585489838957      139.197585489838957       13.451053111691085
        0.224399475256414      139.211054437571420      139.211054437571420       13.452164415223187
        0.239359440273508      139.225182045276568      139.225182045276568       13.453330063843611
        0.254319405290602      139.239917739785454      139.239917739785454       13.454545884832820
        0.269279370307697      139.255208771136125      139.255208771136125       13.455807525867224
        0.284239335324791      139.271000401404933      139.271000401404933       13.457110470599355
        0.299199300341885      139.287236100654013      139.287236100654013       13.458450054825240
        0.314159265358979      139.303857749293769      139.303857749293769       13.459821483181013
        0.329119230376074      139.320805846136011      139.320805846136011       13.461219846309099
        0.344079195393168      139.338019721392641      139.338019721392641       13.462640138432423
        0.359039160410262      139.355437753857871      139.355437753857871       13.464077275273798
        0.373999125427356      139.372997591496073      139.372997591496073       13.465526112256324
        0.388959090444451      139.390636374645879      139.390636374645879       13.466981462919621
        0.403919055461545      139.408290961041530      139.408290961041530       13.468438117486038
        0.418879020478639      139.425898151845729      139.425898151845729       13.469890861510276
        0.433838985495733      139.443394917885087      139.443394917885087       13.471334494545768
        0.448798950512828      139.460718625278162      139.460718625278162       13.472763848760920
        0.463758915529922      139.477807259648671      139.477807259648671       13.474173807438611
        0.478718880547016      139.494599648120612      139.494599648120612       13.475559323292707
        0.493678845564110      139.511035678301539      139.511035678301539       13.476915436536043
        0.508638810581205      139.527056513469063      139.527056513469063       13.478237292635164
        0.523598775598299      139.542604803191352      139.542604803191352       13.479520159688311
        0.538558740615393      139.557624888626464      139.557624888626464       13.480759445364377
        0.553518705632487      139.572063001766821      139.572063001766821       13.481950713342284
        0.568478670649582      139.585867457914532      139.585867457914532       13.483089699191842
        0.583438635666676      139.598988840699406      139.598988840699406       13.484172325639323
        0.598398600683770      139.611380178976475      139.611380178976475       13.485194717163020
        0.613358565700864      139.622997114970730      139.622997114970730       13.486153213866627
        0.628318530717959      139.633798063066337      139.633798063066337       13.487044384580711
        0.643278495735053      139.643744358672279      139.643744358672279       13.487865039145403
        0.658238460752147      139.652800396631790      139.652800396631790       13.488612239830353
        0.673198425769241      139.660933758679278      139.660933758679278       13.489283311851032
        0.688158390786336      139.668115329489495      139.668115329489495       13.489875852943770
        0.703118355803430      139.674319400902846      139.674319400902846       13.490387741965247
        0.718078320820524      139.679523763953853      139.679523763953853       13.490817146485615
        0.733038285837618      139.683709788373505      139.683709788373505       13.491162529348140
        0.747998250854713      139.686862489280799      139.686862489280799       13.491422654171810
        0.762958215871807      139.688970580824730      139.688970580824730       13.491596589777272
        0.777918180888901      139.690026516584652      139.690026516584652       13.491683713520192
        0.792878145905995      139.690026516584652      139.690026516584652       13.491683713520192
        0.807838110923090      139.688970580824730      139.688970580824730       13.491596589777272
        0.822798075940184      139.686862489280799      139.686862489280799       13.491422654171810
        0.837758040957278      139.683709788373505      139.683709788373505       13.491162529348140
        0.852718005974372      139.679523763953853      139.679523763953853       13.490817146485615
        0.867677970991467      139.674319400902846      139.674319400902846       13.490387741965247
        0.882637936008561      139.668115329489495      139.668115329489495       13.489875852943770
        0.897597901025655      139.660933758679278      139.660933758679278       13.489283311851032
        0.912557866042749      139.652800396631790      139.652800396631790       13.488612239830353
        0.927517831059844      139.643744358672279      139.643744358672279       13.487865039145403
        0.942477796076938      139.633798063066337      139.633798063066337       13.487044384580711
        0.957437761094032      139.622997114970730      139.622997114970730       13.486153213866627
        0.972397726111126      139.611380178976475      139.611380178976475       13.485194717163020
        0.987357691128221      139.598988840699406      139.598988840699406       13.484172325639323
        1.002317656145315      139.585867457914532      139.585867457914532       13.483089699191842
        1.017277621162409      139.572063001766821      139.572063001766821       13.481950713342284
        1.032237586179503      139.557624888626464      139.557624888626464       13.480759445364377
        1.047197551196598      139.542604803191352      139.542604803191352       13.479520159688311
        1.062157516213692      139.527056513469063      139.527056513469063       13.478237292635164
        1.077117481230786      139.511035678301539      139.511035678301539       13.476915436536043
        1.092077446247880      139.494599648120612      139.494599648120612       13.475559323292707
        1.107037411264975      139.477807259648671      139.477807259648671       13.474173807438611
        1.121997376282069      139.460718625278162      139.460718625278162       13.472763848760920
        1.136957341299163      139.443394917885087      139.443394917885087       13.471334494545768
        1.151917306316258      139.425898151845729      139.425898151845729       13.469890861510276
        1.166877271333352      139.408290961041530      139.408290961041530       13.468438117486038
        1.181837236350446      139.390636374645879      139.390636374645879       13.466981462919621
        1.196797201367540      139.372997591496073      139.372997591496073       13.465526112256324
        1.211757166384634      139.355437753857871      139.355437753857871       13.464077275273798
        1.226717131401729      139.338019721392641      139.338019721392641       13.462640138432423
        1.241677096418823      139.320805846136011      139.320805846136011       13.461219846309099
        1.256637061435917      139.303857749293769      139.303857749293769       13.459821483181013
        1.271597026453011      139.287236100654013      139.287236100654013       13.458450054825240
        1.286556991470106      139.271000401404933      139.271000401404933       13.457110470599355
        1.301516956487200      139.255208771136125      139.255208771136125       13.455807525867224
        1.316476921504294      139.239917739785454      139.239917739785454       13.454545884832820
        1.331436886521389      139.225182045276568      139.225182045276568       13.453330063843611
        1.346396851538483      139.211054437571420      139.211054437571420       13.452164415223187
        1.361356816555577      139.197585489838957      139.197585489838957       13.451053111691085
        1.376316781572671      139.184823417416368      139.184823417416368       13.450000131425522
        1.391276746589765      139.172813905210745      139.172813905210745       13.449009243822568
        1.406236711606860      139.161599944158866      139.161599944158866       13.448083996002667
        1.421196676623954      139.151221677330909      139.151221677330909       13.447227700112883
        1.436156641641048      139.141716256228563      139.141716256228563       13.446443421470262
        1.451116606658142      139.133117707792394      139.133117707792394       13.445733967588795
        1.466076571675237      139.125456812594166      139.125456812594166       13.445101878129249
        1.481036536692331      139.118760994650415      139.118760994650415       13.444549415807840
        1.495996501709425      139.113054223251595      139.113054223251595       13.444078558296297
        1.510956466726520      139.108356927158184      139.108356927158184       13.443690991142306
        1.525916431743614      139.104685921471088      139.104685921471088       13.443388101735689
        1.540876396760708      139.102054347437900      139.102054347437900       13.443170974341911
        1.555836361777802      139.100471625410677      139.100471625410677       13.443040386220691
        1.570796326794897      139.099943421123527      139.099943421123527       13.442996804843613
        1.585756291811991      139.100471625410677      139.100471625410677       13.443040386220691
        1.600716256829085      139.102054347437900      139.102054347437900       13.443170974341911
        1.615676221846179      139.104685921471088      139.104685921471088       13.443388101735689
        1.630636186863273      139.108356927158184      139.108356927158184       13.443690991142306
        1.645596151880368      139.113054223251595      139.113054223251595       13.444078558296297
        1.660556116897462      139.118760994650415      139.118760994650415       13.444549415807840
        1.675516081914556      139.125456812594166      139.125456812594166       13.445101878129249
        1.690476046931650      139.133117707792394      139.133117707792394       13.445733967588795
        1.705436011948745      139.141716256228563      139.141716256228563       13.446443421470262
        1.720395976965839      139.151221677330909      139.151221677330909       13.447227700112883
        1.735355941982933      139.161599944158866      139.161599944158866       13.448083996002667
        1.750315907000028      139.172813905210745      139.172813905210745       13.449009243822568
        1.765275872017122      139.184823417416368      139.184823417416368       13.450000131425522
        1.780235837034216      139.197585489838957      139.197585489838957       13.451053111691085
        1.795195802051310      139.211054437571420      139.211054437571420       13.452164415223187
        1.810155767068405      139.225182045276568      139.225182045276568       13.453330063843611
        1.825115732085499      139.239917739785454      139.239917739785454       13.454545884832820
        1.840075697102593      139.255208771136125      139.255208771136125       13.455807525867224
        1.855035662119687      139.271000401404933      139.271000401404933       13.457110470599355
        1.869995627136781      139.287236100654013      139.287236100654013       13.458450054825240
        1.884955592153876      139.303857749293769      139.303857749293769       13.459821483181013
        1.899915557170970      139.320805846136011      139.320805846136011       13.461219846309099
        1.914875522188064      139.338019721392641      139.338019721392641       13.462640138432423
        1.929835487205159      139.355437753857871      139.355437753857871       13.464077275273798
        1.944795452222253      139.372997591496073      139.372997591496073       13.465526112256324
        1.959755417239347      139.390636374645879      139.390636374645879       13.466981462919621
        1.974715382256441      139.408290961041530      139.408290961041530       13.468438117486038
        1.989675347273536      139.425898151845729      139.425898151845729       13.469890861510276
        2.004635312290630      139.443394917885087      139.443394917885087       13.471334494545768
        2.019595277307724      139.460718625278162      139.460718625278162       13.472763848760920
        2.034555242324819      139.477807259648671      139.477807259648671       13.474173807438611
        2.049515207341913      139.494599648120612      139.494599648120612       13.475559323292707
        2.064475172359007      139.511035678301539      139.511035678301539       13.476915436536043
        2.079435137376101      139.527056513469063      139.527056513469063       13.478237292635164
        2.094395102393195      139.542604803191352      139.542604803191352       13.479520159688311
        2.109355067410290      139.557624888626464      139.557624888626464       13.480759445364377
        2.124315032427384      139.572063001766821      139.572063001766821       13.481950713342284
        2.139274997444478      139.585867457914532      139.585867457914532       13.483089699191842
        2.154234962461572      139.598988840699406      139.598988840699406       13.484172325639323
        2.169194927478667      139.611380178976475      139.611380178976475       13.485194717163020
        2.184154892495761      139.622997114970730      139.622997114970730       13.486153213866627
        2.199114857512855      139.633798063066337      139.633798063066337       13.487044384580711
        2.214074822529950      139.643744358672279      139.643744358672279       13.487865039145403
        2.229034787547044      139.652800396631790      139.652800396631790       13.488612239830353
        2.243994752564138      139.660933758679278      139.660933758679278       13.489283311851032
        2.258954717581232      139.668115329489495      139.668115329489495       13.489875852943770
        2.273914682598326      139.674319400902846      139.674319400902846       13.490387741965247
        2.288874647615421      139.679523763953853      139.679523763953853       13.490817146485615
        2.303834612632515      139.683709788373505      139.683709788373505       13.491162529348140
        2.318794577649609      139.686862489280799      139.686862489280799       13.491422654171810
        2.333754542666703      139.688970580824730      139.688970580824730       13.491596589777272
        2.348714507683797      139.690026516584652      139.690026516584652       13.491683713520192
        2.363674472700892      139.690026516584652      139.690026516584652       13.491683713520192
        2.378634437717986      139.688970580824730      139.688970580824730       13.491596589777272
        2.393594402735081      139.686862489280799      139.686862489280799       13.491422654171810
        2.408554367752175      139.683709788373505      139.683709788373505       13.491162529348140
        2.423514332769269      139.679523763953853      139.679523763953853       13.490817146485615
        2.438474297786363      139.674319400902846      139.674319400902846       13.490387741965247
        2.453434262803457      139.668115329489495      139.668115329489495       13.489875852943770
        2.468394227820551      139.660933758679278      139.660933758679278       13.489283311851032
        2.483354192837646      139.652800396631790      139.652800396631790       13.488612239830353
        2.498314157854741      139.643744358672279      139.643744358672279       13.487865039145403
        2.513274122871834      139.633798063066337      139.633798063066337       13.487044384580711
        2.528234087888929      139.622997114970730      139.622997114970730       13.486153213866627
        2.543194052906023      139.611380178976475      139.611380178976475       13.485194717163020
        2.558154017923117      139.598988840699406      139.598988840699406       13.484172325639323
        2.573113982940212      139.585867457914532      139.585867457914532       13.483089699191842
        2.588073947957306      139.572063001766821      139.572063001766821       13.481950713342284
        2.603033912974400      139.557624888626464      139.557624888626464       13.480759445364377
        2.617993877991494      139.542604803191352      139.542604803191352       13.479520159688311
        2.632953843008588      139.527056513469063      139.527056513469063       13.478237292635164
        2.647913808025683      139.511035678301539      139.511035678301539       13.476915436536043
        2.662873773042777      139.494599648120612      139.494599648120612       13.475559323292707
        2.677833738059872      139.477807259648671      139.477807259648671       13.474173807438611
        2.692793703076966      139.460718625278162      139.460718625278162       13.472763848760920
        2.707753668094060      139.443394917885087      139.443394917885087       13.471334494545768
        2.722713633111154      139.425898151845729      139.425898151845729       13.469890861510276
        2.737673598128248      139.408290961041530      139.408290961041530       13.468438117486038
        2.752633563145342      139.390636374645879      139.390636374645879       13.466981462919621
        2.767593528162437      139.372997591496073      139.372997591496073       13.465526112256324
        2.782553493179531      139.355437753857871      139.355437753857871       13.464077275273798
        2.797513458196625      139.338019721392641      139.338019721392641       13.462640138432423
        2.812473423213720      139.320805846136011      139.320805846136011       13.461219846309099
        2.827433388230814      139.303857749293769      139.303857749293769       13.459821483181013
        2.842393353247908      139.287236100654013      139.287236100654013       13.458450054825240
        2.857353318265002      139.271000401404933      139.271000401404933       13.457110470599355
        2.872313283282097      139.255208771136125      139.255208771136125       13.455807525867224
        2.887273248299191      139.239917739785454      139.239917739785454       13.454545884832820
        2.902233213316285      139.225182045276597      139.225182045276597       13.453330063843612
        2.917193178333379      139.211054437571420      139.211054437571420       13.452164415223187
        2.932153143350473      139.197585489838957      139.197585489838957       13.451053111691085
        2.947113108367568      139.184823417416368      139.184823417416368       13.450000131425522
        2.962073073384663      139.172813905210745      139.172813905210745       13.449009243822568
        2.977033038401756      139.161599944158866      139.161599944158866       13.448083996002667
        2.991993003418851      139.151221677330909      139.151221677330909       13.447227700112883
        3.006952968435945      139.141716256228563      139.141716256228563       13.446443421470262
        3.021912933453039      139.133117707792394      139.133117707792394       13.445733967588795
        3.036872898470133      139.125456812594166      139.125456812594166       13.445101878129249
        3.051832863487228      139.118760994650415      139.118760994650415       13.444549415807840
        3.066792828504322      139.113054223251595      139.113054223251595       13.444078558296297
        3.081752793521416      139.108356927158184      139.108356927158184       13.443690991142306
        3.096712758538510      139.104685921471088      139.104685921471088       13.443388101735689
        3.111672723555605      139.102054347437900      139.102054347437900       13.443170974341911
        3.126632688572699      139.100471625410677      139.100471625410677       13.443040386220691
        3.141592653589793      139.099943421123527      139.099943421123527       13.442996804843613
