     0.0000000000     3.1415926536     3.1415926536     6.2831853072     6.2831853072     3.1387416992     3.1387416992     0.0030818351     0.0030818351
     0.0314159265     3.1776358954     3.1689746752     0.0380310795     0.0259501917     3.1387412540     3.1387412540     0.0030813518     0.0030813518
     0.0628318531     3.2136566563     3.1963696877     0.0760272591     0.0519166612     3.1387399207     3.1387399207     0.0030799035     0.0030799035
     0.0314159265     3.1776358954     3.1689746752     0.0380310795     0.0259501917     3.1387412540     3.1387412540     0.0030813518     0.0030813518
     0.1256637061     3.2855418433     3.2512505627     0.1517772847     0.1039635265     3.1387346197     3.1387346197     0.0030741322     0.0030741322
     0.1570796327     3.3213628429     3.2787622760     0.1894642492     0.1300764477     3.1387306779     3.1387306779     0.0030698266     0.0030698266
     0.1884955592     3.3570748290     3.3063386509     0.2269831477     0.1562706882     3.1387258992     3.1387258992     0.0030645908     0.0030645908
     0.2199114858     3.3926578124     3.3339924532     0.2643037785     0.1825624657     3.1387203066     3.1387203066     0.0030584408     0.0030584408
     0.2513274123     3.4280927462     3.3617363534     0.3013976858     0.2089679660     3.1387139269     3.1387139269     0.0030513953     0.0030513953
     0.2827433388     3.4633616454     3.3895829065     0.3382383616     0.2355033313     3.1387067903     3.1387067903     0.0030434761     0.0030434761
     0.3141592654     3.4984476913     3.4175445303     0.3748014115     0.2621846465     3.1386989306     3.1386989306     0.0030347077     0.0030347077
     0.3455751919     3.5333353206     3.4456334817     0.4110646858     0.2890279216     3.1386903844     3.1386903844     0.0030251175     0.0030251175
     0.3769911184     3.5680102969     3.4738618305     0.4470083728     0.3160490707     3.1386811914     3.1386811914     0.0030147357     0.0030147357
     0.4084070450     3.6024597665     3.5022414306     0.4826150582     0.3432638873     3.1386713939     3.1386713939     0.0030035953     0.0030035953
     0.4398229715     3.6366722975     3.5307838889     0.5178697496     0.3706880138     3.1386610363     3.1386610363     0.0029917320     0.0029917320
     0.4712388980     3.6706379028     3.5595005309     0.5527598712     0.3983369070     3.1386501651     3.1386501651     0.0029791843     0.0029791843
     0.5026548246     3.7043480490     3.5884023631     0.5872752293     0.4262257975     3.1386388289     3.1386388289     0.0029659933     0.0029659933
     0.5340707511     3.7377956509     3.6175000322     0.6214079541     0.4543696433     3.1386270772     3.1386270772     0.0029522029     0.0029522029
     0.5654866776     3.7709750534     3.6468037816     0.6551524200     0.4827830767     3.1386149612     3.1386149612     0.0029378594     0.0029378594
     0.5969026042     3.8038820026     3.6763234031     0.6885051487     0.5114803441     3.1386025329     3.1386025329     0.0029230117     0.0029230117
     0.6283185307     3.8365136067     3.7060681872     0.7214646988     0.5404752391     3.1385898447     3.1385898447     0.0029077111     0.0029077111
     0.6597344573     3.8688682893     3.7360468679     0.7540315449     0.5697810277     3.1385769499     3.1385769499     0.0028920114     0.0028920114
     0.6911503838     3.9009457351     3.7662675661     0.7862079497     0.5994103657     3.1385639015     3.1385639015     0.0028759685     0.0028759685
     0.7225663103     3.9327468308     3.7967377288     0.8179978331     0.6293752080     3.1385507527     3.1385507527     0.0028596403     0.0028596403
     0.7539822369     3.9642736019     3.8274640664     0.8494066383     0.6596867111     3.1385375563     3.1385375563     0.0028430872     0.0028430872
     0.7853981634     3.9955291464     3.8584524875     0.8804412002     0.6903551266     3.1385243648     3.1385243648     0.0028263709     0.0028263709
     0.8168140899     4.0265175676     3.8897080321     0.9111096157     0.7213896885     3.1385112297     3.1385112297     0.0028095551     0.0028095551
     0.8482300165     4.0572439052     3.9212348032     0.9414211188     0.7527984937     3.1384982019     3.1384982019     0.0027927050     0.0027927050
     0.8796459430     4.0877140679     3.9530358989     0.9713859611     0.7845883770     3.1384853312     3.1384853312     0.0027758872     0.0027758872
     0.9110618695     4.1179347660     3.9851133447     1.0010152991     0.8167647819     3.1384726660     3.1384726660     0.0027591690     0.0027591690
     0.9424777961     4.1479134468     4.0174680273     1.0303210877     0.8493316280     3.1384602535     3.1384602535     0.0027426191     0.0027426191
     0.9738937226     4.1776582308     4.0500996314     1.0593159827     0.8822911781     3.1384481395     3.1384481395     0.0027263062     0.0027263062
     1.0053096491     4.2071778524     4.0830065806     1.0880132501     0.9156439068     3.1384363680     3.1384363680     0.0027102997     0.0027102997
     1.0367255757     4.2364816017     4.1161859831     1.1164266835     0.9493883727     3.1384249815     3.1384249815     0.0026946687     0.0026946687
     1.0681415022     4.2655792709     4.1496335849     1.1445705293     0.9835210975     3.1384140205     3.1384140205     0.0026794821     0.0026794821
     1.0995574288     4.2944811030     4.1833437312     1.1724594198     1.0180364556     3.1384035236     3.1384035236     0.0026648079     0.0026648079
     1.1309733553     4.3231977451     4.2173093365     1.2001083130     1.0529265772     3.1383935276     3.1383935276     0.0026507129     0.0026507129
     1.1623892818     4.3517402034     4.2515218674     1.2275324395     1.0881812686     3.1383840669     3.1383840669     0.0026372625     0.0026372625
     1.1938052084     4.3801198035     4.2859713371     1.2547472560     1.1237879540     3.1383751741     3.1383751741     0.0026245201     0.0026245201
     1.2252211349     4.4083481523     4.3206463134     1.2817684052     1.1597316410     3.1383668794     3.1383668794     0.0026125467     0.0026125467
     1.2566370614     4.4364371037     4.3555339427     1.3086116803     1.1959949153     3.1383592109     3.1383592109     0.0026014005     0.0026014005
     1.2880529880     4.4643987275     4.3906199886     1.3352929955     1.2325579652     3.1383521942     3.1383521942     0.0025911364     0.0025911364
     1.3194689145     4.4922452806     4.4258888878     1.3618283608     1.2693986410     3.1383458528     3.1383458528     0.0025818057     0.0025818057
     1.3508848410     4.5199891808     4.4613238216     1.3882338611     1.3064925483     3.1383402075     3.1383402075     0.0025734555     0.0025734555
     1.3823007676     4.5476429831     4.4969068050     1.4145256386     1.3438131791     3.1383352771     3.1383352771     0.0025661285     0.0025661285
     1.4137166941     4.5752193579     4.5326187910     1.4407198791     1.3813320776     3.1383310778     3.1383310778     0.0025598626     0.0025598626
     1.4451326207     4.6027310713     4.5684397906     1.4668328003     1.4190190421     3.1383276232     3.1383276232     0.0025546903     0.0025546903
     1.4765485472     4.6301909663     4.6043490062     1.4928806434     1.4568423592     3.1383249245     3.1383249245     0.0025506388     0.0025506388
     1.5079644737     4.6576119463     4.6403249776     1.5188796656     1.4947690677     3.1383229907     3.1383229907     0.0025477294     0.0025477294
     1.5393804003     4.6850069588     4.6763457385     1.5448461351     1.5327652473     3.1383218279     3.1383218279     0.0025459775     0.0025459775
     1.5707963268     4.7123889804     4.7123889804     1.5707963268     1.5707963268     3.1383214398     3.1383214398     0.0025453926     0.0025453926
     1.6022122533     4.7397710019     4.7484322222     1.5967465184     1.6088274063     3.1383218279     3.1383218279     0.0025459775     0.0025459775
     1.6336281799     4.7671660144     4.7844529831     1.6227129880     1.6468235859     3.1383229907     3.1383229907     0.0025477294     0.0025477294
     1.6650441064     4.7945869944     4.8204289546     1.6487120102     1.6847502944     3.1383249245     3.1383249245     0.0025506388     0.0025506388
     1.6964600329     4.8220468895     4.8563381701     1.6747598533     1.7225736115     3.1383276232     3.1383276232     0.0025546903     0.0025546903
     1.7278759595     4.8495586028     4.8921591697     1.7008727745     1.7602605760     3.1383310778     3.1383310778     0.0025598626     0.0025598626
     1.7592918860     4.8771349777     4.9278711558     1.7270670150     1.7977794745     3.1383352771     3.1383352771     0.0025661285     0.0025661285
     1.7907078125     4.9047887800     4.9634541392     1.7533587925     1.8351001052     3.1383402075     3.1383402075     0.0025734555     0.0025734555
     1.8221237391     4.9325326802     4.9988890730     1.7797642928     1.8721940126     3.1383458528     3.1383458528     0.0025818057     0.0025818057
     1.8535396656     4.9603792333     5.0341579722     1.8062996581     1.9090346884     3.1383521942     3.1383521942     0.0025911364     0.0025911364
     1.8849555922     4.9883408571     5.0692440181     1.8329809733     1.9455977383     3.1383592109     3.1383592109     0.0026014005     0.0026014005
     1.9163715187     5.0164298085     5.1041316474     1.8598242483     1.9818610126     3.1383668794     3.1383668794     0.0026125467     0.0026125467
     1.9477874452     5.0446581572     5.1388066237     1.8868453975     2.0178046996     3.1383751741     3.1383751741     0.0026245201     0.0026245201
     1.9792033718     5.0730377574     5.1732560933     1.9140602141     2.0534113850     3.1383840669     3.1383840669     0.0026372625     0.0026372625
     2.0106192983     5.1015802157     5.2074686243     1.9414843406     2.0886660764     3.1383935276     3.1383935276     0.0026507129     0.0026507129
     2.0420352248     5.1302968577     5.2414342296     1.9691332338     2.1235561980     3.1384035236     3.1384035236     0.0026648079     0.0026648079
     2.0734511514     5.1591986899     5.2751443758     1.9970221243     2.1580715561     3.1384140205     3.1384140205     0.0026794821     0.0026794821
     2.1048670779     5.1882963590     5.3085919777     2.0251659701     2.1922042808     3.1384249815     3.1384249815     0.0026946687     0.0026946687
     2.1362830044     5.2176001084     5.3417713802     2.0535794035     2.2259487468     3.1384363680     3.1384363680     0.0027102997     0.0027102997
     2.1676989310     5.2471197299     5.3746783294     2.0822766709     2.2593014755     3.1384481395     3.1384481395     0.0027263062     0.0027263062
     2.1991148575     5.2768645140     5.4073099335     2.1112715659     2.2922610256     3.1384602535     3.1384602535     0.0027426191     0.0027426191
     2.2305307840     5.3068431947     5.4396646161     2.1405773545     2.3248278717     3.1384726660     3.1384726660     0.0027591690     0.0027591690
     2.2619467106     5.3370638929     5.4717420619     2.1702066925     2.3570042765     3.1384853312     3.1384853312     0.0027758872     0.0027758872
     2.2933626371     5.3675340556     5.5035431576     2.2001715348     2.3887941599     3.1384982019     3.1384982019     0.0027927050     0.0027927050
     2.3247785637     5.3982603932     5.5350699287     2.2304830379     2.4202029651     3.1385112297     3.1385112297     0.0028095551     0.0028095551
     2.3561944902     5.4292488143     5.5663254732     2.2611514534     2.4512375270     3.1385243648     3.1385243648     0.0028263709     0.0028263709
     2.3876104167     5.4605043589     5.5973138944     2.2921860153     2.4819059425     3.1385375563     3.1385375563     0.0028430872     0.0028430872
     2.4190263433     5.4920311300     5.6280402320     2.3235948205     2.5122174456     3.1385507527     3.1385507527     0.0028596403     0.0028596403
     2.4504422698     5.5238322257     5.6585103947     2.3553847038     2.5421822879     3.1385639015     3.1385639015     0.0028759685     0.0028759685
     2.4818581963     5.5559096715     5.6887310928     2.3875611087     2.5718116259     3.1385769499     3.1385769499     0.0028920114     0.0028920114
     2.5132741229     5.5882643541     5.7187097735     2.4201279548     2.6011174145     3.1385898447     3.1385898447     0.0029077111     0.0029077111
     2.5446900494     5.6208959582     5.7484545576     2.4530875049     2.6301123095     3.1386025329     3.1386025329     0.0029230117     0.0029230117
     2.5761059759     5.6538029074     5.7779741792     2.4864402336     2.6588095769     3.1386149612     3.1386149612     0.0029378594     0.0029378594
     2.6075219025     5.6869823098     5.8072779285     2.5201846995     2.6872230103     3.1386270772     3.1386270772     0.0029522029     0.0029522029
     2.6389378290     5.7204299117     5.8363755977     2.5543174243     2.7153668561     3.1386388289     3.1386388289     0.0029659933     0.0029659933
     2.6703537556     5.7541400580     5.8652774298     2.5888327824     2.7432557466     3.1386501651     3.1386501651     0.0029791843     0.0029791843
     2.7017696821     5.7881056633     5.8939940718     2.6237229040     2.7709046398     3.1386610363     3.1386610363     0.0029917320     0.0029917320
     2.7331856086     5.8223181942     5.9225365302     2.6589775954     2.7983287663     3.1386713939     3.1386713939     0.0030035953     0.0030035953
     2.7646015352     5.8567676639     5.9509161303     2.6945842808     2.8255435828     3.1386811914     3.1386811914     0.0030147357     0.0030147357
     2.7960174617     5.8914426402     5.9791444791     2.7305279678     2.8525647320     3.1386903844     3.1386903844     0.0030251175     0.0030251175
     2.8274333882     5.9263302695     6.0072334304     2.7667912421     2.8794080071     3.1386989306     3.1386989306     0.0030347077     0.0030347077
     2.8588493148     5.9614163154     6.0351950543     2.8033542920     2.9060893223     3.1387067903     3.1387067903     0.0030434761     0.0030434761
     2.8902652413     5.9966852145     6.0630416074     2.8401949678     2.9326246876     3.1387139269     3.1387139269     0.0030513953     0.0030513953
     2.9216811678     6.0321201483     6.0907855076     2.8772888751     2.9590301879     3.1387203066     3.1387203066     0.0030584408     0.0030584408
     2.9530970944     6.0677031318     6.1184393099     2.9146095059     2.9853219654     3.1387258992     3.1387258992     0.0030645908     0.0030645908
     2.9845130209     6.1034151178     6.1460156847     2.9521284044     3.0115162059     3.1387306779     3.1387306779     0.0030698266     0.0030698266
     3.0159289474     6.1392361174     6.1735273981     2.9898153689     3.0376291271     3.1387346197     3.1387346197     0.0030741322     0.0030741322
     3.0473448740     6.1751453330     6.2009872931     3.0276386860     3.0636769702     3.1387377056     3.1387377056     0.0030774946     0.0030774946
     3.0787608005     6.2111213044     6.2284082731     3.0655653945     3.0896759924     3.1387399207     3.1387399207     0.0030799035     0.0030799035
     3.1101767271     6.2471420653     6.2558032856     3.1035615741     3.1156424619     3.1387412540     3.1387412540     0.0030813518     0.0030813518
     3.1415926536     6.2831853072     6.2831853072     3.1415926536     3.1415926536     3.1387416992     3.1387416992     0.0030818351     0.0030818351
