        0.00000     1711.61220     1776.81861
        1.00000     1711.60847     1776.81206
        2.00000     1711.60163     1776.80005
        3.00000     1711.59275     1776.78446
        4.00000     1711.58221     1776.76596
        5.00000     1711.57022     1776.74491
        6.00000     1711.55693     1776.72158
        7.00000     1711.54244     1776.69614
        8.00000     1711.52683     1776.66874
        9.00000     1711.51017     1776.63950
       10.00000     1711.49252     1776.60850
       11.00000     1711.47390     1776.57583
       12.00000     1711.45437     1776.54154
       13.00000     1711.43396     1776.50571
       14.00000     1711.41268     1776.46837
       15.00000     1711.39058     1776.42957
       16.00000     1711.36766     1776.38935
       17.00000     1711.34396     1776.34775
       18.00000     1711.31948     1776.30479
       19.00000     1711.29425     1776.26051
       20.00000     1711.26828     1776.21493
       21.00000     1711.24158     1776.16808
       22.00000     1711.21417     1776.11998
       23.00000     1711.18605     1776.07064
       24.00000     1711.15724     1776.02009
       25.00000     1711.12775     1775.96834
       26.00000     1711.09759     1775.91541
       27.00000     1711.06676     1775.86132
       28.00000     1711.03527     1775.80608
       29.00000     1711.00313     1775.74970
       30.00000     1710.97035     1775.69219
       31.00000     1710.93693     1775.63357
       32.00000     1710.90288     1775.57385
       33.00000     1710.86821     1775.51303
       34.00000     1710.83292     1775.45113
       35.00000     1710.79701     1775.38815
       36.00000     1710.76049     1775.32411
       37.00000     1710.72337     1775.25901
       38.00000     1710.68565     1775.19286
       39.00000     1710.64733     1775.12566
       40.00000     1710.60842     1775.05743
       41.00000     1710.56892     1774.98817
       42.00000     1710.52883     1774.91789
       43.00000     1710.48816     1774.84659
       44.00000     1710.44691     1774.77427
       45.00000     1710.40508     1774.70095
       46.00000     1710.36268     1774.62663
       47.00000     1710.31971     1774.55131
       48.00000     1710.27617     1774.47500
       49.00000     1710.23206     1774.39770
       50.00000     1710.18739     1774.31941
       51.00000     1710.14216     1774.24015
       52.00000     1710.09636     1774.15991
       53.00000     1710.05001     1774.07869
       54.00000     1710.00311     1773.99651
       55.00000     1709.95565     1773.91336
       56.00000     1709.90763     1773.82925
       57.00000     1709.85907     1773.74418
       58.00000     1709.80995     1773.65816
       59.00000     1709.76029     1773.57117
       60.00000     1709.71008     1773.48324
       61.00000     1709.65933     1773.39436
       62.00000     1709.60803     1773.30453
       63.00000     1709.55619     1773.21376
       64.00000     1709.50381     1773.12204
       65.00000     1709.45089     1773.02939
       66.00000     1709.39743     1772.93579
       67.00000     1709.34342     1772.84126
       68.00000     1709.28889     1772.74580
       69.00000     1709.23381     1772.64940
       70.00000     1709.17820     1772.55207
       71.00000     1709.12205     1772.45381
       72.00000     1709.06537     1772.35463
       73.00000     1709.00815     1772.25451
       74.00000     1708.95040     1772.15347
       75.00000     1708.89212     1772.05151
       76.00000     1708.83330     1771.94862
       77.00000     1708.77396     1771.84481
       78.00000     1708.71408     1771.74008
       79.00000     1708.65367     1771.63443
       80.00000     1708.59273     1771.52786
       81.00000     1708.53126     1771.42037
       82.00000     1708.46926     1771.31197
       83.00000     1708.40673     1771.20265
       84.00000     1708.34367     1771.09241
       85.00000     1708.28009     1770.98125
       86.00000     1708.21597     1770.86919
       87.00000     1708.15132     1770.75620
       88.00000     1708.08615     1770.64231
       89.00000     1708.02045     1770.52750
       90.00000     1707.95422     1770.41178
       91.00000     1707.88746     1770.29514
       92.00000     1707.82018     1770.17760
       93.00000     1707.75236     1770.05914
       94.00000     1707.68402     1769.93977
       95.00000     1707.61515     1769.81949
       96.00000     1707.54576     1769.69830
       97.00000     1707.47583     1769.57620
       98.00000     1707.40538     1769.45318
       99.00000     1707.33439     1769.32926
      100.00000     1707.26288     1769.20443
      101.00000     1707.19084     1769.07868
      102.00000     1707.11828     1768.95203
      103.00000     1707.04518     1768.82447
      104.00000     1706.97156     1768.69599
      105.00000     1706.89740     1768.56661
      106.00000     1706.82272     1768.43631
      107.00000     1706.74750     1768.30510
      108.00000     1706.67176     1768.17298
      109.00000     1706.59549     1768.03996
      110.00000     1706.51868     1767.90602
      111.00000     1706.44135     1767.77116
      112.00000     1706.36348     1767.63540
      113.00000     1706.28509     1767.49872
      114.00000     1706.20616     1767.36114
      115.00000     1706.12670     1767.22264
      116.00000     1706.04670     1767.08322
      117.00000     1705.96618     1766.94290
      118.00000     1705.88512     1766.80165
      119.00000     1705.80352     1766.65950
      120.00000     1705.72139     1766.51643
      121.00000     1705.63873     1766.37244
      122.00000     1705.55553     1766.22754
      123.00000     1705.47180     1766.08173
      124.00000     1705.38753     1765.93499
      125.00000     1705.30273     1765.78734
      126.00000     1705.21738     1765.63877
      127.00000     1705.13150     1765.48928
      128.00000     1705.04509     1765.33888
      129.00000     1704.95813     1765.18755
      130.00000     1704.87063     1765.03531
      131.00000     1704.78260     1764.88214
      132.00000     1704.69402     1764.72805
      133.00000     1704.60490     1764.57304
      134.00000     1704.51525     1764.41711
      135.00000     1704.42505     1764.26025
      136.00000     1704.33430     1764.10247
      137.00000     1704.24301     1763.94377
      138.00000     1704.15118     1763.78413
      139.00000     1704.05881     1763.62358
      140.00000     1703.96589     1763.46209
      141.00000     1703.87242     1763.29968
      142.00000     1703.77841     1763.13633
      143.00000     1703.68385     1762.97206
      144.00000     1703.58874     1762.80686
      145.00000     1703.49308     1762.64072
      146.00000     1703.39687     1762.47366
      147.00000     1703.30011     1762.30566
      148.00000     1703.20280     1762.13672
      149.00000     1703.10494     1761.96685
      150.00000     1703.00653     1761.79605
      151.00000     1702.90756     1761.62431
      152.00000     1702.80804     1761.45163
      153.00000     1702.70797     1761.27801
      154.00000     1702.60734     1761.10345
      155.00000     1702.50615     1760.92795
      156.00000     1702.40440     1760.75151
      157.00000     1702.30210     1760.57412
      158.00000     1702.19924     1760.39580
      159.00000     1702.09582     1760.21652
      160.00000     1701.99183     1760.03631
      161.00000     1701.88729     1759.85514
      162.00000     1701.78218     1759.67303
      163.00000     1701.67651     1759.48996
      164.00000     1701.57028     1759.30595
      165.00000     1701.46348     1759.12099
      166.00000     1701.35612     1758.93507
      167.00000     1701.24818     1758.74820
      168.00000     1701.13968     1758.56038
      169.00000     1701.03062     1758.37159
      170.00000     1700.92098     1758.18186
      171.00000     1700.81077     1757.99116
      172.00000     1700.69999     1757.79951
      173.00000     1700.58864     1757.60689
      174.00000     1700.47671     1757.41331
      175.00000     1700.36421     1757.21877
      176.00000     1700.25114     1757.02327
      177.00000     1700.13749     1756.82680
      178.00000     1700.02326     1756.62937
      179.00000     1699.90845     1756.43096
      180.00000     1699.79306     1756.23159
      181.00000     1699.67709     1756.03125
      182.00000     1699.56055     1755.82993
      183.00000     1699.44341     1755.62764
      184.00000     1699.32570     1755.42438
      185.00000     1699.20740     1755.22015
      186.00000     1699.08851     1755.01493
      187.00000     1698.96904     1754.80874
      188.00000     1698.84898     1754.60157
      189.00000     1698.72833     1754.39341
      190.00000     1698.60710     1754.18428
      191.00000     1698.48527     1753.97416
      192.00000     1698.36284     1753.76306
      193.00000     1698.23983     1753.55097
      194.00000     1698.11622     1753.33789
      195.00000     1697.99202     1753.12383
      196.00000     1697.86721     1752.90877
      197.00000     1697.74181     1752.69272
      198.00000     1697.61582     1752.47568
      199.00000     1697.48922     1752.25765
      200.00000     1697.36202     1752.03861
      201.00000     1697.23422     1751.81858
      202.00000     1697.10581     1751.59756
      203.00000     1696.97680     1751.37553
      204.00000     1696.84718     1751.15249
      205.00000     1696.71696     1750.92846
      206.00000     1696.58612     1750.70342
      207.00000     1696.45468     1750.47737
      208.00000     1696.32263     1750.25032
      209.00000     1696.18996     1750.02226
      210.00000     1696.05669     1749.79318
      211.00000     1695.92279     1749.56309
      212.00000     1695.78828     1749.33199
      213.00000     1695.65316     1749.09988
      214.00000     1695.51741     1748.86674
      215.00000     1695.38105     1748.63259
      216.00000     1695.24406     1748.39742
      217.00000     1695.10645     1748.16122
      218.00000     1694.96822     1747.92400
      219.00000     1694.82936     1747.68576
      220.00000     1694.68988     1747.44649
      221.00000     1694.54977     1747.20619
      222.00000     1694.40903     1746.96486
      223.00000     1694.26766     1746.72250
      224.00000     1694.12566     1746.47911
      225.00000     1693.98303     1746.23468
      226.00000     1693.83976     1745.98921
      227.00000     1693.69586     1745.74271
      228.00000     1693.55131     1745.49517
      229.00000     1693.40613     1745.24658
      230.00000     1693.26031     1744.99695
      231.00000     1693.11385     1744.74628
      232.00000     1692.96675     1744.49456
      233.00000     1692.81900     1744.24179
      234.00000     1692.67061     1743.98797
      235.00000     1692.52157     1743.73310
      236.00000     1692.37188     1743.47718
      237.00000     1692.22154     1743.22020
      238.00000     1692.07055     1742.96217
      239.00000     1691.91891     1742.70307
      240.00000     1691.76661     1742.44291
      241.00000     1691.61366     1742.18170
      242.00000     1691.46005     1741.91941
      243.00000     1691.30578     1741.65607
      244.00000     1691.15085     1741.39165
      245.00000     1690.99526     1741.12616
      246.00000     1690.83901     1740.85961
      247.00000     1690.68209     1740.59197
      248.00000     1690.52450     1740.32327
      249.00000     1690.36625     1740.05349
      250.00000     1690.20732     1739.78262
      251.00000     1690.04773     1739.51068
      252.00000     1689.88746     1739.23766
      253.00000     1689.72652     1738.96355
      254.00000     1689.56491     1738.68835
      255.00000     1689.40261     1738.41207
      256.00000     1689.23964     1738.13469
      257.00000     1689.07599     1737.85622
      258.00000     1688.91165     1737.57666
      259.00000     1688.74663     1737.29601
      260.00000     1688.58093     1737.01425
      261.00000     1688.41453     1736.73140
      262.00000     1688.24745     1736.44744
      263.00000     1688.07968     1736.16238
      264.00000     1687.91122     1735.87621
      265.00000     1687.74206     1735.58894
      266.00000     1687.57221     1735.30056
      267.00000     1687.40166     1735.01106
      268.00000     1687.23041     1734.72045
      269.00000     1687.05846     1734.42873
      270.00000     1686.88580     1734.13588
      271.00000     1686.71245     1733.84192
      272.00000     1686.53839     1733.54684
      273.00000     1686.36362     1733.25063
      274.00000     1686.18814     1732.95329
      275.00000     1686.01195     1732.65483
      276.00000     1685.83505     1732.35524
      277.00000     1685.65743     1732.05451
      278.00000     1685.47909     1731.75265
      279.00000     1685.30004     1731.44966
      280.00000     1685.12027     1731.14552
      281.00000     1684.93978     1730.84025
      282.00000     1684.75856     1730.53383
      283.00000     1684.57662     1730.22626
      284.00000     1684.39395     1729.91755
      285.00000     1684.21055     1729.60769
      286.00000     1684.02641     1729.29668
      287.00000     1683.84155     1728.98452
      288.00000     1683.65595     1728.67120
      289.00000     1683.46962     1728.35672
      290.00000     1683.28254     1728.04108
      291.00000     1683.09473     1727.72427
      292.00000     1682.90617     1727.40631
      293.00000     1682.71687     1727.08717
      294.00000     1682.52683     1726.76687
      295.00000     1682.33603     1726.44539
      296.00000     1682.14449     1726.12275
      297.00000     1681.95219     1725.79892
      298.00000     1681.75914     1725.47392
      299.00000     1681.56533     1725.14773
      300.00000     1681.37077     1724.82037
      301.00000     1681.17544     1724.49182
      302.00000     1680.97935     1724.16208
      303.00000     1680.78250     1723.83115
      304.00000     1680.58488     1723.49902
      305.00000     1680.38650     1723.16571
      306.00000     1680.18734     1722.83119
      307.00000     1679.98742     1722.49548
      308.00000     1679.78672     1722.15857
      309.00000     1679.58524     1721.82045
      310.00000     1679.38298     1721.48112
      311.00000     1679.17995     1721.14059
      312.00000     1678.97613     1720.79884
      313.00000     1678.77152     1720.45588
      314.00000     1678.56613     1720.11170
      315.00000     1678.35996     1719.76631
      316.00000     1678.15299     1719.41969
      317.00000     1677.94522     1719.07185
      318.00000     1677.73667     1718.72279
      319.00000     1677.52731     1718.37249
      320.00000     1677.31716     1718.02096
      321.00000     1677.10620     1717.66820
      322.00000     1676.89444     1717.31420
      323.00000     1676.68188     1716.95897
      324.00000     1676.46851     1716.60249
      325.00000     1676.25432     1716.24477
      326.00000     1676.03933     1715.88580
      327.00000     1675.82352     1715.52558
      328.00000     1675.60689     1715.16411
      329.00000     1675.38944     1714.80139
      330.00000     1675.17117     1714.43741
      331.00000     1674.95208     1714.07217
      332.00000     1674.73217     1713.70566
      333.00000     1674.51142     1713.33789
      334.00000     1674.28984     1712.96886
      335.00000     1674.06744     1712.59855
      336.00000     1673.84419     1712.22697
      337.00000     1673.62011     1711.85411
      338.00000     1673.39519     1711.47998
      339.00000     1673.16943     1711.10456
      340.00000     1672.94282     1710.72786
      341.00000     1672.71537     1710.34987
      342.00000     1672.48707     1709.97060
      343.00000     1672.25792     1709.59003
      344.00000     1672.02792     1709.20816
      345.00000     1671.79705     1708.82500
      346.00000     1671.56534     1708.44053
      347.00000     1671.33276     1708.05477
      348.00000     1671.09931     1707.66769
      349.00000     1670.86501     1707.27931
      350.00000     1670.62983     1706.88961
      351.00000     1670.39379     1706.49860
      352.00000     1670.15687     1706.10627
      353.00000     1669.91908     1705.71261
      354.00000     1669.68041     1705.31764
      355.00000     1669.44087     1704.92133
      356.00000     1669.20044     1704.52370
      357.00000     1668.95912     1704.12473
      358.00000     1668.71692     1703.72443
      359.00000     1668.47384     1703.32279
      360.00000     1668.22986     1702.91980
      361.00000     1667.98498     1702.51547
      362.00000     1667.73921     1702.10979
      363.00000     1667.49255     1701.70276
      364.00000     1667.24498     1701.29438
      365.00000     1666.99650     1700.88463
      366.00000     1666.74712     1700.47353
      367.00000     1666.49684     1700.06106
      368.00000     1666.24564     1699.64723
      369.00000     1665.99353     1699.23202
      370.00000     1665.74050     1698.81545
      371.00000     1665.48656     1698.39749
      372.00000     1665.23170     1697.97815
      373.00000     1664.97591     1697.55743
      374.00000     1664.71920     1697.13533
      375.00000     1664.46156     1696.71183
      376.00000     1664.20299     1696.28694
      377.00000     1663.94349     1695.86066
      378.00000     1663.68305     1695.43297
      379.00000     1663.42168     1695.00388
      380.00000     1663.15936     1694.57339
      381.00000     1662.89611     1694.14148
      382.00000     1662.63191     1693.70816
      383.00000     1662.36676     1693.27343
      384.00000     1662.10067     1692.83727
      385.00000     1661.83362     1692.39969
      386.00000     1661.56562     1691.96068
      387.00000     1661.29666     1691.52024
      388.00000     1661.02675     1691.07837
      389.00000     1660.75587     1690.63506
      390.00000     1660.48403     1690.19030
      391.00000     1660.21123     1689.74411
      392.00000     1659.93746     1689.29646
      393.00000     1659.66271     1688.84736
      394.00000     1659.38700     1688.39680
      395.00000     1659.11031     1687.94478
      396.00000     1658.83265     1687.49130
      397.00000     1658.55400     1687.03635
      398.00000     1658.27438     1686.57993
      399.00000     1657.99377     1686.12204
      400.00000     1657.71217     1685.66266
      401.00000     1657.42959     1685.20181
      402.00000     1657.14602     1684.73946
      403.00000     1656.86146     1684.27563
      404.00000     1656.57590     1683.81030
      405.00000     1656.28935     1683.34347
      406.00000     1656.00180     1682.87514
      407.00000     1655.71325     1682.40530
      408.00000     1655.42370     1681.93396
      409.00000     1655.13314     1681.46109
      410.00000     1654.84158     1680.98671
      411.00000     1654.54901     1680.51081
      412.00000     1654.25544     1680.03338
      413.00000     1653.96085     1679.55441
      414.00000     1653.66525     1679.07391
      415.00000     1653.36863     1678.59187
      416.00000     1653.07100     1678.10829
      417.00000     1652.77236     1677.62316
      418.00000     1652.47269     1677.13648
      419.00000     1652.17200     1676.64823
      420.00000     1651.87029     1676.15843
      421.00000     1651.56756     1675.66706
      422.00000     1651.26380     1675.17412
      423.00000     1650.95902     1674.67960
      424.00000     1650.65321     1674.18351
      425.00000     1650.34637     1673.68583
      426.00000     1650.03850     1673.18656
      427.00000     1649.72961     1672.68569
      428.00000     1649.41968     1672.18323
      429.00000     1649.10871     1671.67917
      430.00000     1648.79672     1671.17349
      431.00000     1648.48369     1670.66621
      432.00000     1648.16963     1670.15730
      433.00000     1647.85453     1669.64677
      434.00000     1647.53840     1669.13462
      435.00000     1647.22123     1668.62083
      436.00000     1646.90302     1668.10540
      437.00000     1646.58378     1667.58833
      438.00000     1646.26351     1667.06962
      439.00000     1645.94219     1666.54924
      440.00000     1645.61984     1666.02721
      441.00000     1645.29646     1665.50352
      442.00000     1644.97204     1664.97815
      443.00000     1644.64658     1664.45111
      444.00000     1644.32009     1663.92239
      445.00000     1643.99256     1663.39199
      446.00000     1643.66401     1662.85989
      447.00000     1643.33442     1662.32609
      448.00000     1643.00379     1661.79059
      449.00000     1642.67214     1661.25338
      450.00000     1642.33947     1660.71446
      451.00000     1642.00576     1660.17382
      452.00000     1641.67103     1659.63145
      453.00000     1641.33528     1659.08735
      454.00000     1640.99850     1658.54150
      455.00000     1640.66071     1657.99392
      456.00000     1640.32190     1657.44458
      457.00000     1639.98207     1656.89348
      458.00000     1639.64123     1656.34062
      459.00000     1639.29939     1655.78599
      460.00000     1638.95654     1655.22958
      461.00000     1638.61269     1654.67139
      462.00000     1638.26784     1654.11141
      463.00000     1637.92199     1653.54963
      464.00000     1637.57515     1652.98604
      465.00000     1637.22733     1652.42065
      466.00000     1636.87852     1651.85344
      467.00000     1636.52874     1651.28440
      468.00000     1636.17798     1650.71352
      469.00000     1635.82625     1650.14081
      470.00000     1635.47356     1649.56625
      471.00000     1635.11991     1648.98984
      472.00000     1634.76531     1648.41156
      473.00000     1634.40976     1647.83141
      474.00000     1634.05328     1647.24939
      475.00000     1633.69585     1646.66548
      476.00000     1633.33751     1646.07967
      477.00000     1632.97824     1645.49196
      478.00000     1632.61805     1644.90234
      479.00000     1632.25697     1644.31080
      480.00000     1631.89498     1643.71733
      481.00000     1631.53210     1643.12192
      482.00000     1631.16834     1642.52457
      483.00000     1630.80370     1641.92526
      484.00000     1630.43820     1641.32399
      485.00000     1630.07184     1640.72075
      486.00000     1629.70464     1640.11552
      487.00000     1629.33659     1639.50831
      488.00000     1628.96771     1638.89908
      489.00000     1628.59801     1638.28785
      490.00000     1628.22751     1637.67460
      491.00000     1627.85620     1637.05931
      492.00000     1627.48409     1636.44198
      493.00000     1627.11121     1635.82260
      494.00000     1626.73756     1635.20115
      495.00000     1626.36314     1634.57762
      496.00000     1625.98797     1633.95202
      497.00000     1625.61207     1633.32431
      498.00000     1625.23543     1632.69449
      499.00000     1624.85807     1632.06255
      500.00000     1624.48000     1631.42848
      501.00000     1624.10123     1630.79226
      502.00000     1623.72177     1630.15389
      503.00000     1623.34164     1629.51334
      504.00000     1622.96083     1628.87061
      505.00000     1622.57935     1628.22568
      506.00000     1622.19723     1627.57854
      507.00000     1621.81446     1626.92917
      508.00000     1621.43106     1626.27757
      509.00000     1621.04702     1625.62371
      510.00000     1620.66236     1624.96758
      511.00000     1620.27709     1624.30917
      512.00000     1619.89121     1623.64846
      513.00000     1619.50472     1622.98544
      514.00000     1619.11763     1622.32009
      515.00000     1618.72994     1621.65238
      516.00000     1618.34165     1620.98232
      517.00000     1617.95276     1620.30987
      518.00000     1617.56328     1619.63503
      519.00000     1617.17320     1618.95777
      520.00000     1616.78251     1618.27807
      521.00000     1616.39121     1617.59592
      522.00000     1615.99930     1616.91129
      523.00000     1615.60677     1616.22418
      524.00000     1615.21359     1615.53454
      525.00000     1614.81978     1614.84238
      526.00000     1614.14766     1614.42530
      527.00000     1613.45036     1614.03013
      528.00000     1612.75046     1613.63427
      529.00000     1612.04793     1613.23769
      530.00000     1611.34276     1612.84036
      531.00000     1610.63492     1612.44226
      532.00000     1609.92439     1612.04335
      533.00000     1609.21113     1611.64361
      534.00000     1608.49512     1611.24298
      535.00000     1607.77634     1610.84145
      536.00000     1607.05475     1610.43895
      537.00000     1606.33033     1610.03545
      538.00000     1605.60305     1609.63088
      539.00000     1604.87288     1609.22521
      540.00000     1604.13979     1608.81836
      541.00000     1603.40374     1608.41027
      542.00000     1602.66471     1608.00089
      543.00000     1601.92265     1607.59012
      544.00000     1601.17753     1607.17791
      545.00000     1600.42932     1606.76416
      546.00000     1599.67798     1606.34880
      547.00000     1598.92347     1605.93173
      548.00000     1598.16575     1605.51285
      549.00000     1597.40478     1605.09207
      550.00000     1596.64052     1604.66928
      551.00000     1595.87291     1604.24437
      552.00000     1595.10193     1603.81722
      553.00000     1594.32751     1603.38771
      554.00000     1593.54962     1602.95571
      555.00000     1592.76820     1602.52109
      556.00000     1591.98320     1602.08371
      557.00000     1591.19456     1601.64342
      558.00000     1590.40223     1601.20008
      559.00000     1589.60615     1600.75352
      560.00000     1588.80627     1600.30357
      561.00000     1588.00251     1599.85008
      562.00000     1587.19482     1599.39285
      563.00000     1586.38312     1598.93170
      564.00000     1585.56735     1598.46644
      565.00000     1584.74744     1597.99688
      566.00000     1583.92330     1597.52279
      567.00000     1583.09486     1597.04396
      568.00000     1582.26204     1596.56018
      569.00000     1581.42476     1596.07120
      570.00000     1580.58292     1595.57679
      571.00000     1579.73643     1595.07669
      572.00000     1578.88520     1594.57063
      573.00000     1578.02912     1594.05835
      574.00000     1577.16809     1593.53957
      575.00000     1576.30200     1593.01399
      576.00000     1575.43073     1592.48130
      577.00000     1574.55417     1591.94118
      578.00000     1573.67219     1591.39331
      579.00000     1572.78465     1590.83733
      580.00000     1571.89142     1590.27289
      581.00000     1570.99235     1589.69960
      582.00000     1570.08728     1589.11708
      583.00000     1569.17607     1588.52492
      584.00000     1568.25854     1587.92268
      585.00000     1567.33451     1587.30991
      586.00000     1566.40380     1586.68615
      587.00000     1565.46620     1586.05089
      588.00000     1564.52152     1585.40362
      589.00000     1563.56953     1584.74379
      590.00000     1562.60999     1584.07082
      591.00000     1561.64267     1583.38412
      592.00000     1560.66730     1582.68304
      593.00000     1559.68361     1581.96690
      594.00000     1558.69130     1581.23500
      595.00000     1557.69005     1580.48657
      596.00000     1556.67955     1579.72081
      597.00000     1555.65943     1578.93688
      598.00000     1554.62932     1578.13386
      599.00000     1553.58880     1577.31078
      600.00000     1552.53746     1576.46662
      601.00000     1551.47482     1575.60027
      602.00000     1550.40039     1574.71054
      603.00000     1549.31362     1573.79616
      604.00000     1548.21395     1572.85577
      605.00000     1547.10075     1571.88789
      606.00000     1545.97334     1570.89091
      607.00000     1544.83099     1569.86312
      608.00000     1543.67289     1568.80263
      609.00000     1542.49818     1567.70739
      610.00000     1541.30591     1566.57516
      611.00000     1540.09503     1565.40348
      612.00000     1538.86440     1564.18966
      613.00000     1537.61274     1562.93070
      614.00000     1536.33865     1561.62329
      615.00000     1535.04056     1560.26375
      616.00000     1533.71672     1558.84795
      617.00000     1532.36517     1557.37125
      618.00000     1530.98368     1555.82838
      619.00000     1529.56972     1554.21337
      620.00000     1528.12041     1552.51934
      621.00000     1526.63239     1550.73833
      622.00000     1525.10180     1548.86106
      623.00000     1523.52405     1546.87652
      624.00000     1521.89371     1544.77151
      625.00000     1520.20420     1542.52996
      626.00000     1518.44746     1540.13181
      627.00000     1516.61340     1537.55141
      628.00000     1514.68902     1534.75473
      629.00000     1512.65708     1531.69451
      630.00000     1510.49367     1528.30052
      631.00000     1508.16367     1524.45790
      632.00000     1505.61096     1519.94763
      633.00000     1502.73558     1514.21257
      634.00000     1500.91978     1500.91978
