     0.0000000000     0.0000000000     0.0000000000     0.0000000000
     0.0040071335     0.0000628952     0.0020039810     0.0001121630
     0.0080142670     0.0002511456     0.0080157261     0.0004486248
     0.0120214005     0.0005634449     0.0180346412     0.0010093044
     0.0160285339     0.0009976166     0.0320597360     0.0017940666
     0.0200356674     0.0015506139     0.0500896244     0.0028027222
     0.0240428009     0.0022185207     0.0721225241     0.0040350281
     0.0280499344     0.0029965517     0.0981562567     0.0054906871
     0.0320570679     0.0038790540     0.1281882476     0.0071693479
     0.0360642014     0.0048595074     0.1622155264     0.0090706057
     0.0400713349     0.0059305261     0.2002347264     0.0111940014
     0.0440784684     0.0070838599     0.2422420847     0.0135390223
     0.0480856018     0.0083103955     0.2882334425     0.0161051020
     0.0520927353     0.0096001585     0.3382042447     0.0188916204
     0.0560998688     0.0109423152     0.3921495402     0.0218979036
     0.0601070023     0.0123251742     0.4500639816     0.0251232246
     0.0641141358     0.0137361892     0.5119418254     0.0285668025
     0.0681212693     0.0151619612     0.5777769318     0.0322278035
     0.0721284028     0.0165882407     0.6475627652     0.0361053402
     0.0761355362     0.0179999309     0.7212923933     0.0401984723
     0.0801426697     0.0193810903     0.7989584880     0.0445062066
     0.0841498032     0.0207149364     0.8805533248     0.0490274967
     0.0881569367     0.0219838481     0.9660687831     0.0537612439
     0.0921640702     0.0231693702     1.0554963460     0.0587062965
     0.0961712037     0.0242522165     1.1488271006     0.0638614507
     0.1001783372     0.0252122741     1.2460517377     0.0692254504
     0.1041854707     0.0260286074     1.3471605519     0.0747969871
     0.1081926041     0.0266794627     1.4521434418     0.0805747008
     0.1121997376     0.0271422725     1.5609899097     0.0865571795
     0.1162068711     0.0273936607     1.6736890621     0.0927429599
     0.1202140046     0.0274094477     1.7902296091     0.0991305272
     0.1242211381     0.0271646555     1.9105998652     0.1057183156
     0.1282282716     0.0266335136     2.0347877486     0.1125047084
     0.1322354051     0.0257894647     2.1627807820     0.1194880384
     0.1362425385     0.0246051709     2.2945660919     0.1266665880
     0.1402496720     0.0230525202     2.4301304094     0.1340385894
     0.1442568055     0.0211026331     2.5694600698     0.1416022252
     0.1482639390     0.0187258697     2.7125410130     0.1493556282
     0.1522710725     0.0158918368     2.8593587834     0.1572968822
     0.1562782060     0.0125693957     3.0098985304     0.1654240220
     0.1602853395     0.0087266699     3.1641450078     0.1737350339
     0.1642924730     0.0043310536     3.3220825750     0.1822278559
     0.1682996064    -0.0006507799     3.4836951963     0.1909003782
     0.1723067399    -0.0062528696     3.6489664416     0.1997504433
     0.1763138734    -0.0125099570     3.8178794862     0.2087758467
     0.1803210069    -0.0194574770     3.9904171115     0.2179743373
     0.1843281404    -0.0271315478     4.1665617051     0.2273436175
     0.1883352739    -0.0355689606     4.3462952608     0.2368813438
     0.1923424074    -0.0448071690     4.5295993792     0.2465851274
     0.1963495408    -0.0548842780     4.7164552681     0.2564525344
     0.2003566743    -0.0658390324     4.9068437424     0.2664810865
     0.2043638078    -0.0777108051     5.1007452250     0.2766682613
     0.2083709413    -0.0905395848     5.2981397468     0.2870114931
     0.2123780748    -0.1043659637     5.4990069474     0.2975081728
     0.2163852083    -0.1192311240     5.7033260755     0.3081556495
     0.2203923418    -0.1351768245     5.9110759892     0.3189512299
     0.2243994753    -0.1522453873     6.1222351567     0.3298921797
     0.2284066087    -0.1704796825     6.3367816570     0.3409757239
     0.2324137422    -0.1899231142     6.5546931801     0.3521990474
     0.2364208757    -0.2106196051     6.7759470281     0.3635592958
     0.2404280092    -0.2326135807     7.0005201155     0.3750535759
     0.2444351427    -0.2559499531     7.2283889699     0.3866789565
     0.2484422762    -0.2806741048     7.4595297332     0.3984324688
     0.2524494097    -0.3068318713     7.6939181619     0.4103111077
     0.2564565432    -0.3344695234     7.9315296282     0.4223118321
     0.2604636766    -0.3636337500     8.1723391207     0.4344315655
     0.2644708101    -0.3943716387     8.4163212456     0.4466671974
     0.2684779436    -0.4267306573     8.6634502274     0.4590155837
     0.2724850771    -0.4607586344     8.9136999102     0.4714735473
     0.2764922106    -0.4965037393     9.1670437586     0.4840378797
     0.2804993441    -0.5340144615     9.4234548589     0.4967053409
     0.2845064776    -0.5733395902     9.6829059204     0.5094726612
     0.2885136110    -0.6145281925     9.9453692764     0.5223365415
     0.2925207445    -0.6576295917    10.2108168859     0.5352936545
     0.2965278780    -0.7026933449    10.4792203345     0.5483406456
     0.3005350115    -0.7497692202    10.7505508365     0.5614741338
     0.3045421450    -0.7989071734    11.0247792357     0.5746907129
     0.3085492785    -0.8501573243    11.3018760075     0.5879869523
     0.3125564120    -0.9035699320    11.5818112603     0.6013593983
     0.3165635455    -0.9591953709    11.8645547375     0.6148045748
     0.3205706789    -1.0170841047    12.1500758188     0.6283189847
     0.3245778124    -1.0772866615    12.4383435227     0.6418991110
     0.3285849459    -1.1398536072    12.7293265080     0.6555414177
     0.3325920794    -1.2048355193    13.0229930760     0.6692423511
     0.3365992129    -1.2722829600    13.3193111726     0.6829983411
     0.3406063464    -1.3422464485    13.6182483906     0.6968058019
     0.3446134799    -1.4147764335    13.9197719718     0.7106611340
     0.3486206133    -1.4899232653    14.2238488097     0.7245607247
     0.3526277468    -1.5677371668    14.5304454517     0.7385009497
     0.3566348803    -1.6482682051    14.8395281016     0.7524781742
     0.3606420138    -1.7315662619    15.1510626227     0.7664887545
     0.3646491473    -1.8176810045    15.4650145401     0.7805290387
     0.3686562808    -1.9066618556    15.7813490439     0.7945953689
     0.3726634143    -1.9985579630    16.1000309920     0.8086840815
     0.3766705478    -2.0934181698    16.4210249133     0.8227915094
     0.3806776812    -2.1912909835    16.7442950105     0.8369139829
     0.3846848147    -2.2922245451    17.0698051642     0.8510478313
     0.3886919482    -2.3962665982    17.3975189355     0.8651893840
     0.3926990817    -2.5034644576    17.7273995699     0.8793349721
     0.3967062152    -2.6138649785    18.0594100009     0.8934809301
     0.4007133487    -2.7275145243    18.3935128539     0.9076235966
     0.4047204822    -2.8444589357    18.7296704496     0.9217593163
     0.4087276156    -2.9647434986    19.0678448087     0.9358844413
     0.4127347491    -3.0884129129    19.4079976555     0.9499953324
     0.4167418826    -3.2155112607    19.7500904224     0.9640883607
     0.4207490161    -3.3460819744    20.0940842541     0.9781599090
     0.4247561496    -3.4801678057    20.4399400125     0.9922063732
     0.4287632831    -3.6178107939    20.7876182808     1.0062241639
     0.4327704166    -3.7590522344    21.1370793688     1.0202097076
     0.4367775501    -3.9039326478    21.4882833176     1.0341594483
     0.4407846835    -4.0524917490    21.8411899048     1.0480698492
     0.4447918170    -4.2047684163    22.1957586495     1.0619373935
     0.4487989505    -4.3608006612    22.5519488177     1.0757585866
     0.4528060840    -4.5206255978    22.9097194280     1.0895299569
     0.4568132175    -4.6842794136    23.2690292573     1.1032480578
     0.4608203510    -4.8517973399    23.6298368460     1.1169094685
     0.4648274845    -5.0232136224    23.9921005049     1.1305107959
     0.4688346179    -5.1985614933    24.3557783203     1.1440486759
     0.4728417514    -5.3778731427    24.7208281612     1.1575197745
     0.4768488849    -5.5611796917    25.0872076847     1.1709207895
     0.4808560184    -5.7485111646    25.4548743437     1.1842484517
     0.4848631519    -5.9398964635    25.8237853926     1.1974995264
     0.4888702854    -6.1353633417    26.1938978949     1.2106708143
     0.4928774189    -6.3349383794    26.5651687296     1.2237591534
     0.4968845524    -6.5386469589    26.9375545991     1.2367614197
     0.5008916858    -6.7465132410    27.3110120359     1.2496745289
     0.5048988193    -6.9585601424    27.6854974108     1.2624954371
     0.5089059528    -7.1748093137    28.0609669397     1.2752211428
     0.5129130863    -7.3952811181    28.4373766922     1.2878486873
     0.5169202198    -7.6199946109    28.8146825994     1.3003751562
     0.5209273533    -7.8489675205    29.1928404618     1.3127976805
     0.5249344868    -8.0822162296    29.5718059578     1.3251134377
     0.5289416202    -8.3197557580    29.9515346523     1.3373196528
     0.5329487537    -8.5615997456    30.3319820050     1.3494135994
     0.5369558872    -8.8077604372    30.7131033797     1.3613926004
     0.5409630207    -9.0582486681    31.0948540527     1.3732540294
     0.5449701542    -9.3130738503    31.4771892223     1.3849953115
     0.5489772877    -9.5722439601    31.8600640178     1.3966139238
     0.5529844212    -9.8357655272    32.2434335091     1.4081073968
     0.5569915547   -10.1036436243    32.6272527164     1.4194733149
     0.5609986881   -10.3758818578    33.0114766194     1.4307093171
     0.5650058216   -10.6524823600    33.3960601678     1.4418130981
     0.5690129551   -10.9334457827    33.7809582908     1.4527824085
     0.5730200886   -11.2187712908    34.1661259075     1.4636150558
     0.5770272221   -11.5084565585    34.5515179373     1.4743089050
     0.5810343556   -11.8024977654    34.9370893101     1.4848618790
     0.5850414891   -12.1008895949    35.3227949770     1.4952719594
     0.5890486225   -12.4036252326    35.7085899207     1.5055371865
     0.5930557560   -12.7106963672    36.0944291670     1.5156556605
     0.5970628895   -13.0220931912    36.4802677950     1.5256255410
     0.6010700230   -13.3378044036    36.8660609486     1.5354450482
     0.6050771565   -13.6578172138    37.2517638476     1.5451124627
     0.6090842900   -13.9821173462    37.6373317989     1.5546261261
     0.6130914235   -14.3106890458    38.0227202078     1.5639844410
     0.6170985570   -14.6435150862    38.4078845898     1.5731858714
     0.6211056904   -14.9805767767    38.7927805821     1.5822289426
     0.6251128239   -15.3218539723    39.1773639548     1.5911122416
     0.6291199574   -15.6673250837    39.5615906234     1.5998344172
     0.6331270909   -16.0169670887    39.9454166601     1.6083941798
     0.6371342244   -16.3707555448    40.3287983058     1.6167903015
     0.6411413579   -16.7286646025    40.7116919824     1.6250216162
     0.6451484914   -17.0906670199    41.0940543041     1.6330870195
     0.6491556248   -17.4567341777    41.4758420902     1.6409854683
     0.6531627583   -17.8268360958    41.8570123769     1.6487159813
     0.6571698918   -18.2009414507    42.2375224293     1.6562776380
     0.6611770253   -18.5790175932    42.6173297539     1.6636695792
     0.6651841588   -18.9610305677    42.9963921103     1.6708910065
     0.6691912923   -19.3469451317    43.3746675241     1.6779411819
     0.6731984258   -19.7367247766    43.7521142984     1.6848194276
     0.6772055593   -20.1303317486    44.1286910264     1.6915251260
     0.6812126927   -20.5277270713    44.5043566033     1.6980577186
     0.6852198262   -20.9288705680    44.8790702388     1.7044167062
     0.6892269597   -21.3337208850    45.2527914690     1.7106016486
     0.6932340932   -21.7422355158    45.6254801683     1.7166121636
     0.6972412267   -22.1543708254    45.9970965618     1.7224479267
     0.7012483602   -22.5700820757    46.3676012369     1.7281086712
     0.7052554937   -22.9893234505    46.7369551556     1.7335941868
     0.7092626271   -23.4120480822    47.1051196658     1.7389043197
     0.7132697606   -23.8382080777    47.4720565134     1.7440389718
     0.7172768941   -24.2677545454    47.8377278536     1.7489981001
     0.7212840276   -24.7006376227    48.2020962627     1.7537817164
     0.7252911611   -25.1368065031    48.5651247495     1.7583898861
     0.7292982946   -25.5762094642    48.9267767660     1.7628227283
     0.7333054281   -26.0187938958    49.2870162192     1.7670804146
     0.7373125616   -26.4645063280    49.6458074815     1.7711631688
     0.7413196950   -26.9132924595    50.0031154020     1.7750712659
     0.7453268285   -27.3650971866    50.3589053165     1.7788050316
     0.7493339620   -27.8198646316    50.7131430586     1.7823648419
     0.7533410955   -28.2775381714    51.0657949693     1.7857511219
     0.7573482290   -28.7380604665    51.4168279075     1.7889643452
     0.7613553625   -29.2013734899    51.7662092595     1.7920050334
     0.7653624960   -29.6674185555    52.1139069490     1.7948737553
     0.7693696295   -30.1361363469    52.4598894461     1.7975711261
     0.7733767629   -30.6074669466    52.8041257764     1.8000978065
     0.7773838964   -31.0813498636    53.1465855302     1.8024545023
     0.7813910299   -31.5577240626    53.4872388708     1.8046419636
     0.7853981634   -32.0365279918    53.8260565431     1.8066609835
     0.7894052969   -32.5176996108    54.1630098815     1.8085123982
     0.7934124304   -33.0011764191    54.4980708177     1.8101970855
     0.7974195639   -33.4868954828    54.8312118881     1.8117159644
     0.8014266973   -33.9747934628    55.1624062412     1.8130699944
     0.8054338308   -34.4648066411    55.4916276444     1.8142601745
     0.8094409643   -34.9568709481    55.8188504904     1.8152875424
     0.8134480978   -35.4509219886    56.1440498037     1.8161531741
     0.8174552313   -35.9468950685    56.4672012460     1.8168581827
     0.8214623648   -36.4447252198    56.7882811224     1.8174037179
     0.8254694983   -36.9443472265    57.1072663863     1.8177909651
     0.8294766318   -37.4456956495    57.4241346441     1.8180211448
     0.8334837652   -37.9487048512    57.7388641599     1.8180955115
     0.8374908987   -38.4533090196    58.0514338598     1.8180153535
     0.8414980322   -38.9594421920    58.3618233353     1.8177819915
     0.8455051657   -39.4670382786    58.6700128470     1.8173967783
     0.8495122992   -39.9760310853    58.9759833277     1.8168610977
     0.8535194327   -40.4863543359    59.2797163846     1.8161763641
     0.8575265662   -40.9979416947    59.5811943022     1.8153440217
     0.8615336996   -41.5107267873    59.8804000439     1.8143655432
     0.8655408331   -42.0246432221    60.1773172534     1.8132424300
     0.8695479666   -42.5396246107    60.4719302560     1.8119762106
     0.8735551001   -43.0556045884    60.7642240595     1.8105684404
     0.8775622336   -43.5725168331    61.0541843543     1.8090207007
     0.8815693671   -44.0902950851    61.3417975135     1.8073345981
     0.8855765006   -44.6088731656    61.6270505924     1.8055117637
     0.8895836341   -45.1281849944    61.9099313279     1.8035538524
     0.8935907675   -45.6481646083    62.1904281371     1.8014625424
     0.8975979010   -46.1687461778    62.4685301161     1.7992395339
     0.9016050345   -46.6898640238    62.7442270377     1.7968865491
     0.9056121680   -47.2114526341    63.0175093491     1.7944053311
     0.9096193015   -47.7334466789    63.2883681696     1.7917976433
     0.9136264350   -48.2557810261    63.5567952871     1.7890652685
     0.9176335685   -48.7783907561    63.8227831550     1.7862100086
     0.9216407019   -49.3012111761    64.0863248882     1.7832336837
     0.9256478354   -49.8241778339    64.3474142592     1.7801381313
     0.9296549689   -50.3472265310    64.6060456935     1.7769252058
     0.9336621024   -50.8702933361    64.8622142646     1.7735967780
     0.9376692359   -51.3933145969    65.1159156891     1.7701547337
     0.9416763694   -51.9162269526    65.3671463210     1.7666009741
     0.9456835029   -52.4389673451    65.6159031462     1.7629374143
     0.9496906364   -52.9614730301    65.8621837759     1.7591659830
     0.9536977698   -53.4836815881    66.1059864404     1.7552886218
     0.9577049033   -54.0055309343    66.3473099824     1.7513072844
     0.9617120368   -54.5269593286    66.5861538497     1.7472239363
     0.9657191703   -55.0479053849    66.8225180883     1.7430405540
     0.9697263038   -55.5683080803    67.0564033341     1.7387591242
     0.9737334373   -56.0881067637    67.2878108058     1.7343816433
     0.9777405708   -56.6072411636    67.5167422962     1.7299101170
     0.9817477042   -57.1256513967    67.7432001638     1.7253465592
     0.9857548377   -57.6432779748    67.9671873246     1.7206929919
     0.9897619712   -58.1600618120    68.1887072430     1.7159514443
     0.9937691047   -58.6759442316    68.4077639223     1.7111239523
     0.9977762382   -59.1908669725    68.6243618961     1.7062125578
     1.0017833717   -59.7047721952    68.8385062184     1.7012193082
     1.0057905052   -60.2176024875    69.0502024540     1.6961462560
     1.0097976387   -60.7293008700    69.2594566684     1.6909954577
     1.0138047721   -61.2398108012    69.4662754183     1.6857689739
     1.0178119056   -61.7490761823    69.6706657407     1.6804688680
     1.0218190391   -62.2570413615    69.8726351431     1.6750972066
     1.0258261726   -62.7636511383    70.0721915928     1.6696560577
     1.0298333061   -63.2688507677    70.2693435063     1.6641474915
     1.0338404396   -63.7725859634    70.4640997386     1.6585735786
     1.0378475731   -64.2748029016    70.6564695720     1.6529363905
     1.0418547065   -64.7754482236    70.8464627059     1.6472379984
     1.0458618400   -65.2744690392    71.0340892451     1.6414804729
     1.0498689735   -65.7718129289    71.2193596890     1.6356658836
     1.0538761070   -66.2674279468    71.4022849203     1.6297962984
     1.0578832405   -66.7612626221    71.5828761940     1.6238737832
     1.0618903740   -67.2532659615    71.7611451259     1.6179004010
     1.0658975075   -67.7433874508    71.9371036813     1.6118782119
     1.0699046410   -68.2315770565    72.1107641638     1.6058092724
     1.0739117744   -68.7177852269    72.2821392040     1.5996956350
     1.0779189079   -69.2019628936    72.4512417477     1.5935393473
     1.0819260414   -69.6840614720    72.6180850453     1.5873424524
     1.0859331749   -70.1640328625    72.7826826396     1.5811069875
     1.0899403084   -70.6418294508    72.9450483552     1.5748349843
     1.0939474419   -71.1174041083    73.1051962868     1.5685284678
     1.0979545754   -71.5907101928    73.2631407880     1.5621894565
     1.1019617088   -72.0617015481    73.4188964601     1.5558199616
     1.1059688423   -72.5303325043    73.5724781410     1.5494219866
     1.1099759758   -72.9965578775    73.7239008939     1.5429975271
     1.1139831093   -73.4603329696    73.8731799965     1.5365485703
     1.1179902428   -73.9216135678    74.0203309299     1.5300770945
     1.1219973763   -74.3803559442    74.1653693676     1.5235850689
     1.1260045098   -74.8365168547    74.3083111648     1.5170744530
     1.1300116433   -75.2900535389    74.4491723480     1.5105471965
     1.1340187767   -75.7409237187    74.5879691036     1.5040052386
     1.1380259102   -76.1890855973    74.7247177683     1.4974505081
     1.1420330437   -76.6344978587    74.8594348180     1.4908849226
     1.1460401772   -77.0771196657    74.9921368580     1.4843103885
     1.1500473107   -77.5169106593    75.1228406124     1.4777288004
     1.1540544442   -77.9538309571    75.2515629145     1.4711420409
     1.1580615777   -78.3878411518    75.3783206966     1.4645519804
     1.1620687111   -78.8189023098    75.5031309802     1.4579604768
     1.1660758446   -79.2469759698    75.6260108666     1.4513693748
     1.1700829781   -79.6720241409    75.7469775274     1.4447805061
     1.1740901116   -80.0940093008    75.8660481947     1.4381956890
     1.1780972451   -80.5128943946    75.9832401524     1.4316167278
     1.1821043786   -80.9286428326    76.0985707270     1.4250454130
     1.1861115121   -81.3412184882    76.2120572787     1.4184835208
     1.1901186456   -81.7505856967    76.3237171924     1.4119328129
     1.1941257790   -82.1567092526    76.4335678696     1.4053950361
     1.1981329125   -82.5595544082    76.5416267194     1.3988719224
     1.2021400460   -82.9590868713    76.6479111509     1.3923651884
     1.2061471795   -83.3552728030    76.7524385644     1.3858765354
     1.2101543130   -83.7480788159    76.8552263440     1.3794076491
     1.2141614465   -84.1374719720    76.9562918495     1.3729601991
     1.2181685800   -84.5234197802    77.0556524089     1.3665358393
     1.2221757135   -84.9058901945    77.1533253111     1.3601362072
     1.2261828469   -85.2848516114    77.2493277983     1.3537629237
     1.2301899804   -85.6602728683    77.3436770591     1.3474175934
     1.2341971139   -86.0321232407    77.4363902216     1.3411018041
     1.2382042474   -86.4003724403    77.5274843464     1.3348171266
     1.2422113809   -86.7649906124    77.6169764204     1.3285651145
     1.2462185144   -87.1259483341    77.7048833496     1.3223473046
     1.2502256479   -87.4832166118    77.7912219537     1.3161652159
     1.2542327813   -87.8367668788    77.8760089595     1.3100203501
     1.2582399148   -88.1865709933    77.9592609948     1.3039141914
     1.2622470483   -88.5326012359    78.0409945831     1.2978482061
     1.2662541818   -88.8748303074    78.1212261374     1.2918238428
     1.2702613153   -89.2132313265    78.1999719553     1.2858425318
     1.2742684488   -89.5477778276    78.2772482131     1.2799056858
     1.2782755823   -89.8784437587    78.3530709611     1.2740146990
     1.2822827158   -90.2052034785    78.4274561184     1.2681709476
     1.2862898492   -90.5280317550    78.5004194681     1.2623757892
     1.2902969827   -90.8469037626    78.5719766524     1.2566305632
     1.2943041162   -91.1617950802    78.6421431683     1.2509365905
     1.2983112497   -91.4726816890    78.7109343631     1.2452951732
     1.3023183832   -91.7795399699    78.7783654302     1.2397075950
     1.3063255167   -92.0823467019    78.8444514047     1.2341751209
     1.3103326502   -92.3810790595    78.9092071598     1.2286989972
     1.3143397836   -92.6757146107    78.9726474026     1.2232804511
     1.3183469171   -92.9662313149    79.0347866708     1.2179206913
     1.3223540506   -93.2526075205    79.0956393286     1.2126209075
     1.3263611841   -93.5348219632    79.1552195637     1.2073822705
     1.3303683176   -93.8128537637    79.2135413837     1.2022059321
     1.3343754511   -94.0866824256    79.2706186130     1.1970930250
     1.3383825846   -94.3562878336    79.3264648899     1.1920446632
     1.3423897181   -94.6216502513    79.3810936632     1.1870619415
     1.3463968515   -94.8827503189    79.4345181897     1.1821459354
     1.3504039850   -95.1395690521    79.4867515314     1.1772977018
     1.3544111185   -95.3920878392    79.5378065530     1.1725182782
     1.3584182520   -95.6402884399    79.5876959190     1.1678086830
     1.3624253855   -95.8841529830    79.6364320917     1.1631699156
     1.3664325190   -96.1236639647    79.6840273287     1.1586029563
     1.3704396525   -96.3588042468    79.7304936808     1.1541087663
     1.3744467859   -96.5895570547    79.7758429898     1.1496882875
     1.3784539194   -96.8159059761    79.8200868864     1.1453424430
     1.3824610529   -97.0378349586    79.8632367885     1.1410721366
     1.3864681864   -97.2553283084    79.9053038994     1.1368782529
     1.3904753199   -97.4683706886    79.9462992056     1.1327616577
     1.3944824534   -97.6769471175    79.9862334757     1.1287231975
     1.3984895869   -97.8810429668    80.0251172585     1.1247636999
     1.4024967204   -98.0806439604    80.0629608814     1.1208839734
     1.4065038538   -98.2757361724    80.0997744494     1.1170848073
     1.4105109873   -98.4663060260    80.1355678432     1.1133669720
     1.4145181208   -98.6523402914    80.1703507183     1.1097312191
     1.4185252543   -98.8338260853    80.2041325038     1.1061782810
     1.4225323878   -99.0107508685    80.2369224008     1.1027088711
     1.4265395213   -99.1831024449    80.2687293818     1.0993236840
     1.4305466548   -99.3508689604    80.2995621893     1.0960233954
     1.4345537882   -99.5140389012    80.3294293353     1.0928086619
     1.4385609217   -99.6726010925    80.3583390997     1.0896801216
     1.4425680552   -99.8265446976    80.3862995301     1.0866383933
     1.4465751887   -99.9758592164    80.4133184404     1.0836840774
     1.4505823222  -100.1205344842    80.4394034106     1.0808177552
     1.4545894557  -100.2605606705    80.4645617856     1.0780399895
     1.4585965892  -100.3959282782    80.4888006747     1.0753513241
     1.4626037227  -100.5266281424    80.5121269512     1.0727522841
     1.4666108561  -100.6526514289    80.5345472513     1.0702433762
     1.4706179896  -100.7739896339    80.5560679741     1.0678250881
     1.4746251231  -100.8906345825    80.5766952804     1.0654978890
     1.4786322566  -101.0025784280    80.5964350931     1.0632622294
     1.4826393901  -101.1098136508    80.6152930959     1.0611185414
     1.4866465236  -101.2123330580    80.6332747336     1.0590672382
     1.4906536571  -101.3101297819    80.6503852108     1.0571087148
     1.4946607905  -101.4031972797    80.6666294928     1.0552433474
     1.4986679240  -101.4915293326    80.6820123039     1.0534714938
     1.5026750575  -101.5751200449    80.6965381283     1.0517934934
     1.5066821910  -101.6539638437    80.7102112088     1.0502096670
     1.5106893245  -101.7280554780    80.7230355474     1.0487203170
     1.5146964580  -101.7973900178    80.7350149043     1.0473257274
     1.5187035915  -101.8619628544    80.7461527983     1.0460261637
     1.5227107250  -101.9217696987    80.7564525062     1.0448218731
     1.5267178584  -101.9768065818    80.7659170629     1.0437130845
     1.5307249919  -102.0270698538    80.7745492609     1.0427000082
     1.5347321254  -102.0725561836    80.7823516505     1.0417828364
     1.5387392589  -102.1132625585    80.7893265393     1.0409617428
     1.5427463924  -102.1491862841    80.7954759925     1.0402368829
     1.5467535259  -102.1803249835    80.8008018326     1.0396083937
     1.5507606594  -102.2066765973    80.8053056390     1.0390763941
     1.5547677928  -102.2282393835    80.8089887485     1.0386409847
     1.5587749263  -102.2450119170    80.8118522549     1.0383022476
     1.5627820598  -102.2569930895    80.8138970088     1.0380602469
     1.5667891933  -102.2641821096    80.8151236181     1.0379150282
     1.5707963268  -102.2665785024    80.8155324474     1.0378666189
