        0.000000000000000       88.595003154914707       67.189149866711631        8.293206416164161
        0.014959965017094       88.592291834276978       67.196019114949763        8.293375912507461
        0.029919930034189       88.584154718166303       67.216615129560012        8.293883794784447
        0.044879895051283       88.570582366792834       67.250902750709116        8.294728244908377
        0.059839860068377       88.551559123090442       67.298823480173724        8.295906239966977
        0.074799825085471       88.527063226270798       67.360295633243069        8.297413563043662
        0.089759790102566       88.497066970157320       67.435214550693047        8.299244818313026
        0.104719755119660       88.461536905660367       67.523452870144681        8.301393450356478
        0.119679720136754       88.420434086576392       67.624860855928489        8.303851767628950
        0.134639685153848       88.373714357718171       67.739266786386210        8.306610969992628
        0.149599650170943       88.321328684211750       67.866477397357059        8.309661180219157
        0.164559615188037       88.263223520627861       68.006278380413917        8.312991479347572
        0.179519580205131       88.199341218453242       68.158434934239253        8.316589945771314
        0.194479545222225       88.129620470250075       68.322692367360332        8.320443697914522
        0.209439510239320       88.053996788700459       68.498776750298617        8.324538940344706
        0.224399475256414       87.972403018589148       68.686395615031543        8.328861013156828
        0.239359440273508       87.884769879639606       68.885238699514147        8.333394444451953
        0.254319405290602       87.791026537989950       69.094978734866231        8.338123005722627
        0.269279370307697       87.691101203973119       69.315272272696646        8.343029769946732
        0.284239335324791       87.584921753753463       69.545760549911250        8.348097172181827
        0.299199300341885       87.472416372267901       69.786070388234990        8.353307072443078
        0.314159265358979       87.353514214825879       70.035815125572739        8.358640820639707
        0.329119230376074       87.228146084637416       70.294595576236759        8.364079323337464
        0.344079195393168       87.096245123464598       70.562001016982876        8.369603112108177
        0.359039160410262       86.957747512527590       70.837610195722277        8.375192413221663
        0.373999125427356       86.812593180742923       71.120992359711011        8.380827218430563
        0.388959090444451       86.660726517329323       71.411708299966094        8.386487356594655
        0.403919055461545       86.502097085784655       71.709311408614852        8.392152565888324
        0.418879020478639       86.336660336217449       72.013348745853364        8.397802566332617
        0.433838985495733       86.164378313006623       72.323362113170589        8.403417132392320
        0.448798950512828       85.985220354765914       72.638889129487069        8.408976165378119
        0.463758915529922       85.799163783602140       72.959464306860667        8.414459765394692
        0.478718880547016       85.606194580681148       73.284620122427668        8.419848302577165
        0.493678845564110       85.406308045151263       73.613888083273622        8.425122487360946
        0.508638810581205       85.199509433520291       73.946799780967098        8.430263439533343
        0.523598775598299       84.985814576640308       74.282887932538756        8.435252755819841
        0.538558740615393       84.765250471522194       74.621687404748158        8.440072575763038
        0.553518705632487       84.537855845280973       74.962736218552308        8.444705645658448
        0.568478670649582       84.303681688601984       75.305576530771731        8.449135380318300
        0.583438635666676       84.062791756216370       75.649755590041124        8.453345922442177
        0.598398600683770       83.815263031983250       75.994826664234381        8.457322199382062
        0.613358565700864       83.561186156292578       76.340349936664325        8.461049977098499
        0.628318530717959       83.300665813630104       76.685893368478503        8.464515911114749
        0.643278495735053       83.033821078279090       77.031033524800989        8.467707594286569
        0.658238460752147       82.760785716276729       77.375356362307969        8.470613601216559
        0.673198425769241       82.481708441892252       77.718457976069459        8.473223529154122
        0.688158390786336       82.196753127050741       78.059945303642081        8.475528035234609
        0.703118355803430       81.906098962288382       78.399436784556116        8.477518869924353
        0.718078320820524       81.609940567994499       78.736562973505400        8.479188906551856
        0.733038285837618       81.308488054867752       79.070967105719021        8.480532166819430
        0.747998250854713       81.001967032692789       79.402305613168110        8.481543842203935
        0.762958215871807       80.690618566724638       79.730248590441391        8.482220311170064
        0.777918180888901       80.374699081152897       80.054480209305638        8.482559152134483
        0.792878145905995       80.054480209305652       80.374699081152897        8.482559152134483
        0.807838110923090       79.730248590441391       80.690618566724638        8.482220311170064
        0.822798075940184       79.402305613168110       81.001967032692789        8.481543842203935
        0.837758040957278       79.070967105719035       81.308488054867738        8.480532166819430
        0.852718005974372       78.736562973505400       81.609940567994499        8.479188906551856
        0.867677970991467       78.399436784556116       81.906098962288382        8.477518869924353
        0.882637936008561       78.059945303642095       82.196753127050727        8.475528035234609
        0.897597901025655       77.718457976069473       82.481708441892252        8.473223529154122
        0.912557866042749       77.375356362307969       82.760785716276729        8.470613601216559
        0.927517831059844       77.031033524800989       83.033821078279090        8.467707594286569
        0.942477796076938       76.685893368478503       83.300665813630104        8.464515911114749
        0.957437761094032       76.340349936664325       83.561186156292578        8.461049977098499
        0.972397726111126       75.994826664234381       83.815263031983250        8.457322199382062
        0.987357691128221       75.649755590041124       84.062791756216370        8.453345922442177
        1.002317656145315       75.305576530771731       84.303681688601969        8.449135380318300
        1.017277621162409       74.962736218552308       84.537855845280973        8.444705645658448
        1.032237586179503       74.621687404748158       84.765250471522180        8.440072575763038
        1.047197551196598       74.282887932538770       84.985814576640308        8.435252755819842
        1.062157516213692       73.946799780967098       85.199509433520291        8.430263439533343
        1.077117481230786       73.613888083273622       85.406308045151263        8.425122487360946
        1.092077446247880       73.284620122427683       85.606194580681148        8.419848302577167
        1.107037411264975       72.959464306860667       85.799163783602140        8.414459765394692
        1.121997376282069       72.638889129487069       85.985220354765914        8.408976165378119
        1.136957341299163       72.323362113170589       86.164378313006623        8.403417132392320
        1.151917306316258       72.013348745853364       86.336660336217449        8.397802566332617
        1.166877271333352       71.709311408614852       86.502097085784655        8.392152565888324
        1.181837236350446       71.411708299966094       86.660726517329323        8.386487356594655
        1.196797201367540       71.120992359711011       86.812593180742923        8.380827218430563
        1.211757166384634       70.837610195722277       86.957747512527590        8.375192413221663
        1.226717131401729       70.562001016982876       87.096245123464598        8.369603112108177
        1.241677096418823       70.294595576236759       87.228146084637416        8.364079323337464
        1.256637061435917       70.035815125572739       87.353514214825879        8.358640820639707
        1.271597026453011       69.786070388234990       87.472416372267887        8.353307072443078
        1.286556991470106       69.545760549911250       87.584921753753463        8.348097172181827
        1.301516956487200       69.315272272696646       87.691101203973119        8.343029769946732
        1.316476921504294       69.094978734866231       87.791026537989950        8.338123005722627
        1.331436886521389       68.885238699514147       87.884769879639606        8.333394444451953
        1.346396851538483       68.686395615031543       87.972403018589148        8.328861013156828
        1.361356816555577       68.498776750298617       88.053996788700459        8.324538940344706
        1.376316781572671       68.322692367360332       88.129620470250075        8.320443697914522
        1.391276746589765       68.158434934239267       88.199341218453242        8.316589945771314
        1.406236711606860       68.006278380413917       88.263223520627861        8.312991479347572
        1.421196676623954       67.866477397357059       88.321328684211764        8.309661180219159
        1.436156641641048       67.739266786386210       88.373714357718171        8.306610969992628
        1.451116606658142       67.624860855928489       88.420434086576392        8.303851767628950
        1.466076571675237       67.523452870144695       88.461536905660367        8.301393450356478
        1.481036536692331       67.435214550693047       88.497066970157320        8.299244818313026
        1.495996501709425       67.360295633243069       88.527063226270798        8.297413563043662
        1.510956466726520       67.298823480173724       88.551559123090442        8.295906239966977
        1.525916431743614       67.250902750709116       88.570582366792834        8.294728244908377
        1.540876396760708       67.216615129560012       88.584154718166303        8.293883794784447
        1.555836361777802       67.196019114949763       88.592291834276978        8.293375912507461
        1.570796326794897       67.189149866711631       88.595003154914707        8.293206416164161
        1.585756291811991       67.196019114949763       88.592291834276978        8.293375912507461
        1.600716256829085       67.216615129560012       88.584154718166303        8.293883794784447
        1.615676221846179       67.250902750709116       88.570582366792834        8.294728244908377
        1.630636186863273       67.298823480173709       88.551559123090442        8.295906239966977
        1.645596151880368       67.360295633243069       88.527063226270798        8.297413563043662
        1.660556116897462       67.435214550693047       88.497066970157320        8.299244818313026
        1.675516081914556       67.523452870144681       88.461536905660367        8.301393450356478
        1.690476046931650       67.624860855928489       88.420434086576392        8.303851767628950
        1.705436011948745       67.739266786386210       88.373714357718171        8.306610969992628
        1.720395976965839       67.866477397357059       88.321328684211750        8.309661180219157
        1.735355941982933       68.006278380413917       88.263223520627861        8.312991479347572
        1.750315907000028       68.158434934239253       88.199341218453242        8.316589945771314
        1.765275872017122       68.322692367360332       88.129620470250089        8.320443697914522
        1.780235837034216       68.498776750298617       88.053996788700459        8.324538940344706
        1.795195802051310       68.686395615031543       87.972403018589148        8.328861013156828
        1.810155767068405       68.885238699514147       87.884769879639606        8.333394444451953
        1.825115732085499       69.094978734866231       87.791026537989950        8.338123005722627
        1.840075697102593       69.315272272696646       87.691101203973119        8.343029769946732
        1.855035662119687       69.545760549911250       87.584921753753463        8.348097172181827
        1.869995627136781       69.786070388234975       87.472416372267901        8.353307072443078
        1.884955592153876       70.035815125572739       87.353514214825879        8.358640820639707
        1.899915557170970       70.294595576236759       87.228146084637416        8.364079323337464
        1.914875522188064       70.562001016982876       87.096245123464598        8.369603112108177
        1.929835487205159       70.837610195722277       86.957747512527590        8.375192413221663
        1.944795452222253       71.120992359711011       86.812593180742923        8.380827218430563
        1.959755417239347       71.411708299966094       86.660726517329323        8.386487356594655
        1.974715382256441       71.709311408614852       86.502097085784655        8.392152565888324
        1.989675347273536       72.013348745853364       86.336660336217449        8.397802566332617
        2.004635312290630       72.323362113170589       86.164378313006608        8.403417132392320
        2.019595277307724       72.638889129487055       85.985220354765914        8.408976165378119
        2.034555242324819       72.959464306860667       85.799163783602140        8.414459765394692
        2.049515207341913       73.284620122427683       85.606194580681148        8.419848302577167
        2.064475172359007       73.613888083273622       85.406308045151263        8.425122487360946
        2.079435137376101       73.946799780967112       85.199509433520291        8.430263439533345
        2.094395102393195       74.282887932538756       84.985814576640308        8.435252755819841
        2.109355067410290       74.621687404748144       84.765250471522194        8.440072575763038
        2.124315032427384       74.962736218552322       84.537855845280973        8.444705645658450
        2.139274997444478       75.305576530771731       84.303681688601984        8.449135380318300
        2.154234962461572       75.649755590041124       84.062791756216384        8.453345922442177
        2.169194927478667       75.994826664234381       83.815263031983250        8.457322199382062
        2.184154892495761       76.340349936664325       83.561186156292592        8.461049977098499
        2.199114857512855       76.685893368478503       83.300665813630104        8.464515911114749
        2.214074822529950       77.031033524800989       83.033821078279090        8.467707594286569
        2.229034787547044       77.375356362307954       82.760785716276729        8.470613601216559
        2.243994752564138       77.718457976069459       82.481708441892252        8.473223529154122
        2.258954717581232       78.059945303642081       82.196753127050755        8.475528035234609
        2.273914682598326       78.399436784556102       81.906098962288397        8.477518869924353
        2.288874647615421       78.736562973505400       81.609940567994499        8.479188906551856
        2.303834612632515       79.070967105719035       81.308488054867738        8.480532166819430
        2.318794577649609       79.402305613168110       81.001967032692789        8.481543842203935
        2.333754542666703       79.730248590441391       80.690618566724652        8.482220311170064
        2.348714507683797       80.054480209305638       80.374699081152897        8.482559152134483
        2.363674472700892       80.374699081152897       80.054480209305638        8.482559152134483
        2.378634437717986       80.690618566724638       79.730248590441391        8.482220311170064
        2.393594402735081       81.001967032692789       79.402305613168110        8.481543842203935
        2.408554367752175       81.308488054867738       79.070967105719035        8.480532166819430
        2.423514332769269       81.609940567994499       78.736562973505400        8.479188906551856
        2.438474297786363       81.906098962288382       78.399436784556116        8.477518869924353
        2.453434262803457       82.196753127050727       78.059945303642095        8.475528035234609
        2.468394227820551       82.481708441892238       77.718457976069487        8.473223529154122
        2.483354192837646       82.760785716276729       77.375356362307969        8.470613601216559
        2.498314157854741       83.033821078279090       77.031033524800989        8.467707594286569
        2.513274122871834       83.300665813630104       76.685893368478503        8.464515911114749
        2.528234087888929       83.561186156292578       76.340349936664325        8.461049977098499
        2.543194052906023       83.815263031983250       75.994826664234381        8.457322199382062
        2.558154017923117       84.062791756216370       75.649755590041124        8.453345922442177
        2.573113982940212       84.303681688601984       75.305576530771731        8.449135380318300
        2.588073947957306       84.537855845280959       74.962736218552322        8.444705645658448
        2.603033912974400       84.765250471522180       74.621687404748158        8.440072575763038
        2.617993877991494       84.985814576640308       74.282887932538785        8.435252755819842
        2.632953843008588       85.199509433520277       73.946799780967112        8.430263439533343
        2.647913808025683       85.406308045151263       73.613888083273622        8.425122487360946
        2.662873773042777       85.606194580681148       73.284620122427668        8.419848302577165
        2.677833738059872       85.799163783602154       72.959464306860667        8.414459765394692
        2.692793703076966       85.985220354765914       72.638889129487069        8.408976165378119
        2.707753668094060       86.164378313006608       72.323362113170589        8.403417132392320
        2.722713633111154       86.336660336217449       72.013348745853364        8.397802566332617
        2.737673598128248       86.502097085784655       71.709311408614852        8.392152565888324
        2.752633563145342       86.660726517329309       71.411708299966108        8.386487356594655
        2.767593528162437       86.812593180742923       71.120992359711011        8.380827218430563
        2.782553493179531       86.957747512527575       70.837610195722291        8.375192413221663
        2.797513458196625       87.096245123464598       70.562001016982876        8.369603112108177
        2.812473423213720       87.228146084637416       70.294595576236759        8.364079323337464
        2.827433388230814       87.353514214825879       70.035815125572739        8.358640820639707
        2.842393353247908       87.472416372267901       69.786070388234990        8.353307072443078
        2.857353318265002       87.584921753753463       69.545760549911250        8.348097172181827
        2.872313283282097       87.691101203973119       69.315272272696660        8.343029769946734
        2.887273248299191       87.791026537989950       69.094978734866231        8.338123005722627
        2.902233213316285       87.884769879639606       68.885238699514147        8.333394444451953
        2.917193178333379       87.972403018589148       68.686395615031543        8.328861013156828
        2.932153143350473       88.053996788700474       68.498776750298617        8.324538940344706
        2.947113108367568       88.129620470250075       68.322692367360332        8.320443697914522
        2.962073073384663       88.199341218453256       68.158434934239253        8.316589945771314
        2.977033038401756       88.263223520627861       68.006278380413917        8.312991479347572
        2.991993003418851       88.321328684211764       67.866477397357059        8.309661180219159
        3.006952968435945       88.373714357718171       67.739266786386210        8.306610969992628
        3.021912933453039       88.420434086576392       67.624860855928489        8.303851767628950
        3.036872898470133       88.461536905660367       67.523452870144681        8.301393450356478
        3.051832863487228       88.497066970157320       67.435214550693047        8.299244818313026
        3.066792828504322       88.527063226270798       67.360295633243069        8.297413563043662
        3.081752793521416       88.551559123090442       67.298823480173709        8.295906239966977
        3.096712758538510       88.570582366792834       67.250902750709116        8.294728244908377
        3.111672723555605       88.584154718166303       67.216615129560012        8.293883794784447
        3.126632688572699       88.592291834276978       67.196019114949763        8.293375912507461
        3.141592653589793       88.595003154914707       67.189149866711631        8.293206416164161
