           1  -848.675152335208                0
           1  -848.675152335208                1
 
           2  -611.921160642438                0
           2  -611.921160642438                1
 
           3  -358.165142678561                0
           3  -358.165142678561                1
 
           4  -82.1492596863900                0
           4  -82.1492596863900                1
 
           5   225.341843862750                0
           5   225.341843862750                1
 
           6   584.327969994099                0
           6   584.327969994099                1
 
           7   1104.35489541907                0
           7   1104.35489541907                1
 
           8   1203.28372127865                0
           8   1203.28372127865                1
 
           9   1302.82442203115                0
           9   1302.82442203115                1
 
          10   1401.14607270644                0
          10   1401.14607270644                1
 
          11   1495.16317558141                0
          11   1495.16317558141                1
 
          12   1578.71807921525                0
          12   1578.71807921525                1
 
          13   1596.31166546670                0
          13   1596.31166546670                1
 
          14   1636.11968401875                0
          14   1636.11968401875                1
 
          15   3151.58760543414                0
          15   3151.58760543414                1
 
          16   3286.08821403715                0
          16   3286.08821403715                1
 
          17   3382.98916819628                0
          17   3382.98916819628                1
 
          18   3424.41239456586                0
          18   3424.41239456586                1
 
          19   3448.60217024748                0
          19   3448.60217024748                1
 
          20   3466.24522507709                0
          20   3466.24522507709                1
 
          21   3488.87344854680                0
          21   3488.87344854680                1
 
          22   3494.95460884743                0
          22   3494.95460884743                1
 
          23   3508.13170553030                0
          23   3508.13170553030                1
 
          24   3509.43464528581                0
          24   3509.43464528581                1
 
