     0.0000000000   115.9444246650   115.9444246650    10.8098214312
     0.0314159265   115.9457239766   115.9457239766    10.8099286355
     0.0628318531   115.9496014676   115.9496014676    10.8102485618
     0.0942477796   115.9559961255   115.9559961255    10.8107761758
     0.1256637061   115.9648073233   115.9648073233    10.8115031751
     0.1570796327   115.9758963920   115.9758963920    10.8124181182
     0.1884955592   115.9890887897   115.9890887897    10.8135066040
     0.2199114858   116.0041768329   116.0041768329    10.8147514968
     0.2513274123   116.0209229487   116.0209229487    10.8161331947
     0.2827433388   116.0390633978   116.0390633978    10.8176299371
     0.3141592654   116.0583124116   116.0583124116    10.8192181456
     0.3455751919   116.0783666788   116.0783666788    10.8208727944
     0.3769911184   116.0989101128   116.0989101128    10.8225678036
     0.4084070450   116.1196188252   116.1196188252    10.8242764497
     0.4398229715   116.1401662275   116.1401662275    10.8259717864
     0.4712388980   116.1602281820   116.1602281820    10.8276270694
     0.5026548246   116.1794881190   116.1794881190    10.8292161792
     0.5340707511   116.1976420410   116.1976420410    10.8307140332
     0.5654866776   116.2144033327   116.2144033327    10.8320969833
     0.5969026042   116.2295073014   116.2295073014    10.8333431901
     0.6283185307   116.2427153734   116.2427153734    10.8344329691
     0.6597344573   116.2538188804   116.2538188804    10.8353491035
     0.6911503838   116.2626423732   116.2626423732    10.8360771173
     0.7225663103   116.2690464104   116.2690464104    10.8366055052
     0.7539822369   116.2729297755   116.2729297755    10.8369259161
     0.7853981634   116.2742310871   116.2742310871    10.8370332854
     0.8168140899   116.2729297755   116.2729297755    10.8369259161
     0.8482300165   116.2690464104   116.2690464104    10.8366055052
     0.8796459430   116.2626423732   116.2626423732    10.8360771173
     0.9110618695   116.2538188804   116.2538188804    10.8353491035
     0.9424777961   116.2427153734   116.2427153734    10.8344329691
     0.9738937226   116.2295073014   116.2295073014    10.8333431901
     1.0053096491   116.2144033327   116.2144033327    10.8320969833
     1.0367255757   116.1976420410   116.1976420410    10.8307140332
     1.0681415022   116.1794881190   116.1794881190    10.8292161792
     1.0995574288   116.1602281820   116.1602281820    10.8276270694
     1.1309733553   116.1401662275   116.1401662275    10.8259717864
     1.1623892818   116.1196188252   116.1196188252    10.8242764497
     1.1938052084   116.0989101128   116.0989101128    10.8225678036
     1.2252211349   116.0783666788   116.0783666788    10.8208727944
     1.2566370614   116.0583124116   116.0583124116    10.8192181456
     1.2880529880   116.0390633978   116.0390633978    10.8176299371
     1.3194689145   116.0209229487   116.0209229487    10.8161331947
     1.3508848410   116.0041768329   116.0041768329    10.8147514968
     1.3823007676   115.9890887897   115.9890887897    10.8135066040
     1.4137166941   115.9758963920   115.9758963920    10.8124181182
     1.4451326207   115.9648073233   115.9648073233    10.8115031751
     1.4765485472   115.9559961255   115.9559961255    10.8107761758
     1.5079644737   115.9496014676   115.9496014676    10.8102485618
     1.5393804003   115.9457239766   115.9457239766    10.8099286355
     1.5707963268   115.9444246650   115.9444246650    10.8098214312
     1.6022122533   115.9457239766   115.9457239766    10.8099286355
     1.6336281799   115.9496014676   115.9496014676    10.8102485618
     1.6650441064   115.9559961255   115.9559961255    10.8107761758
     1.6964600329   115.9648073233   115.9648073233    10.8115031751
     1.7278759595   115.9758963920   115.9758963920    10.8124181182
     1.7592918860   115.9890887897   115.9890887897    10.8135066040
     1.7907078125   116.0041768329   116.0041768329    10.8147514968
     1.8221237391   116.0209229487   116.0209229487    10.8161331947
     1.8535396656   116.0390633978   116.0390633978    10.8176299371
     1.8849555922   116.0583124116   116.0583124116    10.8192181456
     1.9163715187   116.0783666788   116.0783666788    10.8208727944
     1.9477874452   116.0989101128   116.0989101128    10.8225678036
     1.9792033718   116.1196188252   116.1196188252    10.8242764497
     2.0106192983   116.1401662275   116.1401662275    10.8259717864
     2.0420352248   116.1602281820   116.1602281820    10.8276270694
     2.0734511514   116.1794881190   116.1794881190    10.8292161792
     2.1048670779   116.1976420410   116.1976420410    10.8307140332
     2.1362830044   116.2144033327   116.2144033327    10.8320969833
     2.1676989310   116.2295073014   116.2295073014    10.8333431901
     2.1991148575   116.2427153734   116.2427153734    10.8344329691
     2.2305307840   116.2538188804   116.2538188804    10.8353491035
     2.2619467106   116.2626423732   116.2626423732    10.8360771173
     2.2933626371   116.2690464104   116.2690464104    10.8366055052
     2.3247785637   116.2729297755   116.2729297755    10.8369259161
     2.3561944902   116.2742310871   116.2742310871    10.8370332854
     2.3876104167   116.2729297755   116.2729297755    10.8369259161
     2.4190263433   116.2690464104   116.2690464104    10.8366055052
     2.4504422698   116.2626423732   116.2626423732    10.8360771173
     2.4818581963   116.2538188804   116.2538188804    10.8353491035
     2.5132741229   116.2427153734   116.2427153734    10.8344329691
     2.5446900494   116.2295073014   116.2295073014    10.8333431901
     2.5761059759   116.2144033327   116.2144033327    10.8320969833
     2.6075219025   116.1976420410   116.1976420410    10.8307140332
     2.6389378290   116.1794881190   116.1794881190    10.8292161792
     2.6703537556   116.1602281820   116.1602281820    10.8276270694
     2.7017696821   116.1401662275   116.1401662275    10.8259717864
     2.7331856086   116.1196188252   116.1196188252    10.8242764497
     2.7646015352   116.0989101128   116.0989101128    10.8225678036
     2.7960174617   116.0783666788   116.0783666788    10.8208727944
     2.8274333882   116.0583124116   116.0583124116    10.8192181456
     2.8588493148   116.0390633978   116.0390633978    10.8176299371
     2.8902652413   116.0209229487   116.0209229487    10.8161331947
     2.9216811678   116.0041768329   116.0041768329    10.8147514968
     2.9530970944   115.9890887897   115.9890887897    10.8135066040
     2.9845130209   115.9758963920   115.9758963920    10.8124181182
     3.0159289474   115.9648073233   115.9648073233    10.8115031751
     3.0473448740   115.9559961255   115.9559961255    10.8107761758
     3.0787608005   115.9496014676   115.9496014676    10.8102485618
     3.1101767271   115.9457239766   115.9457239766    10.8099286355
     3.1415926536   115.9444246650   115.9444246650    10.8098214312
