        0.00000     1692.90824     1743.26572
        1.00000     1692.90282     1743.25679
        2.00000     1692.89291     1743.24044
        3.00000     1692.88006     1743.21926
        4.00000     1692.86485     1743.19418
        5.00000     1692.84759     1743.16572
        6.00000     1692.82849     1743.13425
        7.00000     1692.80773     1743.10001
        8.00000     1692.78541     1743.06323
        9.00000     1692.76165     1743.02405
       10.00000     1692.73651     1742.98262
       11.00000     1692.71008     1742.93905
       12.00000     1692.68240     1742.89344
       13.00000     1692.65354     1742.84586
       14.00000     1692.62353     1742.79641
       15.00000     1692.59241     1742.74514
       16.00000     1692.56023     1742.69211
       17.00000     1692.52702     1742.63737
       18.00000     1692.49279     1742.58099
       19.00000     1692.45759     1742.52299
       20.00000     1692.42144     1742.46343
       21.00000     1692.38435     1742.40234
       22.00000     1692.34636     1742.33975
       23.00000     1692.30747     1742.27571
       24.00000     1692.26772     1742.21023
       25.00000     1692.22711     1742.14334
       26.00000     1692.18566     1742.07509
       27.00000     1692.14338     1742.00548
       28.00000     1692.10030     1741.93454
       29.00000     1692.05642     1741.86230
       30.00000     1692.01176     1741.78878
       31.00000     1691.96633     1741.71399
       32.00000     1691.92014     1741.63796
       33.00000     1691.87320     1741.56070
       34.00000     1691.82552     1741.48223
       35.00000     1691.77711     1741.40257
       36.00000     1691.72798     1741.32174
       37.00000     1691.67814     1741.23974
       38.00000     1691.62760     1741.15659
       39.00000     1691.57637     1741.07231
       40.00000     1691.52445     1740.98691
       41.00000     1691.47185     1740.90041
       42.00000     1691.41859     1740.81280
       43.00000     1691.36465     1740.72412
       44.00000     1691.31006     1740.63436
       45.00000     1691.25482     1740.54354
       46.00000     1691.19894     1740.45167
       47.00000     1691.14241     1740.35875
       48.00000     1691.08526     1740.26481
       49.00000     1691.02747     1740.16984
       50.00000     1690.96906     1740.07387
       51.00000     1690.91004     1739.97689
       52.00000     1690.85040     1739.87891
       53.00000     1690.79016     1739.77995
       54.00000     1690.72932     1739.68001
       55.00000     1690.66787     1739.57909
       56.00000     1690.60584     1739.47722
       57.00000     1690.54321     1739.37439
       58.00000     1690.48000     1739.27061
       59.00000     1690.41621     1739.16589
       60.00000     1690.35185     1739.06023
       61.00000     1690.28691     1738.95364
       62.00000     1690.22140     1738.84614
       63.00000     1690.15532     1738.73771
       64.00000     1690.08868     1738.62838
       65.00000     1690.02148     1738.51815
       66.00000     1689.95373     1738.40701
       67.00000     1689.88543     1738.29498
       68.00000     1689.81657     1738.18207
       69.00000     1689.74717     1738.06827
       70.00000     1689.67723     1737.95360
       71.00000     1689.60674     1737.83806
       72.00000     1689.53572     1737.72165
       73.00000     1689.46417     1737.60437
       74.00000     1689.39208     1737.48625
       75.00000     1689.31946     1737.36726
       76.00000     1689.24631     1737.24743
       77.00000     1689.17264     1737.12676
       78.00000     1689.09845     1737.00525
       79.00000     1689.02374     1736.88290
       80.00000     1688.94851     1736.75972
       81.00000     1688.87276     1736.63572
       82.00000     1688.79650     1736.51089
       83.00000     1688.71973     1736.38524
       84.00000     1688.64245     1736.25878
       85.00000     1688.56467     1736.13151
       86.00000     1688.48638     1736.00343
       87.00000     1688.40759     1735.87454
       88.00000     1688.32829     1735.74485
       89.00000     1688.24850     1735.61437
       90.00000     1688.16821     1735.48309
       91.00000     1688.08742     1735.35102
       92.00000     1688.00614     1735.21816
       93.00000     1687.92437     1735.08452
       94.00000     1687.84211     1734.95009
       95.00000     1687.75936     1734.81489
       96.00000     1687.67612     1734.67891
       97.00000     1687.59239     1734.54216
       98.00000     1687.50818     1734.40464
       99.00000     1687.42349     1734.26635
      100.00000     1687.33832     1734.12730
      101.00000     1687.25267     1733.98749
      102.00000     1687.16654     1733.84691
      103.00000     1687.07993     1733.70558
      104.00000     1686.99284     1733.56350
      105.00000     1686.90528     1733.42066
      106.00000     1686.81725     1733.27708
      107.00000     1686.72875     1733.13275
      108.00000     1686.63977     1732.98767
      109.00000     1686.55033     1732.84186
      110.00000     1686.46041     1732.69530
      111.00000     1686.37003     1732.54801
      112.00000     1686.27918     1732.39998
      113.00000     1686.18787     1732.25121
      114.00000     1686.09610     1732.10172
      115.00000     1686.00386     1731.95150
      116.00000     1685.91115     1731.80055
      117.00000     1685.81799     1731.64888
      118.00000     1685.72437     1731.49648
      119.00000     1685.63029     1731.34336
      120.00000     1685.53575     1731.18953
      121.00000     1685.44075     1731.03497
      122.00000     1685.34529     1730.87970
      123.00000     1685.24938     1730.72372
      124.00000     1685.15302     1730.56703
      125.00000     1685.05620     1730.40962
      126.00000     1684.95893     1730.25151
      127.00000     1684.86120     1730.09269
      128.00000     1684.76303     1729.93317
      129.00000     1684.66440     1729.77294
      130.00000     1684.56532     1729.61201
      131.00000     1684.46580     1729.45039
      132.00000     1684.36582     1729.28806
      133.00000     1684.26540     1729.12504
      134.00000     1684.16453     1728.96132
      135.00000     1684.06321     1728.79690
      136.00000     1683.96145     1728.63180
      137.00000     1683.85924     1728.46600
      138.00000     1683.75658     1728.29952
      139.00000     1683.65349     1728.13234
      140.00000     1683.54994     1727.96448
      141.00000     1683.44596     1727.79594
      142.00000     1683.34153     1727.62670
      143.00000     1683.23666     1727.45679
      144.00000     1683.13135     1727.28620
      145.00000     1683.02560     1727.11492
      146.00000     1682.91941     1726.94297
      147.00000     1682.81277     1726.77033
      148.00000     1682.70570     1726.59702
      149.00000     1682.59819     1726.42304
      150.00000     1682.49024     1726.24838
      151.00000     1682.38185     1726.07305
      152.00000     1682.27302     1725.89704
      153.00000     1682.16376     1725.72036
      154.00000     1682.05405     1725.54302
      155.00000     1681.94392     1725.36500
      156.00000     1681.83334     1725.18632
      157.00000     1681.72233     1725.00697
      158.00000     1681.61088     1724.82695
      159.00000     1681.49900     1724.64627
      160.00000     1681.38668     1724.46493
      161.00000     1681.27393     1724.28292
      162.00000     1681.16074     1724.10025
      163.00000     1681.04712     1723.91692
      164.00000     1680.93306     1723.73293
      165.00000     1680.81857     1723.54828
      166.00000     1680.70365     1723.36297
      167.00000     1680.58829     1723.17701
      168.00000     1680.47250     1722.99039
      169.00000     1680.35628     1722.80311
      170.00000     1680.23963     1722.61518
      171.00000     1680.12254     1722.42659
      172.00000     1680.00502     1722.23735
      173.00000     1679.88707     1722.04746
      174.00000     1679.76868     1721.85691
      175.00000     1679.64987     1721.66571
      176.00000     1679.53062     1721.47387
      177.00000     1679.41094     1721.28137
      178.00000     1679.29083     1721.08823
      179.00000     1679.17029     1720.89443
      180.00000     1679.04932     1720.69999
      181.00000     1678.92791     1720.50491
      182.00000     1678.80608     1720.30917
      183.00000     1678.68381     1720.11279
      184.00000     1678.56111     1719.91577
      185.00000     1678.43799     1719.71810
      186.00000     1678.31443     1719.51979
      187.00000     1678.19044     1719.32084
      188.00000     1678.06602     1719.12124
      189.00000     1677.94117     1718.92100
      190.00000     1677.81589     1718.72012
      191.00000     1677.69018     1718.51860
      192.00000     1677.56403     1718.31644
      193.00000     1677.43746     1718.11363
      194.00000     1677.31046     1717.91019
      195.00000     1677.18302     1717.70612
      196.00000     1677.05516     1717.50140
      197.00000     1676.92686     1717.29604
      198.00000     1676.79813     1717.09005
      199.00000     1676.66898     1716.88342
      200.00000     1676.53939     1716.67616
      201.00000     1676.40937     1716.46826
      202.00000     1676.27892     1716.25972
      203.00000     1676.14804     1716.05055
      204.00000     1676.01672     1715.84075
      205.00000     1675.88498     1715.63031
      206.00000     1675.75280     1715.41923
      207.00000     1675.62019     1715.20753
      208.00000     1675.48715     1714.99519
      209.00000     1675.35368     1714.78222
      210.00000     1675.21978     1714.56861
      211.00000     1675.08544     1714.35438
      212.00000     1674.95067     1714.13951
      213.00000     1674.81547     1713.92401
      214.00000     1674.67984     1713.70788
      215.00000     1674.54377     1713.49112
      216.00000     1674.40727     1713.27373
      217.00000     1674.27034     1713.05571
      218.00000     1674.13298     1712.83706
      219.00000     1673.99518     1712.61778
      220.00000     1673.85694     1712.39787
      221.00000     1673.71827     1712.17734
      222.00000     1673.57917     1711.95617
      223.00000     1673.43963     1711.73438
      224.00000     1673.29966     1711.51196
      225.00000     1673.15926     1711.28891
      226.00000     1673.01841     1711.06523
      227.00000     1672.87714     1710.84093
      228.00000     1672.73542     1710.61599
      229.00000     1672.59327     1710.39044
      230.00000     1672.45069     1710.16425
      231.00000     1672.30766     1709.93744
      232.00000     1672.16420     1709.71000
      233.00000     1672.02030     1709.48194
      234.00000     1671.87597     1709.25324
      235.00000     1671.73119     1709.02393
      236.00000     1671.58598     1708.79399
      237.00000     1671.44033     1708.56342
      238.00000     1671.29424     1708.33222
      239.00000     1671.14771     1708.10040
      240.00000     1671.00074     1707.86796
      241.00000     1670.85333     1707.63489
      242.00000     1670.70548     1707.40120
      243.00000     1670.55719     1707.16688
      244.00000     1670.40846     1706.93193
      245.00000     1670.25929     1706.69636
      246.00000     1670.10967     1706.46017
      247.00000     1669.95961     1706.22335
      248.00000     1669.80911     1705.98590
      249.00000     1669.65817     1705.74784
      250.00000     1669.50678     1705.50914
      251.00000     1669.35495     1705.26982
      252.00000     1669.20267     1705.02988
      253.00000     1669.04995     1704.78932
      254.00000     1668.89678     1704.54813
      255.00000     1668.74316     1704.30631
      256.00000     1668.58910     1704.06387
      257.00000     1668.43460     1703.82080
      258.00000     1668.27964     1703.57712
      259.00000     1668.12424     1703.33280
      260.00000     1667.96839     1703.08786
      261.00000     1667.81209     1702.84230
      262.00000     1667.65534     1702.59611
      263.00000     1667.49814     1702.34930
      264.00000     1667.34049     1702.10186
      265.00000     1667.18239     1701.85380
      266.00000     1667.02383     1701.60511
      267.00000     1666.86483     1701.35580
      268.00000     1666.70537     1701.10587
      269.00000     1666.54546     1700.85530
      270.00000     1666.38509     1700.60412
      271.00000     1666.22428     1700.35230
      272.00000     1666.06300     1700.09987
      273.00000     1665.90127     1699.84680
      274.00000     1665.73909     1699.59311
      275.00000     1665.57644     1699.33880
      276.00000     1665.41334     1699.08386
      277.00000     1665.24979     1698.82829
      278.00000     1665.08577     1698.57209
      279.00000     1664.92129     1698.31527
      280.00000     1664.75636     1698.05783
      281.00000     1664.59096     1697.79975
      282.00000     1664.42510     1697.54105
      283.00000     1664.25879     1697.28172
      284.00000     1664.09200     1697.02177
      285.00000     1663.92476     1696.76119
      286.00000     1663.75705     1696.49998
      287.00000     1663.58888     1696.23814
      288.00000     1663.42024     1695.97567
      289.00000     1663.25113     1695.71258
      290.00000     1663.08156     1695.44885
      291.00000     1662.91152     1695.18450
      292.00000     1662.74102     1694.91952
      293.00000     1662.57004     1694.65391
      294.00000     1662.39860     1694.38767
      295.00000     1662.22668     1694.12080
      296.00000     1662.05430     1693.85330
      297.00000     1661.88144     1693.58516
      298.00000     1661.70811     1693.31640
      299.00000     1661.53430     1693.04701
      300.00000     1661.36003     1692.77699
      301.00000     1661.18527     1692.50633
      302.00000     1661.01004     1692.23504
      303.00000     1660.83434     1691.96312
      304.00000     1660.65815     1691.69057
      305.00000     1660.48149     1691.41738
      306.00000     1660.30435     1691.14357
      307.00000     1660.12673     1690.86911
      308.00000     1659.94863     1690.59403
      309.00000     1659.77005     1690.31831
      310.00000     1659.59099     1690.04195
      311.00000     1659.41144     1689.76496
      312.00000     1659.23141     1689.48734
      313.00000     1659.05089     1689.20908
      314.00000     1658.86989     1688.93018
      315.00000     1658.68840     1688.65065
      316.00000     1658.50642     1688.37048
      317.00000     1658.32395     1688.08967
      318.00000     1658.14100     1687.80822
      319.00000     1657.95755     1687.52614
      320.00000     1657.77361     1687.24341
      321.00000     1657.58918     1686.96005
      322.00000     1657.40426     1686.67605
      323.00000     1657.21884     1686.39141
      324.00000     1657.03292     1686.10613
      325.00000     1656.84651     1685.82021
      326.00000     1656.65961     1685.53364
      327.00000     1656.47220     1685.24644
      328.00000     1656.28429     1684.95859
      329.00000     1656.09589     1684.67010
      330.00000     1655.90698     1684.38096
      331.00000     1655.71757     1684.09118
      332.00000     1655.52766     1683.80076
      333.00000     1655.33724     1683.50969
      334.00000     1655.14632     1683.21798
      335.00000     1654.95489     1682.92562
      336.00000     1654.76295     1682.63262
      337.00000     1654.57050     1682.33896
      338.00000     1654.37755     1682.04466
      339.00000     1654.18408     1681.74971
      340.00000     1653.99010     1681.45412
      341.00000     1653.79560     1681.15787
      342.00000     1653.60060     1680.86097
      343.00000     1653.40507     1680.56343
      344.00000     1653.20903     1680.26523
      345.00000     1653.01247     1679.96638
      346.00000     1652.81540     1679.66688
      347.00000     1652.61780     1679.36672
      348.00000     1652.41968     1679.06591
      349.00000     1652.22104     1678.76445
      350.00000     1652.02187     1678.46233
      351.00000     1651.82218     1678.15956
      352.00000     1651.62196     1677.85613
      353.00000     1651.42122     1677.55204
      354.00000     1651.21994     1677.24729
      355.00000     1651.01814     1676.94189
      356.00000     1650.81580     1676.63583
      357.00000     1650.61293     1676.32910
      358.00000     1650.40953     1676.02172
      359.00000     1650.20559     1675.71368
      360.00000     1650.00111     1675.40497
      361.00000     1649.79610     1675.09560
      362.00000     1649.59055     1674.78557
      363.00000     1649.38445     1674.47487
      364.00000     1649.17782     1674.16351
      365.00000     1648.97064     1673.85148
      366.00000     1648.76291     1673.53879
      367.00000     1648.55464     1673.22543
      368.00000     1648.34582     1672.91140
      369.00000     1648.13646     1672.59670
      370.00000     1647.92654     1672.28133
      371.00000     1647.71607     1671.96529
      372.00000     1647.50504     1671.64858
      373.00000     1647.29346     1671.33119
      374.00000     1647.08133     1671.01314
      375.00000     1646.86863     1670.69441
      376.00000     1646.65538     1670.37500
      377.00000     1646.44157     1670.05492
      378.00000     1646.22719     1669.73416
      379.00000     1646.01225     1669.41272
      380.00000     1645.79674     1669.09060
      381.00000     1645.58067     1668.76781
      382.00000     1645.36402     1668.44433
      383.00000     1645.14681     1668.12017
      384.00000     1644.92902     1667.79533
      385.00000     1644.71066     1667.46981
      386.00000     1644.49173     1667.14360
      387.00000     1644.27222     1666.81671
      388.00000     1644.05213     1666.48912
      389.00000     1643.83145     1666.16086
      390.00000     1643.61020     1665.83190
      391.00000     1643.38836     1665.50225
      392.00000     1643.16594     1665.17191
      393.00000     1642.94293     1664.84088
      394.00000     1642.71933     1664.50916
      395.00000     1642.49514     1664.17674
      396.00000     1642.27036     1663.84363
      397.00000     1642.04498     1663.50982
      398.00000     1641.81901     1663.17532
      399.00000     1641.59243     1662.84011
      400.00000     1641.36526     1662.50421
      401.00000     1641.13749     1662.16760
      402.00000     1640.90911     1661.83030
      403.00000     1640.68013     1661.49229
      404.00000     1640.45054     1661.15357
      405.00000     1640.22034     1660.81415
      406.00000     1639.98953     1660.47402
      407.00000     1639.75810     1660.13319
      408.00000     1639.52606     1659.79164
      409.00000     1639.29341     1659.44938
      410.00000     1639.06013     1659.10641
      411.00000     1638.82623     1658.76273
      412.00000     1638.59171     1658.41833
      413.00000     1638.35656     1658.07322
      414.00000     1638.12079     1657.72739
      415.00000     1637.88439     1657.38084
      416.00000     1637.64735     1657.03357
      417.00000     1637.40968     1656.68558
      418.00000     1637.17137     1656.33686
      419.00000     1636.93243     1655.98742
      420.00000     1636.69284     1655.63726
      421.00000     1636.45261     1655.28636
      422.00000     1636.21174     1654.93474
      423.00000     1635.97022     1654.58239
      424.00000     1635.72805     1654.22930
      425.00000     1635.48523     1653.87548
      426.00000     1635.24175     1653.52093
      427.00000     1634.99762     1653.16564
      428.00000     1634.75283     1652.80961
      429.00000     1634.50738     1652.45284
      430.00000     1634.26126     1652.09533
      431.00000     1634.01448     1651.73707
      432.00000     1633.76703     1651.37808
      433.00000     1633.51891     1651.01833
      434.00000     1633.27011     1650.65784
      435.00000     1633.02064     1650.29659
      436.00000     1632.77049     1649.93460
      437.00000     1632.51966     1649.57185
      438.00000     1632.26814     1649.20834
      439.00000     1632.01594     1648.84408
      440.00000     1631.76305     1648.47906
      441.00000     1631.50947     1648.11328
      442.00000     1631.25519     1647.74673
      443.00000     1631.00022     1647.37942
      444.00000     1630.74455     1647.01134
      445.00000     1630.48817     1646.64250
      446.00000     1630.23109     1646.27288
      447.00000     1629.97330     1645.90249
      448.00000     1629.71480     1645.53133
      449.00000     1629.45558     1645.15939
      450.00000     1629.19565     1644.78667
      451.00000     1628.93500     1644.41317
      452.00000     1628.67363     1644.03889
      453.00000     1628.41153     1643.66382
      454.00000     1628.14870     1643.28796
      455.00000     1627.88514     1642.91132
      456.00000     1627.62084     1642.53388
      457.00000     1627.35581     1642.15565
      458.00000     1627.09004     1641.77662
      459.00000     1626.82352     1641.39680
      460.00000     1626.55625     1641.01617
      461.00000     1626.28824     1640.63474
      462.00000     1626.01947     1640.25250
      463.00000     1625.74994     1639.86945
      464.00000     1625.47965     1639.48560
      465.00000     1625.20860     1639.10093
      466.00000     1624.93678     1638.71544
      467.00000     1624.66419     1638.32914
      468.00000     1624.39082     1637.94201
      469.00000     1624.11668     1637.55406
      470.00000     1623.84176     1637.16529
      471.00000     1623.56605     1636.77568
      472.00000     1623.28955     1636.38525
      473.00000     1623.01226     1635.99397
      474.00000     1622.73417     1635.60187
      475.00000     1622.45529     1635.20892
      476.00000     1622.17560     1634.81512
      477.00000     1621.89510     1634.42048
      478.00000     1621.61380     1634.02499
      479.00000     1621.33168     1633.62865
      480.00000     1621.04874     1633.23146
      481.00000     1620.76497     1632.83340
      482.00000     1620.48038     1632.43449
      483.00000     1620.19496     1632.03470
      484.00000     1619.90870     1631.63405
      485.00000     1619.62161     1631.23253
      486.00000     1619.33367     1630.83014
      487.00000     1619.04488     1630.42686
      488.00000     1618.75524     1630.02271
      489.00000     1618.46475     1629.61767
      490.00000     1618.17339     1629.21174
      491.00000     1617.88117     1628.80492
      492.00000     1617.58808     1628.39720
      493.00000     1617.29411     1627.98858
      494.00000     1616.99927     1627.57906
      495.00000     1616.70354     1627.16863
      496.00000     1616.40692     1626.75730
      497.00000     1616.10941     1626.34504
      498.00000     1615.81100     1625.93187
      499.00000     1615.51169     1625.51778
      500.00000     1615.21148     1625.10275
      501.00000     1614.91034     1624.68680
      502.00000     1614.60830     1624.26991
      503.00000     1614.30533     1623.85209
      504.00000     1614.00143     1623.43332
      505.00000     1613.69659     1623.01360
      506.00000     1613.39082     1622.59292
      507.00000     1613.08411     1622.17129
      508.00000     1612.77644     1621.74870
      509.00000     1612.46782     1621.32514
      510.00000     1612.15824     1620.90061
      511.00000     1611.84770     1620.47511
      512.00000     1611.53618     1620.04862
      513.00000     1611.22368     1619.62114
      514.00000     1610.91020     1619.19268
      515.00000     1610.59573     1618.76322
      516.00000     1610.28027     1618.33275
      517.00000     1609.96380     1617.90128
      518.00000     1609.64633     1617.46880
      519.00000     1609.32784     1617.03530
      520.00000     1609.00834     1616.60078
      521.00000     1608.68780     1616.16522
      522.00000     1608.36623     1615.72864
      523.00000     1608.04362     1615.29101
      524.00000     1607.71997     1614.85233
      525.00000     1607.39526     1614.41260
      526.00000     1607.06949     1613.97181
      527.00000     1606.74266     1613.52996
      528.00000     1606.41475     1613.08704
      529.00000     1606.08576     1612.64303
      530.00000     1605.75568     1612.19794
      531.00000     1605.42450     1611.75176
      532.00000     1605.09223     1611.30449
      533.00000     1604.75884     1610.85610
      534.00000     1604.42433     1610.40661
      535.00000     1604.08869     1609.95599
      536.00000     1603.75192     1609.50425
      537.00000     1603.41401     1609.05137
      538.00000     1603.07495     1608.59735
      539.00000     1602.73473     1608.14218
      540.00000     1602.39334     1607.68585
      541.00000     1602.05078     1607.22836
      542.00000     1601.70703     1606.76969
      543.00000     1601.36209     1606.30984
      544.00000     1601.01595     1605.84880
      545.00000     1600.66859     1605.38656
      546.00000     1600.32002     1604.92311
      547.00000     1599.97022     1604.45845
      548.00000     1599.61917     1603.99256
      549.00000     1599.26688     1603.52543
      550.00000     1598.91334     1603.05706
      551.00000     1598.55852     1602.58743
      552.00000     1598.20243     1602.11654
      553.00000     1597.84504     1601.64437
      554.00000     1597.48636     1601.17091
      555.00000     1597.12637     1600.69617
      556.00000     1596.76506     1600.22011
      557.00000     1596.40242     1599.74274
      558.00000     1596.03843     1599.26404
      559.00000     1595.67310     1598.78400
      560.00000     1595.30639     1598.30261
      561.00000     1594.93832     1597.81985
      562.00000     1594.56885     1597.33572
      563.00000     1594.19798     1596.85020
      564.00000     1593.82570     1596.36329
      565.00000     1593.45200     1595.87496
      566.00000     1593.07686     1595.38520
      567.00000     1592.70026     1594.89400
      568.00000     1592.32221     1594.40136
      569.00000     1591.94267     1593.90724
      570.00000     1591.56165     1593.41164
      571.00000     1591.17912     1592.91455
      572.00000     1590.79507     1592.41595
      573.00000     1590.40948     1591.91582
      574.00000     1590.02235     1591.41415
      575.00000     1589.63366     1590.91092
      576.00000     1589.24339     1590.40612
      577.00000     1588.85152     1589.89973
      578.00000     1588.45804     1589.39173
      579.00000     1588.06294     1588.88211
      580.00000     1587.66620     1588.37084
      581.00000     1587.26780     1587.85791
      582.00000     1586.86772     1587.34331
      583.00000     1586.46594     1586.82700
      584.00000     1586.06246     1586.30898
      585.00000     1585.65724     1585.78922
      586.00000     1585.25028     1585.26770
      587.00000     1584.74441     1584.84155
      588.00000     1584.21931     1584.43103
      589.00000     1583.69238     1584.01871
      590.00000     1583.16362     1583.60456
      591.00000     1582.63298     1583.18857
      592.00000     1582.10045     1582.77070
      593.00000     1581.56600     1582.35095
      594.00000     1581.02962     1581.92929
      595.00000     1580.49126     1581.50569
      596.00000     1579.95091     1581.08014
      597.00000     1579.40854     1580.65260
      598.00000     1578.86413     1580.22306
      599.00000     1578.31763     1579.79150
      600.00000     1577.76903     1579.35788
      601.00000     1577.21830     1578.92218
      602.00000     1576.66540     1578.48437
      603.00000     1576.11030     1578.04444
      604.00000     1575.55296     1577.60234
      605.00000     1574.99337     1577.15806
      606.00000     1574.43148     1576.71156
      607.00000     1573.86725     1576.26281
      608.00000     1573.30065     1575.81179
      609.00000     1572.73165     1575.35846
      610.00000     1572.16020     1574.90279
      611.00000     1571.58626     1574.44476
      612.00000     1571.00980     1573.98431
      613.00000     1570.43077     1573.52143
      614.00000     1569.84913     1573.05608
      615.00000     1569.26483     1572.58822
      616.00000     1568.67783     1572.11781
      617.00000     1568.08809     1571.64482
      618.00000     1567.49554     1571.16921
      619.00000     1566.90015     1570.69093
      620.00000     1566.30185     1570.20996
      621.00000     1565.70060     1569.72624
      622.00000     1565.09634     1569.23973
      623.00000     1564.48901     1568.75039
      624.00000     1563.87856     1568.25818
      625.00000     1563.26492     1567.76305
      626.00000     1562.64803     1567.26495
      627.00000     1562.02782     1566.76382
      628.00000     1561.40423     1566.25963
      629.00000     1560.87583     1565.75233
      630.00000     1560.50460     1565.24184
      631.00000     1560.12755     1564.72814
      632.00000     1559.74455     1564.21114
      633.00000     1559.35544     1563.69081
      634.00000     1558.96008     1563.16708
      635.00000     1558.55830     1562.63989
      636.00000     1558.14995     1562.10918
      637.00000     1557.73486     1561.57488
      638.00000     1557.31284     1561.03693
      639.00000     1556.88372     1560.49526
      640.00000     1556.44731     1559.94979
      641.00000     1556.00339     1559.40046
      642.00000     1555.55178     1558.84718
      643.00000     1555.09225     1558.28988
      644.00000     1554.62457     1557.72848
      645.00000     1554.14852     1557.16289
      646.00000     1553.66386     1556.59302
      647.00000     1553.17033     1556.01877
      648.00000     1552.66767     1555.44004
      649.00000     1552.15560     1554.85673
      650.00000     1551.63386     1554.26873
      651.00000     1551.10215     1553.67590
      652.00000     1550.56015     1553.07813
      653.00000     1550.00758     1552.47527
      654.00000     1549.44408     1551.86717
      655.00000     1548.86935     1551.25368
      656.00000     1548.28302     1550.63461
      657.00000     1547.68473     1550.00978
      658.00000     1547.07412     1549.37898
      659.00000     1546.45079     1548.74201
      660.00000     1545.81434     1548.09862
      661.00000     1545.16433     1547.44857
      662.00000     1544.50032     1546.79160
      663.00000     1543.82184     1546.12744
      664.00000     1543.12836     1545.45579
      665.00000     1542.41937     1544.77634
      666.00000     1541.69428     1544.08879
      667.00000     1540.95248     1543.39279
      668.00000     1540.19329     1542.68800
      669.00000     1539.41600     1541.97407
      670.00000     1538.61984     1541.25061
      671.00000     1537.80398     1540.51724
      672.00000     1536.96751     1539.77354
      673.00000     1536.10946     1539.01908
      674.00000     1535.22878     1538.25340
      675.00000     1534.32431     1537.47603
      676.00000     1533.39484     1536.68644
      677.00000     1532.43901     1535.88407
      678.00000     1531.45538     1535.06832
      679.00000     1530.44237     1534.23856
      680.00000     1529.39826     1533.39407
      681.00000     1528.32117     1532.53408
      682.00000     1527.20905     1531.65775
      683.00000     1526.05965     1530.76416
      684.00000     1524.87049     1529.85228
      685.00000     1523.63883     1528.92098
      686.00000     1522.36163     1527.96900
      687.00000     1521.03552     1526.99494
      688.00000     1519.65671     1525.99723
      689.00000     1518.22094     1524.97409
      690.00000     1516.72341     1523.92352
      691.00000     1515.15864     1522.84324
      692.00000     1513.52037     1521.73065
      693.00000     1511.80137     1520.58273
      694.00000     1509.99324     1519.39599
      695.00000     1508.08613     1518.16636
      696.00000     1506.06838     1516.88898
      697.00000     1503.92598     1515.55808
      698.00000     1501.64197     1514.16666
      699.00000     1499.19540     1512.70612
      700.00000     1496.56002     1511.16568
      701.00000     1493.70221     1509.53163
      702.00000     1490.57783     1507.78599
      703.00000     1487.26272     1505.90457
      704.00000     1485.01786     1503.85344
      705.00000     1482.74757     1501.58270
      706.00000     1480.52141     1499.01374
      707.00000     1478.38615     1496.01020
      708.00000     1476.28271     1492.29588
      709.00000     1473.95491     1487.11944
      710.00000     1471.06991     1471.06991
