     0.0000000000     3.1415926536     3.1415926536     6.2831853072     6.2831853072     1.5707963268     1.5707963268     1.5707963268     1.5707963268
     0.0314159265     3.1758773112     3.1692151086     0.0351015859     0.0265813787     1.5707963268     1.5707963268     1.5707963268     1.5707963268
     0.0628318531     3.2101620040     3.1968532658     0.0702027157     0.0531827851     1.5707963268     1.5707963268     1.5707963268     1.5707963268
     0.0942477796     3.2444464770     3.2245228135     0.1053025735     0.0798242263     1.5707963268     1.5707963268     1.5707963268     1.5707963268
     0.1256637061     3.2787299022     3.2522394100     0.1403996340     0.1065256665     1.5707963268     1.5707963268     1.5707963268     1.5707963268
     0.1570796327     3.3130106113     3.2800186659     0.1754913315     0.1333070010     1.5707963268     1.5707963268     1.5707963268     1.5707963268
     0.1884955592     3.3472858520     3.3078761204     0.2105737595     0.1601880247     1.5707963268     1.5707963268     1.5707963268     1.5707963268
     0.2199114858     3.3815515755     3.3358272130     0.2456414086     0.1871883933     1.5707963268     1.5707963268     1.5707963268     1.5707963268
     0.2513274123     3.4158022622     3.3638872470     0.2806869541     0.2143275761     1.5707963268     1.5707963268     1.5707963268     1.5707963268
     0.2827433388     3.4500307954     3.3920713450     0.3157011019     0.2416247970     1.5707963268     1.5707963268     1.5707963268     1.5707963268
     0.3141592654     3.4842283874     3.4203943929     0.3506725006     0.2690989634     1.5707963268     1.5707963268     1.5707963268     1.5707963268
     0.3455751919     3.5183845646     3.4488709742     0.3855877276     0.2967685818     1.5707963268     1.5707963268     1.5707963268     1.5707963268
     0.3769911184     3.5524872155     3.4775152899     0.4204313525     0.3246516569     1.5707963268     1.5707963268     1.5707963268     1.5707963268
     0.4084070450     3.5865227037     3.5063410664     0.4551860803     0.3527655750     1.5707963268     1.5707963268     1.5707963268     1.5707963268
     0.4398229715     3.6204760429     3.5353614483     0.4898329726     0.3811269703     1.5707963268     1.5707963268     1.5707963268     1.5707963268
     0.4712388980     3.6543311321     3.5645888783     0.5243517411     0.4097515743     1.5707963268     1.5707963268     1.5707963268     1.5707963268
     0.5026548246     3.6880710421     3.5940349625     0.5587211045     0.4386540486     1.5707963268     1.5707963268     1.5707963268     1.5707963268
     0.5340707511     3.7216783433     3.6237103244     0.5929191957     0.4678478037     1.5707963268     1.5707963268     1.5707963268     1.5707963268
     0.5654866776     3.7551354629     3.6536244478     0.6269240042     0.4973448047     1.5707963268     1.5707963268     1.5707963268     1.5707963268
     0.5969026042     3.7884250558     3.6837855142     0.6607138348     0.5271553701     1.5707963268     1.5707963268     1.5707963268     1.5707963268
     0.6283185307     3.8215303757     3.7142002361     0.6942677652     0.5572879670     1.5707963268     1.5707963268     1.5707963268     1.5707963268
     0.6597344573     3.8544356287     3.7448736938     0.7275660828     0.5877490096     1.5707963268     1.5707963268     1.5707963268     1.5707963268
     0.6911503838     3.8871262986     3.7758091806     0.7605906850     0.6185426703     1.5707963268     1.5707963268     1.5707963268     1.5707963268
     0.7225663103     3.9195894303     3.8070080653     0.7933254279     0.6496707099     1.5707963268     1.5707963268     1.5707963268     1.5707963268
     0.7539822369     3.9518138623     3.8384696780     0.8257564137     0.6811323389     1.5707963268     1.5707963268     1.5707963268     1.5707963268
     0.7853981634     3.9837904043     3.8701912297     0.8578722081     0.7129241187     1.5707963268     1.5707963268     1.5707963268     1.5707963268
     0.8168140899     4.0155119560     3.9021677717     0.8896639879     0.7450399131     1.5707963268     1.5707963268     1.5707963268     1.5707963268
     0.8482300165     4.0469735687     3.9343922037     0.9211256169     0.7774708988     1.5707963268     1.5707963268     1.5707963268     1.5707963268
     0.8796459430     4.0781724534     3.9668553354     0.9522536565     0.8102056418     1.5707963268     1.5707963268     1.5707963268     1.5707963268
     0.9110618695     4.1091079402     3.9995460053     0.9830473172     0.8432302440     1.5707963268     1.5707963268     1.5707963268     1.5707963268
     0.9424777961     4.1397813979     4.0324512583     1.0135083598     0.8765285616     1.5707963268     1.5707963268     1.5707963268     1.5707963268
     0.9738937226     4.1701961198     4.0655565781     1.0436409567     0.9100824920     1.5707963268     1.5707963268     1.5707963268     1.5707963268
     1.0053096491     4.2003571862     4.0988461711     1.0734515221     0.9438723226     1.5707963268     1.5707963268     1.5707963268     1.5707963268
     1.0367255757     4.2302713096     4.1323032906     1.1029485231     0.9778771311     1.5707963268     1.5707963268     1.5707963268     1.5707963268
     1.0681415022     4.2599466714     4.1659105918     1.1321422782     1.0120752223     1.5707963268     1.5707963268     1.5707963268     1.5707963268
     1.0995574288     4.2893927557     4.1996505018     1.1610447525     1.0464445857     1.5707963268     1.5707963268     1.5707963268     1.5707963268
     1.1309733553     4.3186201857     4.2335055911     1.1896693565     1.0809633542     1.5707963268     1.5707963268     1.5707963268     1.5707963268
     1.1623892818     4.3476405676     4.2674589303     1.2180307518     1.1156102465     1.5707963268     1.5707963268     1.5707963268     1.5707963268
     1.1938052084     4.3764663440     4.3014944185     1.2461446699     1.1503649743     1.5707963268     1.5707963268     1.5707963268     1.5707963268
     1.2252211349     4.4051106597     4.3355970694     1.2740277450     1.1852085992     1.5707963268     1.5707963268     1.5707963268     1.5707963268
     1.2566370614     4.4335872410     4.3697532465     1.3016973634     1.2201238262     1.5707963268     1.5707963268     1.5707963268     1.5707963268
     1.2880529880     4.4619102890     4.4039508385     1.3291715298     1.2550952249     1.5707963268     1.5707963268     1.5707963268     1.5707963268
     1.3194689145     4.4900943869     4.4381793718     1.3564687506     1.2901093727     1.5707963268     1.5707963268     1.5707963268     1.5707963268
     1.3508848410     4.5181544210     4.4724300585     1.3836079335     1.3251549182     1.5707963268     1.5707963268     1.5707963268     1.5707963268
     1.3823007676     4.5461055136     4.5066957819     1.4106083021     1.3602225673     1.5707963268     1.5707963268     1.5707963268     1.5707963268
     1.4137166941     4.5739629681     4.5409710227     1.4374893258     1.3953049953     1.5707963268     1.5707963268     1.5707963268     1.5707963268
     1.4451326207     4.6017422239     4.5752517318     1.4642706603     1.4303966928     1.5707963268     1.5707963268     1.5707963268     1.5707963268
     1.4765485472     4.6294588205     4.6095351569     1.4909721005     1.4654937533     1.5707963268     1.5707963268     1.5707963268     1.5707963268
     1.5079644737     4.6571283681     4.6438196300     1.5176135417     1.5005936111     1.5707963268     1.5707963268     1.5707963268     1.5707963268
     1.5393804003     4.6847665254     4.6781043228     1.5442149481     1.5356947409     1.5707963268     1.5707963268     1.5707963268     1.5707963268
     1.5707963268     4.7123889804     4.7123889804     1.5707963268     1.5707963268     1.5707963268     1.5707963268     1.5707963268     1.5707963268
     1.6022122533     4.7400114354     4.7466736380     1.5973777055     1.6058979127     1.5707963268     1.5707963268     1.5707963268     1.5707963268
     1.6336281799     4.7676495926     4.7809583308     1.6239791119     1.6409990425     1.5707963268     1.5707963268     1.5707963268     1.5707963268
     1.6650441064     4.7953191403     4.8152428038     1.6506205531     1.6760989003     1.5707963268     1.5707963268     1.5707963268     1.5707963268
     1.6964600329     4.8230357368     4.8495262290     1.6773219933     1.7111959608     1.5707963268     1.5707963268     1.5707963268     1.5707963268
     1.7278759595     4.8508149927     4.8838069381     1.7041033278     1.7462876583     1.5707963268     1.5707963268     1.5707963268     1.5707963268
     1.7592918860     4.8786724472     4.9180821788     1.7309843515     1.7813700863     1.5707963268     1.5707963268     1.5707963268     1.5707963268
     1.7907078125     4.9066235398     4.9523479023     1.7579847201     1.8164377354     1.5707963268     1.5707963268     1.5707963268     1.5707963268
     1.8221237391     4.9346835738     4.9865985890     1.7851239029     1.8514832809     1.5707963268     1.5707963268     1.5707963268     1.5707963268
     1.8535396656     4.9628676718     5.0208271222     1.8124211238     1.8864974287     1.5707963268     1.5707963268     1.5707963268     1.5707963268
     1.8849555922     4.9911907197     5.0550247142     1.8398952902     1.9214688274     1.5707963268     1.5707963268     1.5707963268     1.5707963268
     1.9163715187     5.0196673010     5.0891808914     1.8675649086     1.9563840544     1.5707963268     1.5707963268     1.5707963268     1.5707963268
     1.9477874452     5.0483116167     5.1232835423     1.8954479837     1.9912276793     1.5707963268     1.5707963268     1.5707963268     1.5707963268
     1.9792033718     5.0771373932     5.1573190304     1.9235619018     2.0259824071     1.5707963268     1.5707963268     1.5707963268     1.5707963268
     2.0106192983     5.1061577751     5.1912723697     1.9519232971     2.0606292994     1.5707963268     1.5707963268     1.5707963268     1.5707963268
     2.0420352248     5.1353852051     5.2251274589     1.9805479011     2.0951480679     1.5707963268     1.5707963268     1.5707963268     1.5707963268
     2.0734511514     5.1648312893     5.2588673689     2.0094503754     2.1295174313     1.5707963268     1.5707963268     1.5707963268     1.5707963268
     2.1048670779     5.1945066512     5.2924746701     2.0386441305     2.1637155225     1.5707963268     1.5707963268     1.5707963268     1.5707963268
     2.1362830044     5.2244207746     5.3259317897     2.0681411315     2.1977203310     1.5707963268     1.5707963268     1.5707963268     1.5707963268
     2.1676989310     5.2545818410     5.3592213826     2.0979516969     2.2315101616     1.5707963268     1.5707963268     1.5707963268     1.5707963268
     2.1991148575     5.2849965629     5.3923267025     2.1280842938     2.2650640920     1.5707963268     1.5707963268     1.5707963268     1.5707963268
     2.2305307840     5.3156700206     5.4252319554     2.1585453364     2.2983624096     1.5707963268     1.5707963268     1.5707963268     1.5707963268
     2.2619467106     5.3466055074     5.4579226254     2.1893389971     2.3313870118     1.5707963268     1.5707963268     1.5707963268     1.5707963268
     2.2933626371     5.3778043921     5.4903857571     2.2204670367     2.3641217547     1.5707963268     1.5707963268     1.5707963268     1.5707963268
     2.3247785637     5.4092660048     5.5226101891     2.2519286657     2.3965527405     1.5707963268     1.5707963268     1.5707963268     1.5707963268
     2.3561944902     5.4409875565     5.5545867311     2.2837204455     2.4286685349     1.5707963268     1.5707963268     1.5707963268     1.5707963268
     2.3876104167     5.4729640985     5.5863082827     2.3158362399     2.4604603147     1.5707963268     1.5707963268     1.5707963268     1.5707963268
     2.4190263433     5.5051885305     5.6177698955     2.3482672256     2.4919219437     1.5707963268     1.5707963268     1.5707963268     1.5707963268
     2.4504422698     5.5376516621     5.6489687802     2.3810019686     2.5230499833     1.5707963268     1.5707963268     1.5707963268     1.5707963268
     2.4818581963     5.5703423321     5.6799042670     2.4140265708     2.5538436440     1.5707963268     1.5707963268     1.5707963268     1.5707963268
     2.5132741229     5.6032475851     5.7105777247     2.4473248884     2.5843046866     1.5707963268     1.5707963268     1.5707963268     1.5707963268
     2.5446900494     5.6363529049     5.7409924466     2.4808788188     2.6144372835     1.5707963268     1.5707963268     1.5707963268     1.5707963268
     2.5761059759     5.6696424979     5.7711535130     2.5146686494     2.6442478489     1.5707963268     1.5707963268     1.5707963268     1.5707963268
     2.6075219025     5.7030996174     5.8010676364     2.5486734579     2.6737448499     1.5707963268     1.5707963268     1.5707963268     1.5707963268
     2.6389378290     5.7367069186     5.8307429982     2.5828715491     2.7029386049     1.5707963268     1.5707963268     1.5707963268     1.5707963268
     2.6703537556     5.7704468286     5.8601890825     2.6172409125     2.7318410793     1.5707963268     1.5707963268     1.5707963268     1.5707963268
     2.7017696821     5.8043019179     5.8894165125     2.6517596810     2.7604656833     1.5707963268     1.5707963268     1.5707963268     1.5707963268
     2.7331856086     5.8382552571     5.9184368944     2.6864065733     2.7888270786     1.5707963268     1.5707963268     1.5707963268     1.5707963268
     2.7646015352     5.8722907453     5.9472626708     2.7211613011     2.8169409967     1.5707963268     1.5707963268     1.5707963268     1.5707963268
     2.7960174617     5.9063933962     5.9759069865     2.7560049259     2.8448240718     1.5707963268     1.5707963268     1.5707963268     1.5707963268
     2.8274333882     5.9405495733     6.0043835678     2.7909201530     2.8724936902     1.5707963268     1.5707963268     1.5707963268     1.5707963268
     2.8588493148     5.9747471653     6.0327066158     2.8258915517     2.8999678566     1.5707963268     1.5707963268     1.5707963268     1.5707963268
     2.8902652413     6.0089756986     6.0608907137     2.8609056995     2.9272650774     1.5707963268     1.5707963268     1.5707963268     1.5707963268
     2.9216811678     6.0432263853     6.0889507478     2.8959512450     2.9544042603     1.5707963268     1.5707963268     1.5707963268     1.5707963268
     2.9530970944     6.0774921087     6.1169018404     2.9310188941     2.9814046289     1.5707963268     1.5707963268     1.5707963268     1.5707963268
     2.9845130209     6.1117673495     6.1447592949     2.9661013221     3.0082856526     1.5707963268     1.5707963268     1.5707963268     1.5707963268
     3.0159289474     6.1460480586     6.1725385507     3.0011930196     3.0350669871     1.5707963268     1.5707963268     1.5707963268     1.5707963268
     3.0473448740     6.1803314837     6.2002551473     3.0362900801     3.0617684273     1.5707963268     1.5707963268     1.5707963268     1.5707963268
     3.0787608005     6.2146159568     6.2279246949     3.0713899379     3.0884098685     1.5707963268     1.5707963268     1.5707963268     1.5707963268
     3.1101767271     6.2489006496     6.2555628522     3.1064910677     3.1150112749     1.5707963268     1.5707963268     1.5707963268     1.5707963268
     3.1415926536     6.2831853072     6.2831853072     3.1415926536     3.1415926536     1.5707963268     1.5707963268     1.5707963268     1.5707963268
