           1  -1281.39447340980                0
           1  -1281.39447340980                1
 
           2  -1007.65745568300                0
           2  -1007.65745568300                1
 
           3  -659.288946819604                0
           3  -659.288946819604                1
 
           4  -236.288946819604                0
           4  -236.288946819604                1
 
           5   261.342544316997                0
           5   261.342544316997                1
 
           6   833.605526590198                0
           6   833.605526590198                1
 
