     0.0000000000     0.0000000000     0.0000000000     0.0000000000
     0.0040071335     0.0016238329     0.0016238329     0.0001655492
     0.0080142670     0.0064951546     0.0064951546     0.0006621802
     0.0120214005     0.0146134341     0.0146134341     0.0014898431
     0.0160285339     0.0259777864     0.0259777864     0.0026484548
     0.0200356674     0.0405869726     0.0405869726     0.0041378988
     0.0240428009     0.0584394000     0.0584394000     0.0059580255
     0.0280499344     0.0795331220     0.0795331220     0.0081086519
     0.0320570679     0.1038658383     0.1038658383     0.0105895620
     0.0360642014     0.1314348952     0.1314348952     0.0134005063
     0.0400713349     0.1622372853     0.1622372853     0.0165412024
     0.0440784684     0.1962696481     0.1962696481     0.0200113343
     0.0480856018     0.2335282698     0.2335282698     0.0238105533
     0.0520927353     0.2740090839     0.2740090839     0.0279384772
     0.0560998688     0.3177076710     0.3177076710     0.0323946907
     0.0601070023     0.3646192592     0.3646192592     0.0371787456
     0.0641141358     0.4147387243     0.4147387243     0.0422901602
     0.0681212693     0.4680605902     0.4680605902     0.0477284202
     0.0721284028     0.5245790290     0.5245790290     0.0534929779
     0.0761355362     0.5842878613     0.5842878613     0.0595832528
     0.0801426697     0.6471805568     0.6471805568     0.0659986313
     0.0841498032     0.7132502343     0.7132502343     0.0727384669
     0.0881569367     0.7824896622     0.7824896622     0.0798020802
     0.0921640702     0.8548912590     0.8548912590     0.0871887588
     0.0961712037     0.9304470936     0.9304470936     0.0948977576
     0.1001783372     1.0091488856     1.0091488856     0.1029282988
     0.1041854707     1.0909880060     1.0909880060     0.1112795715
     0.1081926041     1.1759554775     1.1759554775     0.1199507325
     0.1121997376     1.2640419750     1.2640419750     0.1289409056
     0.1162068711     1.3552378265     1.3552378265     0.1382491822
     0.1202140046     1.4495330129     1.4495330129     0.1478746211
     0.1242211381     1.5469171694     1.5469171694     0.1578162486
     0.1282282716     1.6473795854     1.6473795854     0.1680730585
     0.1322354051     1.7509092056     1.7509092056     0.1786440123
     0.1362425385     1.8574946305     1.8574946305     0.1895280390
     0.1402496720     1.9671241171     1.9671241171     0.2007240357
     0.1442568055     2.0797855795     2.0797855795     0.2122308668
     0.1482639390     2.1954665897     2.1954665897     0.2240473651
     0.1522710725     2.3141543785     2.3141543785     0.2361723310
     0.1562782060     2.4358358362     2.4358358362     0.2486045330
     0.1602853395     2.5604975133     2.5604975133     0.2613427079
     0.1642924730     2.6881256216     2.6881256216     0.2743855604
     0.1682996064     2.8187060350     2.8187060350     0.2877317636
     0.1723067399     2.9522242904     2.9522242904     0.3013799590
     0.1763138734     3.0886655886     3.0886655886     0.3153287566
     0.1803210069     3.2280147955     3.2280147955     0.3295767347
     0.1843281404     3.3702564429     3.3702564429     0.3441224405
     0.1883352739     3.5153747298     3.5153747298     0.3589643897
     0.1923424074     3.6633535234     3.6633535234     0.3741010671
     0.1963495408     3.8141763601     3.8141763601     0.3895309263
     0.2003566743     3.9678264470     3.9678264470     0.4052523899
     0.2043638078     4.1242866629     4.1242866629     0.4212638498
     0.2083709413     4.2835395597     4.2835395597     0.4375636670
     0.2123780748     4.4455673635     4.4455673635     0.4541501723
     0.2163852083     4.6103519763     4.6103519763     0.4710216655
     0.2203923418     4.7778749770     4.7778749770     0.4881764165
     0.2243994753     4.9481176232     4.9481176232     0.5056126649
     0.2284066087     5.1210608525     5.1210608525     0.5233286200
     0.2324137422     5.2966852841     5.2966852841     0.5413224614
     0.2364208757     5.4749712202     5.4749712202     0.5595923389
     0.2404280092     5.6558986481     5.6558986481     0.5781363726
     0.2444351427     5.8394472412     5.8394472412     0.5969526532
     0.2484422762     6.0255963616     6.0255963616     0.6160392419
     0.2524494097     6.2143250610     6.2143250610     0.6353941711
     0.2564565432     6.4056120831     6.4056120831     0.6550154437
     0.2604636766     6.5994358655     6.5994358655     0.6749010344
     0.2644708101     6.7957745412     6.7957745412     0.6950488886
     0.2684779436     6.9946059412     6.9946059412     0.7154569238
     0.2724850771     7.1959075961     7.1959075961     0.7361230289
     0.2764922106     7.3996567385     7.3996567385     0.7570450649
     0.2804993441     7.6058303051     7.6058303051     0.7782208647
     0.2845064776     7.8144049389     7.8144049389     0.7996482338
     0.2885136110     8.0253569916     8.0253569916     0.8213249500
     0.2925207445     8.2386625258     8.2386625258     0.8432487640
     0.2965278780     8.4542973177     8.4542973177     0.8654173992
     0.3005350115     8.6722368595     8.6722368595     0.8878285526
     0.3045421450     8.8924563616     8.8924563616     0.9104798943
     0.3085492785     9.1149307560     9.1149307560     0.9333690681
     0.3125564120     9.3396346983     9.3396346983     0.9564936917
     0.3165635455     9.5665425708     9.5665425708     0.9798513569
     0.3205706789     9.7956284853     9.7956284853     1.0034396302
     0.3245778124    10.0268662859    10.0268662859     1.0272560522
     0.3285849459    10.2602295523    10.2602295523     1.0512981390
     0.3325920794    10.4956916025    10.4956916025     1.0755633814
     0.3365992129    10.7332254960    10.7332254960     1.1000492459
     0.3406063464    10.9728040372    10.9728040372     1.1247531748
     0.3446134799    11.2143997787    11.2143997787     1.1496725864
     0.3486206133    11.4579850243    11.4579850243     1.1748048752
     0.3526277468    11.7035318329    11.7035318329     1.2001474125
     0.3566348803    11.9510120216    11.9510120216     1.2256975466
     0.3606420138    12.2003971699    12.2003971699     1.2514526029
     0.3646491473    12.4516586225    12.4516586225     1.2774098846
     0.3686562808    12.7047674940    12.7047674940     1.3035666726
     0.3726634143    12.9596946720    12.9596946720     1.3299202263
     0.3766705478    13.2164108216    13.2164108216     1.3564677836
     0.3806776812    13.4748863890    13.4748863890     1.3832065614
     0.3846848147    13.7350916059    13.7350916059     1.4101337560
     0.3886919482    13.9969964933    13.9969964933     1.4372465431
     0.3926990817    14.2605708662    14.2605708662     1.4645420790
     0.3967062152    14.5257843379    14.5257843379     1.4920174999
     0.4007133487    14.7926063241    14.7926063241     1.5196699233
     0.4047204822    15.0610060477    15.0610060477     1.5474964477
     0.4087276156    15.3309525435    15.3309525435     1.5754941533
     0.4127347491    15.6024146625    15.6024146625     1.6036601023
     0.4167418826    15.8753610773    15.8753610773     1.6319913395
     0.4207490161    16.1497602864    16.1497602864     1.6604848925
     0.4247561496    16.4255806195    16.4255806195     1.6891377724
     0.4287632831    16.7027902426    16.7027902426     1.7179469738
     0.4327704166    16.9813571630    16.9813571630     1.7469094758
     0.4367775501    17.2612492343    17.2612492343     1.7760222421
     0.4407846835    17.5424341624    17.5424341624     1.8052822215
     0.4447918170    17.8248795103    17.8248795103     1.8346863485
     0.4487989505    18.1085527038    18.1085527038     1.8642315437
     0.4528060840    18.3934210371    18.3934210371     1.8939147141
     0.4568132175    18.6794516786    18.6794516786     1.9237327540
     0.4608203510    18.9666116765    18.9666116765     1.9536825453
     0.4648274845    19.2548679646    19.2548679646     1.9837609578
     0.4688346179    19.5441873686    19.5441873686     2.0139648502
     0.4728417514    19.8345366115    19.8345366115     2.0442910699
     0.4768488849    20.1258823203    20.1258823203     2.0747364543
     0.4808560184    20.4181910319    20.4181910319     2.1052978310
     0.4848631519    20.7114291995    20.7114291995     2.1359720182
     0.4888702854    21.0055631988    21.0055631988     2.1667558254
     0.4928774189    21.3005593344    21.3005593344     2.1976460540
     0.4968845524    21.5963838468    21.5963838468     2.2286394979
     0.5008916858    21.8930029181    21.8930029181     2.2597329437
     0.5048988193    22.1903826796    22.1903826796     2.2909231720
     0.5089059528    22.4884892180    22.4884892180     2.3222069570
     0.5129130863    22.7872885822    22.7872885822     2.3535810682
     0.5169202198    23.0867467904    23.0867467904     2.3850422700
     0.5209273533    23.3868298371    23.3868298371     2.4165873229
     0.5249344868    23.6875036998    23.6875036998     2.4482129840
     0.5289416202    23.9887343464    23.9887343464     2.4799160075
     0.5329487537    24.2904877420    24.2904877420     2.5116931452
     0.5369558872    24.5927298566    24.5927298566     2.5435411476
     0.5409630207    24.8954266718    24.8954266718     2.5754567639
     0.5449701542    25.1985441887    25.1985441887     2.6074367433
     0.5489772877    25.5020484347    25.5020484347     2.6394778349
     0.5529844212    25.8059054714    25.8059054714     2.6715767891
     0.5569915547    26.1100814017    26.1100814017     2.7037303576
     0.5609986881    26.4145423777    26.4145423777     2.7359352944
     0.5650058216    26.7192546077    26.7192546077     2.7681883565
     0.5690129551    27.0241843643    27.0241843643     2.8004863043
     0.5730200886    27.3292979920    27.3292979920     2.8328259024
     0.5770272221    27.6345619145    27.6345619145     2.8652039202
     0.5810343556    27.9399426426    27.9399426426     2.8976171328
     0.5850414891    28.2454067818    28.2454067818     2.9300623213
     0.5890486225    28.5509210405    28.5509210405     2.9625362737
     0.5930557560    28.8564522369    28.8564522369     2.9950357855
     0.5970628895    29.1619673075    29.1619673075     3.0275576606
     0.6010700230    29.4674333146    29.4674333146     3.0600987113
     0.6050771565    29.7728174539    29.7728174539     3.0926557599
     0.6090842900    30.0780870625    30.0780870625     3.1252256386
     0.6130914235    30.3832096266    30.3832096266     3.1578051907
     0.6170985570    30.6881527893    30.6881527893     3.1903912707
     0.6211056904    30.9928843582    30.9928843582     3.2229807456
     0.6251128239    31.2973723133    31.2973723133     3.2555704953
     0.6291199574    31.6015848146    31.6015848146     3.2881574130
     0.6331270909    31.9054902097    31.9054902097     3.3207384063
     0.6371342244    32.2090570418    32.2090570418     3.3533103977
     0.6411413579    32.5122540568    32.5122540568     3.3858703251
     0.6451484914    32.8150502114    32.8150502114     3.4184151426
     0.6491556248    33.1174146801    33.1174146801     3.4509418212
     0.6531627583    33.4193168632    33.4193168632     3.4834473494
     0.6571698918    33.7207263937    33.7207263937     3.5159287338
     0.6611770253    34.0216131450    34.0216131450     3.5483829997
     0.6651841588    34.3219472383    34.3219472383     3.5808071919
     0.6691912923    34.6216990495    34.6216990495     3.6131983752
     0.6731984258    34.9208392163    34.9208392163     3.6455536350
     0.6772055593    35.2193386458    35.2193386458     3.6778700781
     0.6812126927    35.5171685208    35.5171685208     3.7101448330
     0.6852198262    35.8143003073    35.8143003073     3.7423750508
     0.6892269597    36.1107057608    36.1107057608     3.7745579057
     0.6932340932    36.4063569334    36.4063569334     3.8066905952
     0.6972412267    36.7012261801    36.7012261801     3.8387703416
     0.7012483602    36.9952861654    36.9952861654     3.8707943915
     0.7052554937    37.2885098696    37.2885098696     3.9027600171
     0.7092626271    37.5808705952    37.5808705952     3.9346645164
     0.7132697606    37.8723419729    37.8723419729     3.9665052139
     0.7172768941    38.1628979676    38.1628979676     3.9982794610
     0.7212840276    38.4525128841    38.4525128841     4.0299846367
     0.7252911611    38.7411613731    38.7411613731     4.0616181477
     0.7292982946    39.0288184368    39.0288184368     4.0931774295
     0.7333054281    39.3154594339    39.3154594339     4.1246599463
     0.7373125616    39.6010600852    39.6010600852     4.1560631918
     0.7413196950    39.8855964788    39.8855964788     4.1873846897
     0.7453268285    40.1690450749    40.1690450749     4.2186219939
     0.7493339620    40.4513827104    40.4513827104     4.2497726889
     0.7533410955    40.7325866039    40.7325866039     4.2808343907
     0.7573482290    41.0126343599    41.0126343599     4.3118047464
     0.7613553625    41.2915039732    41.2915039732     4.3426814355
     0.7653624960    41.5691738329    41.5691738329     4.3734621695
     0.7693696295    41.8456227264    41.8456227264     4.4041446927
     0.7733767629    42.1208298429    42.1208298429     4.4347267823
     0.7773838964    42.3947747774    42.3947747774     4.4652062490
     0.7813910299    42.6674375334    42.6674375334     4.4955809370
     0.7853981634    42.9387985268    42.9387985268     4.5258487244
     0.7894052969    43.2088385881    43.2088385881     4.5560075235
     0.7934124304    43.4775389657    43.4775389657     4.5860552813
     0.7974195639    43.7448813282    43.7448813282     4.6159899793
     0.8014266973    44.0108477668    44.0108477668     4.6458096339
     0.8054338308    44.2754207975    44.2754207975     4.6755122967
     0.8094409643    44.5385833628    44.5385833628     4.7050960547
     0.8134480978    44.8003188338    44.8003188338     4.7345590303
     0.8174552313    45.0606110115    45.0606110115     4.7638993817
     0.8214623648    45.3194441280    45.3194441280     4.7931153027
     0.8254694983    45.5768028478    45.5768028478     4.8222050233
     0.8294766318    45.8326722685    45.8326722685     4.8511668093
     0.8334837652    46.0870379218    46.0870379218     4.8799989628
     0.8374908987    46.3398857735    46.3398857735     4.9086998219
     0.8414980322    46.5912022240    46.5912022240     4.9372677611
     0.8455051657    46.8409741085    46.8409741085     4.9657011911
     0.8495122992    47.0891886963    47.0891886963     4.9939985590
     0.8535194327    47.3358336910    47.3358336910     5.0221583481
     0.8575265662    47.5808972294    47.5808972294     5.0501790780
     0.8615336996    47.8243678812    47.8243678812     5.0780593046
     0.8655408331    48.0662346474    48.0662346474     5.1057976198
     0.8695479666    48.3064869596    48.3064869596     5.1333926520
     0.8735551001    48.5451146782    48.5451146782     5.1608430651
     0.8775622336    48.7821080910    48.7821080910     5.1881475596
     0.8815693671    49.0174579113    49.0174579113     5.2153048712
     0.8855765006    49.2511552756    49.2511552756     5.2423137716
     0.8895836341    49.4831917420    49.4831917420     5.2691730680
     0.8935907675    49.7135592871    49.7135592871     5.2958816030
     0.8975979010    49.9422503037    49.9422503037     5.3224382542
     0.9016050345    50.1692575982    50.1692575982     5.3488419344
     0.9056121680    50.3945743871    50.3945743871     5.3750915909
     0.9096193015    50.6181942944    50.6181942944     5.4011862058
     0.9136264350    50.8401113478    50.8401113478     5.4271247954
     0.9176335685    51.0603199755    51.0603199755     5.4529064099
     0.9216407019    51.2788150022    51.2788150022     5.4785301334
     0.9256478354    51.4955916456    51.4955916456     5.5039950835
     0.9296549689    51.7106455122    51.7106455122     5.5293004108
     0.9336621024    51.9239725931    51.9239725931     5.5544452990
     0.9376692359    52.1355692597    52.1355692597     5.5794289641
     0.9416763694    52.3454322591    52.3454322591     5.6042506545
     0.9456835029    52.5535587100    52.5535587100     5.6289096502
     0.9496906364    52.7599460972    52.7599460972     5.6534052629
     0.9536977698    52.9645922673    52.9645922673     5.6777368353
     0.9577049033    53.1674954231    53.1674954231     5.7019037409
     0.9617120368    53.3686541192    53.3686541192     5.7259053835
     0.9657191703    53.5680672561    53.5680672561     5.7497411968
     0.9697263038    53.7657340750    53.7657340750     5.7734106440
     0.9737334373    53.9616541523    53.9616541523     5.7969132174
     0.9777405708    54.1558273943    54.1558273943     5.8202484381
     0.9817477042    54.3482540310    54.3482540310     5.8434158552
     0.9857548377    54.5389346105    54.5389346105     5.8664150457
     0.9897619712    54.7278699933    54.7278699933     5.8892456138
     0.9937691047    54.9150613462    54.9150613462     5.9119071908
     0.9977762382    55.1005101360    55.1005101360     5.9343994341
     1.0017833717    55.2842181238    55.2842181238     5.9567220272
     1.0057905052    55.4661873588    55.4661873588     5.9788746790
     1.0097976387    55.6464201716    55.6464201716     6.0008571231
     1.0138047721    55.8249191682    55.8249191682     6.0226691180
     1.0178119056    56.0016872239    56.0016872239     6.0443104457
     1.0218190391    56.1767274763    56.1767274763     6.0657809121
     1.0258261726    56.3500433193    56.3500433193     6.0870803456
     1.0298333061    56.5216383966    56.5216383966     6.1082085973
     1.0338404396    56.6915165950    56.6915165950     6.1291655404
     1.0378475731    56.8596820378    56.8596820378     6.1499510691
     1.0418547065    57.0261390787    57.0261390787     6.1705650990
     1.0458618400    57.1908922946    57.1908922946     6.1910075656
     1.0498689735    57.3539464796    57.3539464796     6.2112784248
     1.0538761070    57.5153066379    57.5153066379     6.2313776514
     1.0578832405    57.6749779777    57.6749779777     6.2513052395
     1.0618903740    57.8329659043    57.8329659043     6.2710612012
     1.0658975075    57.9892760133    57.9892760133     6.2906455665
     1.0699046410    58.1439140847    58.1439140847     6.3100583829
     1.0739117744    58.2968860759    58.2968860759     6.3292997145
     1.0779189079    58.4481981151    58.4481981151     6.3483696417
     1.0819260414    58.5978564950    58.5978564950     6.3672682609
     1.0859331749    58.7458676664    58.7458676664     6.3859956834
     1.0899403084    58.8922382315    58.8922382315     6.4045520357
     1.0939474419    59.0369749377    59.0369749377     6.4229374582
     1.0979545754    59.1800846711    59.1800846711     6.4411521052
     1.1019617088    59.3215744505    59.3215744505     6.4591961444
     1.1059688423    59.4614514206    59.4614514206     6.4770697561
     1.1099759758    59.5997228464    59.5997228464     6.4947731331
     1.1139831093    59.7363961064    59.7363961064     6.5123064798
     1.1179902428    59.8714786872    59.8714786872     6.5296700120
     1.1219973763    60.0049781768    60.0049781768     6.5468639566
     1.1260045098    60.1369022593    60.1369022593     6.5638885505
     1.1300116433    60.2672587082    60.2672587082     6.5807440409
     1.1340187767    60.3960553813    60.3960553813     6.5974306843
     1.1380259102    60.5233002146    60.5233002146     6.6139487462
     1.1420330437    60.6490012166    60.6490012166     6.6302985009
     1.1460401772    60.7731664628    60.7731664628     6.6464802306
     1.1500473107    60.8958040902    60.8958040902     6.6624942254
     1.1540544442    61.0169222915    61.0169222915     6.6783407826
     1.1580615777    61.1365293103    61.1365293103     6.6940202065
     1.1620687111    61.2546334355    61.2546334355     6.7095328077
     1.1660758446    61.3712429960    61.3712429960     6.7248789030
     1.1700829781    61.4863663559    61.4863663559     6.7400588147
     1.1740901116    61.6000119094    61.6000119094     6.7550728707
     1.1780972451    61.7121880756    61.7121880756     6.7699214034
     1.1821043786    61.8229032940    61.8229032940     6.7846047499
     1.1861115121    61.9321660198    61.9321660198     6.7991232516
     1.1901186456    62.0399847189    62.0399847189     6.8134772534
     1.1941257790    62.1463678638    62.1463678638     6.8276671039
     1.1981329125    62.2513239287    62.2513239287     6.8416931545
     1.2021400460    62.3548613855    62.3548613855     6.8555557598
     1.2061471795    62.4569886996    62.4569886996     6.8692552764
     1.2101543130    62.5577143253    62.5577143253     6.8827920632
     1.2141614465    62.6570467021    62.6570467021     6.8961664808
     1.2181685800    62.7549942508    62.7549942508     6.9093788916
     1.2221757135    62.8515653693    62.8515653693     6.9224296587
     1.2261828469    62.9467684291    62.9467684291     6.9353191465
     1.2301899804    63.0406117717    63.0406117717     6.9480477198
     1.2341971139    63.1331037046    63.1331037046     6.9606157439
     1.2382042474    63.2242524985    63.2242524985     6.9730235842
     1.2422113809    63.3140663833    63.3140663833     6.9852716056
     1.2462185144    63.4025535451    63.4025535451     6.9973601730
     1.2502256479    63.4897221231    63.4897221231     7.0092896505
     1.2542327813    63.5755802063    63.5755802063     7.0210604011
     1.2582399148    63.6601358308    63.6601358308     7.0326727868
     1.2622470483    63.7433969764    63.7433969764     7.0441271684
     1.2662541818    63.8253715645    63.8253715645     7.0554239050
     1.2702613153    63.9060674548    63.9060674548     7.0665633538
     1.2742684488    63.9854924429    63.9854924429     7.0775458703
     1.2782755823    64.0636542577    64.0636542577     7.0883718077
     1.2822827158    64.1405605593    64.1405605593     7.0990415169
     1.2862898492    64.2162189359    64.2162189359     7.1095553462
     1.2902969827    64.2906369025    64.2906369025     7.1199136414
     1.2943041162    64.3638218978    64.3638218978     7.1301167452
     1.2983112497    64.4357812828    64.4357812828     7.1401649976
     1.3023183832    64.5065223384    64.5065223384     7.1500587351
     1.3063255167    64.5760522634    64.5760522634     7.1597982913
     1.3103326502    64.6443781731    64.6443781731     7.1693839962
     1.3143397836    64.7115070971    64.7115070971     7.1788161760
     1.3183469171    64.7774459778    64.7774459778     7.1880951535
     1.3223540506    64.8422016685    64.8422016685     7.1972212478
     1.3263611841    64.9057809324    64.9057809324     7.2061947737
     1.3303683176    64.9681904404    64.9681904404     7.2150160424
     1.3343754511    65.0294367705    65.0294367705     7.2236853606
     1.3383825846    65.0895264056    65.0895264056     7.2322030311
     1.3423897181    65.1484657331    65.1484657331     7.2405693521
     1.3463968515    65.2062610428    65.2062610428     7.2487846178
     1.3504039850    65.2629185266    65.2629185266     7.2568491175
     1.3544111185    65.3184442768    65.3184442768     7.2647631363
     1.3584182520    65.3728442854    65.3728442854     7.2725269544
     1.3624253855    65.4261244429    65.4261244429     7.2801408475
     1.3664325190    65.4782905378    65.4782905378     7.2876050866
     1.3704396525    65.5293482552    65.5293482552     7.2949199377
     1.3744467859    65.5793031763    65.5793031763     7.3020856621
     1.3784539194    65.6281607779    65.6281607779     7.3091025161
     1.3824610529    65.6759264311    65.6759264311     7.3159707512
     1.3864681864    65.7226054011    65.7226054011     7.3226906138
     1.3904753199    65.7682028465    65.7682028465     7.3292623453
     1.3944824534    65.8127238188    65.8127238188     7.3356861820
     1.3984895869    65.8561732614    65.8561732614     7.3419623551
     1.4024967204    65.8985560100    65.8985560100     7.3480910908
     1.4065038538    65.9398767912    65.9398767912     7.3540726100
     1.4105109873    65.9801402229    65.9801402229     7.3599071285
     1.4145181208    66.0193508134    66.0193508134     7.3655948569
     1.4185252543    66.0575129613    66.0575129613     7.3711360007
     1.4225323878    66.0946309551    66.0946309551     7.3765307599
     1.4265395213    66.1307089732    66.1307089732     7.3817793296
     1.4305466548    66.1657510830    66.1657510830     7.3868818995
     1.4345537882    66.1997612416    66.1997612416     7.3918386540
     1.4385609217    66.2327432947    66.2327432947     7.3966497722
     1.4425680552    66.2647009771    66.2647009771     7.4013154282
     1.4465751887    66.2956379123    66.2956379123     7.4058357905
     1.4505823222    66.3255576123    66.3255576123     7.4102110226
     1.4545894557    66.3544634777    66.3544634777     7.4144412826
     1.4585965892    66.3823587973    66.3823587973     7.4185267232
     1.4626037227    66.4092467484    66.4092467484     7.4224674922
     1.4666108561    66.4351303965    66.4351303965     7.4262637318
     1.4706179896    66.4600126955    66.4600126955     7.4299155790
     1.4746251231    66.4838964872    66.4838964872     7.4334231657
     1.4786322566    66.5067845019    66.5067845019     7.4367866183
     1.4826393901    66.5286793579    66.5286793579     7.4400060583
     1.4866465236    66.5495835619    66.5495835619     7.4430816016
     1.4906536571    66.5694995086    66.5694995086     7.4460133592
     1.4946607905    66.5884294810    66.5884294810     7.4488014365
     1.4986679240    66.6063756504    66.6063756504     7.4514459341
     1.5026750575    66.6233400764    66.6233400764     7.4539469470
     1.5066821910    66.6393247070    66.6393247070     7.4563045654
     1.5106893245    66.6543313785    66.6543313785     7.4585188739
     1.5146964580    66.6683618155    66.6683618155     7.4605899521
     1.5187035915    66.6814176312    66.6814176312     7.4625178746
     1.5227107250    66.6935003272    66.6935003272     7.4643027106
     1.5267178584    66.7046112939    66.7046112939     7.4659445241
     1.5307249919    66.7147518101    66.7147518101     7.4674433741
     1.5347321254    66.7239230430    66.7239230430     7.4687993144
     1.5387392589    66.7321260490    66.7321260490     7.4700123937
     1.5427463924    66.7393617729    66.7393617729     7.4710826555
     1.5467535259    66.7456310481    66.7456310481     7.4720101382
     1.5507606594    66.7509345972    66.7509345972     7.4727948749
     1.5547677928    66.7552730313    66.7552730313     7.4734368939
     1.5587749263    66.7586468504    66.7586468504     7.4739362181
     1.5627820598    66.7610564434    66.7610564434     7.4742928655
     1.5667891933    66.7625020881    66.7625020881     7.4745068488
     1.5707963268    66.7629839512    66.7629839512     7.4745781758
