        0.00000     3641.03648     3678.47763     3684.66660     3692.52819
        1.00000     3641.02338     3678.45936     3684.65075     3692.51058
        2.00000     3640.99944     3678.42597     3684.62177     3692.47838
        3.00000     3640.96842     3678.38272     3684.58424     3692.43668
        4.00000     3640.93169     3678.33150     3684.53979     3692.38730
        5.00000     3640.89003     3678.27340     3684.48937     3692.33129
        6.00000     3640.84396     3678.20915     3684.43362     3692.26935
        7.00000     3640.79386     3678.13929     3684.37299     3692.20199
        8.00000     3640.74003     3678.06424     3684.30786     3692.12963
        9.00000     3640.68272     3677.98433     3684.23851     3692.05259
       10.00000     3640.62212     3677.89983     3684.16518     3691.97112
       11.00000     3640.55840     3677.81099     3684.08807     3691.88546
       12.00000     3640.49171     3677.71800     3684.00736     3691.79580
       13.00000     3640.42216     3677.62103     3683.92320     3691.70231
       14.00000     3640.34986     3677.52025     3683.83572     3691.60513
       15.00000     3640.27492     3677.41578     3683.74504     3691.50440
       16.00000     3640.19743     3677.30775     3683.65127     3691.40023
       17.00000     3640.11746     3677.19627     3683.55450     3691.29274
       18.00000     3640.03508     3677.08144     3683.45482     3691.18201
       19.00000     3639.95036     3676.96335     3683.35231     3691.06815
       20.00000     3639.86336     3676.84210     3683.24705     3690.95122
       21.00000     3639.77414     3676.71774     3683.13909     3690.83130
       22.00000     3639.68274     3676.59037     3683.02851     3690.70847
       23.00000     3639.58922     3676.46004     3682.91535     3690.58279
       24.00000     3639.49362     3676.32682     3682.79968     3690.45431
       25.00000     3639.39598     3676.19076     3682.68155     3690.32310
       26.00000     3639.29634     3676.05192     3682.56100     3690.18921
       27.00000     3639.19473     3675.91036     3682.43807     3690.05268
       28.00000     3639.09120     3675.76611     3682.31281     3689.91356
       29.00000     3638.98577     3675.61923     3682.18527     3689.77191
       30.00000     3638.87848     3675.46977     3682.05546     3689.62775
       31.00000     3638.76935     3675.31775     3681.92344     3689.48112
       32.00000     3638.65841     3675.16322     3681.78923     3689.33208
       33.00000     3638.54569     3675.00622     3681.65286     3689.18064
       34.00000     3638.43121     3674.84678     3681.51438     3689.02685
       35.00000     3638.31500     3674.68493     3681.37380     3688.87074
       36.00000     3638.19707     3674.52071     3681.23115     3688.71233
       37.00000     3638.07746     3674.35415     3681.08646     3688.55166
       38.00000     3637.95618     3674.18528     3680.93975     3688.38875
       39.00000     3637.83325     3674.01412     3680.79105     3688.22364
       40.00000     3637.70869     3673.84070     3680.64039     3688.05635
       41.00000     3637.58252     3673.66506     3680.48777     3687.88689
       42.00000     3637.45475     3673.48720     3680.33324     3687.71531
       43.00000     3637.32541     3673.30716     3680.17679     3687.54161
       44.00000     3637.19450     3673.12496     3680.01847     3687.36582
       45.00000     3637.06205     3672.94062     3679.85827     3687.18797
       46.00000     3636.92807     3672.75417     3679.69623     3687.00807
       47.00000     3636.79258     3672.56562     3679.53236     3686.82614
       48.00000     3636.65558     3672.37499     3679.36667     3686.64220
       49.00000     3636.51709     3672.18230     3679.19919     3686.45627
       50.00000     3636.37712     3671.98757     3679.02992     3686.26836
       51.00000     3636.23569     3671.79082     3678.85889     3686.07850
       52.00000     3636.09281     3671.59207     3678.68611     3685.88671
       53.00000     3635.94849     3671.39133     3678.51158     3685.69298
       54.00000     3635.80274     3671.18862     3678.33534     3685.49735
       55.00000     3635.65557     3670.98395     3678.15738     3685.29983
       56.00000     3635.50700     3670.77734     3677.97773     3685.10042
       57.00000     3635.35703     3670.56880     3677.79639     3684.89915
       58.00000     3635.20567     3670.35836     3677.61338     3684.69603
       59.00000     3635.05293     3670.14601     3677.42871     3684.49107
       60.00000     3634.89882     3669.93178     3677.24239     3684.28429
       61.00000     3634.74336     3669.71568     3677.05442     3684.07569
       62.00000     3634.58654     3669.49772     3676.86483     3683.86529
       63.00000     3634.42838     3669.27791     3676.67363     3683.65311
       64.00000     3634.26889     3669.05626     3676.48081     3683.43914
       65.00000     3634.10807     3668.83280     3676.28640     3683.22341
       66.00000     3633.94594     3668.60752     3676.09040     3683.00592
       67.00000     3633.78249     3668.38044     3675.89282     3682.78668
       68.00000     3633.61774     3668.15157     3675.69366     3682.56571
       69.00000     3633.45169     3667.92092     3675.49295     3682.34301
       70.00000     3633.28436     3667.68850     3675.29069     3682.11860
       71.00000     3633.11574     3667.45432     3675.08688     3681.89248
       72.00000     3632.94585     3667.21839     3674.88153     3681.66466
       73.00000     3632.77468     3666.98072     3674.67465     3681.43516
       74.00000     3632.60226     3666.74132     3674.46626     3681.20397
       75.00000     3632.42857     3666.50020     3674.25635     3680.97111
       76.00000     3632.25363     3666.25736     3674.04493     3680.73658
       77.00000     3632.07745     3666.01281     3673.83201     3680.50041
       78.00000     3631.90003     3665.76657     3673.61761     3680.26258
       79.00000     3631.72137     3665.51864     3673.40171     3680.02311
       80.00000     3631.54148     3665.26902     3673.18434     3679.78201
       81.00000     3631.36037     3665.01774     3672.96549     3679.53928
       82.00000     3631.17804     3664.76478     3672.74517     3679.29494
       83.00000     3630.99449     3664.51017     3672.52340     3679.04898
       84.00000     3630.80974     3664.25390     3672.30017     3678.80142
       85.00000     3630.62378     3663.99599     3672.07549     3678.55225
       86.00000     3630.43661     3663.73644     3671.84936     3678.30150
       87.00000     3630.24825     3663.47525     3671.62180     3678.04916
       88.00000     3630.05870     3663.21244     3671.39281     3677.79523
       89.00000     3629.86796     3662.94802     3671.16238     3677.53974
       90.00000     3629.67604     3662.68198     3670.93054     3677.28267
       91.00000     3629.48293     3662.41433     3670.69727     3677.02404
       92.00000     3629.28865     3662.14508     3670.46260     3676.76386
       93.00000     3629.09320     3661.87423     3670.22651     3676.50212
       94.00000     3628.89658     3661.60180     3669.98902     3676.23883
       95.00000     3628.69879     3661.32778     3669.75013     3675.97401
       96.00000     3628.49984     3661.05218     3669.50985     3675.70764
       97.00000     3628.29973     3660.77501     3669.26817     3675.43974
       98.00000     3628.09846     3660.49626     3669.02511     3675.17032
       99.00000     3627.89605     3660.21596     3668.78066     3674.89937
      100.00000     3627.69248     3659.93409     3668.53483     3674.62691
      101.00000     3627.48777     3659.65067     3668.28763     3674.35292
      102.00000     3627.28191     3659.36570     3668.03906     3674.07743
      103.00000     3627.07491     3659.07919     3667.78912     3673.80044
      104.00000     3626.86678     3658.79113     3667.53781     3673.52194
      105.00000     3626.65751     3658.50154     3667.28515     3673.24194
      106.00000     3626.44711     3658.21042     3667.03112     3672.96045
      107.00000     3626.23557     3657.91776     3666.77574     3672.67747
      108.00000     3626.02291     3657.62358     3666.51901     3672.39301
      109.00000     3625.80913     3657.32789     3666.26093     3672.10706
      110.00000     3625.59422     3657.03067     3666.00151     3671.81963
      111.00000     3625.37819     3656.73195     3665.74074     3671.53073
      112.00000     3625.16104     3656.43171     3665.47863     3671.24035
      113.00000     3624.94278     3656.12997     3665.21518     3670.94850
      114.00000     3624.72340     3655.82672     3664.95040     3670.65519
      115.00000     3624.50291     3655.52198     3664.68429     3670.36041
      116.00000     3624.28131     3655.21574     3664.41685     3670.06418
      117.00000     3624.05860     3654.90801     3664.14808     3669.76648
      118.00000     3623.83478     3654.59879     3663.87799     3669.46733
      119.00000     3623.60986     3654.28808     3663.60658     3669.16673
      120.00000     3623.38384     3653.97589     3663.33384     3668.86468
      121.00000     3623.15671     3653.66223     3663.05979     3668.56119
      122.00000     3622.92848     3653.34708     3662.78442     3668.25625
      123.00000     3622.69916     3653.03046     3662.50774     3667.94987
      124.00000     3622.46874     3652.71236     3662.22974     3667.64204
      125.00000     3622.23722     3652.39280     3661.95044     3667.33279
      126.00000     3622.00461     3652.07177     3661.66983     3667.02209
      127.00000     3621.77090     3651.74928     3661.38791     3666.70997
      128.00000     3621.53611     3651.42532     3661.10468     3666.39641
      129.00000     3621.30022     3651.09991     3660.82016     3666.08143
      130.00000     3621.06324     3650.77303     3660.53433     3665.76502
      131.00000     3620.82518     3650.44471     3660.24720     3665.44718
      132.00000     3620.58603     3650.11492     3659.95878     3665.12792
      133.00000     3620.34579     3649.78369     3659.66906     3664.80724
      134.00000     3620.10447     3649.45101     3659.37804     3664.48515
      135.00000     3619.86206     3649.11689     3659.08572     3664.16163
      136.00000     3619.61857     3648.78131     3658.79212     3663.83670
      137.00000     3619.37399     3648.44430     3658.49722     3663.51035
      138.00000     3619.12834     3648.10584     3658.20103     3663.18259
      139.00000     3618.88160     3647.76595     3657.90356     3662.85342
      140.00000     3618.63378     3647.42461     3657.60479     3662.52284
      141.00000     3618.38489     3647.08184     3657.30474     3662.19085
      142.00000     3618.13491     3646.73764     3657.00340     3661.85746
      143.00000     3617.88386     3646.39200     3656.70077     3661.52266
      144.00000     3617.63172     3646.04493     3656.39686     3661.18645
      145.00000     3617.37851     3645.69643     3656.09166     3660.84884
      146.00000     3617.12423     3645.34650     3655.78519     3660.50982
      147.00000     3616.86886     3644.99514     3655.47742     3660.16940
      148.00000     3616.61242     3644.64236     3655.16838     3659.82759
      149.00000     3616.35490     3644.28815     3654.85806     3659.48437
      150.00000     3616.09631     3643.93252     3654.54645     3659.13975
      151.00000     3615.83664     3643.57546     3654.23357     3658.79374
      152.00000     3615.57590     3643.21698     3653.91940     3658.44633
      153.00000     3615.31408     3642.85708     3653.60396     3658.09752
      154.00000     3615.05119     3642.49576     3653.28724     3657.74731
      155.00000     3614.78722     3642.13302     3652.96923     3657.39571
      156.00000     3614.52218     3641.76887     3652.64995     3657.04271
      157.00000     3614.25606     3641.40329     3652.32940     3656.68832
      158.00000     3613.98886     3641.03630     3652.00756     3656.33253
      159.00000     3613.72059     3640.66790     3651.68445     3655.97535
      160.00000     3613.45125     3640.29807     3651.36005     3655.61678
      161.00000     3613.18083     3639.92684     3651.03438     3655.25682
      162.00000     3612.90934     3639.55418     3650.70744     3654.89546
      163.00000     3612.63677     3639.18012     3650.37921     3654.53271
      164.00000     3612.36312     3638.80464     3650.04971     3654.16856
      165.00000     3612.08840     3638.42775     3649.71893     3653.80303
      166.00000     3611.81260     3638.04945     3649.38687     3653.43610
      167.00000     3611.53573     3637.66973     3649.05354     3653.06778
      168.00000     3611.25777     3637.28861     3648.71892     3652.69807
      169.00000     3610.97874     3636.90607     3648.38303     3652.32697
      170.00000     3610.69863     3636.52212     3648.04586     3651.95447
      171.00000     3610.41745     3636.13676     3647.70741     3651.58059
      172.00000     3610.13518     3635.74999     3647.36768     3651.20531
      173.00000     3609.85183     3635.36180     3647.02667     3650.82864
      174.00000     3609.56741     3634.97221     3646.68438     3650.45057
      175.00000     3609.28190     3634.58121     3646.34081     3650.07111
      176.00000     3608.99531     3634.18880     3645.99596     3649.69026
      177.00000     3608.70764     3633.79497     3645.64982     3649.30802
      178.00000     3608.41889     3633.39974     3645.30241     3648.92438
      179.00000     3608.12905     3633.00309     3644.95371     3648.53935
      180.00000     3607.83813     3632.60503     3644.60372     3648.15292
      181.00000     3607.54612     3632.20557     3644.25245     3647.76510
      182.00000     3607.25302     3631.80469     3643.89990     3647.37588
      183.00000     3606.95884     3631.40239     3643.54606     3646.98526
      184.00000     3606.66357     3630.99869     3643.19093     3646.59325
      185.00000     3606.36722     3630.59357     3642.83452     3646.19984
      186.00000     3606.06977     3630.18705     3642.47682     3645.80503
      187.00000     3605.77123     3629.77910     3642.11782     3645.40882
      188.00000     3605.47160     3629.36975     3641.75754     3645.01121
      189.00000     3605.17087     3628.95898     3641.39596     3644.61220
      190.00000     3604.86905     3628.54679     3641.03309     3644.21179
      191.00000     3604.56614     3628.13319     3640.66893     3643.80998
      192.00000     3604.26213     3627.71817     3640.30347     3643.40676
      193.00000     3603.95702     3627.30174     3639.93672     3643.00214
      194.00000     3603.65081     3626.88388     3639.56867     3642.59611
      195.00000     3603.34350     3626.46461     3639.19932     3642.18868
      196.00000     3603.03509     3626.04392     3638.82867     3641.77983
      197.00000     3602.72558     3625.62181     3638.45672     3641.36958
      198.00000     3602.41496     3625.19828     3638.08346     3640.95792
      199.00000     3602.10324     3624.77333     3637.70890     3640.54485
      200.00000     3601.79040     3624.34695     3637.33304     3640.13036
      201.00000     3601.47646     3623.91916     3636.95587     3639.71446
      202.00000     3601.16141     3623.48993     3636.57739     3639.29714
      203.00000     3600.84525     3623.05928     3636.19760     3638.87841
      204.00000     3600.52797     3622.62721     3635.81650     3638.45826
      205.00000     3600.20958     3622.19370     3635.43409     3638.03669
      206.00000     3599.89007     3621.75877     3635.05036     3637.61370
      207.00000     3599.56945     3621.32241     3634.66532     3637.18929
      208.00000     3599.24770     3620.88461     3634.27895     3636.76345
      209.00000     3598.92483     3620.44539     3633.89127     3636.33619
      210.00000     3598.60084     3620.00472     3633.50227     3635.90750
      211.00000     3598.27572     3619.56263     3633.11194     3635.47738
      212.00000     3597.94948     3619.11909     3632.72028     3635.04583
      213.00000     3597.62210     3618.67412     3632.32730     3634.61285
      214.00000     3597.29360     3618.22771     3631.93299     3634.17843
      215.00000     3596.96396     3617.77986     3631.53735     3633.74258
      216.00000     3596.63318     3617.33056     3631.14037     3633.30529
      217.00000     3596.30127     3616.87982     3630.74206     3632.86656
      218.00000     3595.96822     3616.42764     3630.34241     3632.42639
      219.00000     3595.63403     3615.97400     3629.94142     3631.98477
      220.00000     3595.29869     3615.51892     3629.53909     3631.54171
      221.00000     3594.96221     3615.06239     3629.13542     3631.09720
      222.00000     3594.62458     3614.60440     3628.73040     3630.65124
      223.00000     3594.28580     3614.14496     3628.32403     3630.20383
      224.00000     3593.94587     3613.68407     3627.91631     3629.75496
      225.00000     3593.60479     3613.22171     3627.50723     3629.30464
      226.00000     3593.26255     3612.75790     3627.09680     3628.85285
      227.00000     3592.91914     3612.29262     3626.68502     3628.39961
      228.00000     3592.57458     3611.82588     3626.27187     3627.94490
      229.00000     3592.22885     3611.35767     3625.85736     3627.48873
      230.00000     3591.88196     3610.88800     3625.44148     3627.03109
      231.00000     3591.53390     3610.41685     3625.02423     3626.57198
      232.00000     3591.18466     3609.94424     3624.60561     3626.11140
      233.00000     3590.83425     3609.47014     3624.18562     3625.64934
      234.00000     3590.48267     3608.99458     3623.76426     3625.18580
      235.00000     3590.12990     3608.51753     3623.34151     3624.72078
      236.00000     3589.77596     3608.03900     3622.91738     3624.25427
      237.00000     3589.42082     3607.55899     3622.49187     3623.78628
      238.00000     3589.06450     3607.07749     3622.06497     3623.31680
      239.00000     3588.70699     3606.59451     3621.63667     3622.84583
      240.00000     3588.34829     3606.11003     3621.20699     3622.37337
      241.00000     3587.98839     3605.62406     3620.77590     3621.89940
      242.00000     3587.62729     3605.13660     3620.34342     3621.42394
      243.00000     3587.26499     3604.64764     3619.90954     3620.94697
      244.00000     3586.90149     3604.15717     3619.47424     3620.46850
      245.00000     3586.53677     3603.66521     3619.03754     3619.98852
      246.00000     3586.17085     3603.17173     3618.59943     3619.50702
      247.00000     3585.80371     3602.67675     3618.15990     3619.02401
      248.00000     3585.43535     3602.18026     3617.71895     3618.53948
      249.00000     3585.06577     3601.68225     3617.27658     3618.05342
      250.00000     3584.69497     3601.18273     3616.83279     3617.56584
      251.00000     3584.32294     3600.68168     3616.38756     3617.07674
      252.00000     3583.94969     3600.17911     3615.94090     3616.58610
      253.00000     3583.57519     3599.67502     3615.49281     3616.09392
      254.00000     3583.19946     3599.16940     3615.04328     3615.60021
      255.00000     3582.82249     3598.66224     3614.59230     3615.10495
      256.00000     3582.44428     3598.15355     3614.13987     3614.60815
      257.00000     3582.06482     3597.64333     3613.68600     3614.10980
      258.00000     3581.68410     3597.13156     3613.23067     3613.60989
      259.00000     3581.30213     3596.61824     3612.77388     3613.10843
      260.00000     3580.91891     3596.10338     3612.31563     3612.60541
      261.00000     3580.53442     3595.58697     3611.85591     3612.10082
      262.00000     3580.14866     3595.06900     3611.39472     3611.59466
      263.00000     3579.76164     3594.54947     3610.93206     3611.08694
      264.00000     3579.37334     3594.02839     3610.46792     3610.57763
      265.00000     3578.98376     3593.50574     3610.00230     3610.06675
      266.00000     3578.59290     3592.98151     3609.53519     3609.55428
      267.00000     3578.20076     3592.45572     3609.04023     3609.06659
      268.00000     3577.80733     3591.92835     3608.52458     3608.59649
      269.00000     3577.41260     3591.39941     3608.00733     3608.12490
      270.00000     3577.01658     3590.86888     3607.48849     3607.65180
      271.00000     3576.61925     3590.33676     3606.96804     3607.17720
      272.00000     3576.22062     3589.80305     3606.44598     3606.70108
      273.00000     3575.82068     3589.26775     3605.92231     3606.22344
      274.00000     3575.41942     3588.73085     3605.39702     3605.74429
      275.00000     3575.01684     3588.19235     3604.87010     3605.26360
      276.00000     3574.61294     3587.65224     3604.34156     3604.78139
      277.00000     3574.20772     3587.11052     3603.81139     3604.29764
      278.00000     3573.80116     3586.56719     3603.27958     3603.81235
      279.00000     3573.39326     3586.02223     3602.74614     3603.32551
      280.00000     3572.98402     3585.47566     3602.21104     3602.83712
      281.00000     3572.57344     3584.92746     3601.67430     3602.34718
      282.00000     3572.16150     3584.37762     3601.13590     3601.85568
      283.00000     3571.74821     3583.82615     3600.59583     3601.36261
      284.00000     3571.33356     3583.27304     3600.05411     3600.86798
      285.00000     3570.91754     3582.71829     3599.51071     3600.37176
      286.00000     3570.50015     3582.16188     3598.96564     3599.87397
      287.00000     3570.08138     3581.60383     3598.41889     3599.37459
      288.00000     3569.66124     3581.04411     3597.87045     3598.87362
      289.00000     3569.23971     3580.48273     3597.32032     3598.37105
      290.00000     3568.81679     3579.91968     3596.76849     3597.86688
      291.00000     3568.39247     3579.35497     3596.21497     3597.36110
      292.00000     3567.96675     3578.78857     3595.65973     3596.85370
      293.00000     3567.53962     3578.22049     3595.10278     3596.34469
      294.00000     3567.11108     3577.65072     3594.54412     3595.83405
      295.00000     3566.68112     3577.07926     3593.98373     3595.32178
      296.00000     3566.24974     3576.50611     3593.42161     3594.80788
      297.00000     3565.81693     3575.93125     3592.85775     3594.29233
      298.00000     3565.38269     3575.35468     3592.29215     3593.77513
      299.00000     3564.94700     3574.77640     3591.72481     3593.25628
      300.00000     3564.50987     3574.19640     3591.15571     3592.73576
      301.00000     3564.07129     3573.61468     3590.58485     3592.21358
      302.00000     3563.63125     3573.03123     3590.01223     3591.68973
      303.00000     3563.18974     3572.44604     3589.43783     3591.16419
      304.00000     3562.74676     3571.85912     3588.86166     3590.63697
      305.00000     3562.30231     3571.27045     3588.28370     3590.10806
      306.00000     3561.85638     3570.68002     3587.70395     3589.57744
      307.00000     3561.40895     3570.08784     3587.12240     3589.04512
      308.00000     3560.96003     3569.49389     3586.53905     3588.51109
      309.00000     3560.50961     3568.89818     3585.95389     3587.97533
      310.00000     3560.05768     3568.30069     3585.36691     3587.43785
      311.00000     3559.60423     3567.70142     3584.77811     3586.89864
      312.00000     3559.14927     3567.10036     3584.18748     3586.35768
      313.00000     3558.69277     3566.49751     3583.59501     3585.81498
      314.00000     3558.23474     3565.89286     3583.00069     3585.27052
      315.00000     3557.77517     3565.28640     3582.40452     3584.72429
      316.00000     3557.31404     3564.67813     3581.80649     3584.17630
      317.00000     3556.85137     3564.06804     3581.20660     3583.62653
      318.00000     3556.38712     3563.45613     3580.60483     3583.07498
      319.00000     3555.92131     3562.84238     3580.00118     3582.52163
      320.00000     3555.45392     3562.22679     3579.39564     3581.96648
      321.00000     3554.98494     3561.60936     3578.78821     3581.40952
      322.00000     3554.51437     3560.99008     3578.17887     3580.85075
      323.00000     3554.04220     3560.36893     3577.56761     3580.29015
      324.00000     3553.56842     3559.74592     3576.95444     3579.72772
      325.00000     3553.09303     3559.12104     3576.33934     3579.16345
      326.00000     3552.61601     3558.49427     3575.72231     3578.59732
      327.00000     3552.13736     3557.86562     3575.10333     3578.02935
      328.00000     3551.65707     3557.23507     3574.48239     3577.45950
      329.00000     3551.17513     3556.60262     3573.85950     3576.88778
      330.00000     3550.69154     3555.96826     3573.23464     3576.31418
      331.00000     3550.20628     3555.33198     3572.60779     3575.73868
      332.00000     3549.71935     3554.69377     3571.97897     3575.16129
      333.00000     3549.23073     3554.05363     3571.34814     3574.58198
      334.00000     3548.74043     3553.41155     3570.71532     3574.00075
      335.00000     3548.24842     3552.76752     3570.08048     3573.41760
      336.00000     3547.75471     3552.12153     3569.44361     3572.83251
      337.00000     3547.25928     3551.47358     3568.80472     3572.24547
      338.00000     3546.76213     3550.82365     3568.16378     3571.65647
      339.00000     3546.26323     3550.17174     3567.52080     3571.06551
      340.00000     3545.76260     3549.51784     3566.87575     3570.47257
      341.00000     3545.26021     3548.86194     3566.22864     3569.87764
      342.00000     3544.75606     3548.20403     3565.57944     3569.28071
      343.00000     3544.25013     3547.54411     3564.92816     3568.68178
      344.00000     3543.74242     3546.88216     3564.27478     3568.08083
      345.00000     3543.23292     3546.21817     3563.61929     3567.47786
      346.00000     3542.72161     3545.55214     3562.96168     3566.87285
      347.00000     3542.20849     3544.88406     3562.30194     3566.26578
      348.00000     3541.69355     3544.21391     3561.64006     3565.65666
      349.00000     3541.17677     3543.54169     3560.97602     3565.04547
      350.00000     3540.65815     3542.86740     3560.30983     3564.43219
      351.00000     3540.13767     3542.19101     3559.64147     3563.81682
      352.00000     3539.61533     3541.51252     3558.97092     3563.19935
      353.00000     3539.09111     3540.83192     3558.29817     3562.57976
      354.00000     3538.56500     3540.14919     3557.62322     3561.95804
      355.00000     3538.03699     3539.46434     3556.94605     3561.33419
      356.00000     3537.50707     3538.77735     3556.26666     3560.70818
      357.00000     3536.97523     3538.08820     3555.58502     3560.08001
      358.00000     3536.44145     3537.39689     3554.90113     3559.44966
      359.00000     3535.90573     3536.70341     3554.21498     3558.81713
      360.00000     3535.36805     3536.00775     3553.52655     3558.18239
      361.00000     3534.82840     3535.30989     3552.83583     3557.54544
      362.00000     3534.28677     3534.60983     3552.14280     3556.90626
      363.00000     3533.74314     3533.90755     3551.44747     3556.26485
      364.00000     3533.19751     3533.20304     3550.74980     3555.62117
      365.00000     3532.49629     3532.64985     3550.04980     3554.97524
      366.00000     3531.78729     3532.10016     3549.34744     3554.32702
      367.00000     3531.07603     3531.54842     3548.64272     3553.67651
      368.00000     3530.36249     3530.99463     3547.93561     3553.02369
      369.00000     3529.64667     3530.43876     3547.22612     3552.36855
      370.00000     3528.92854     3529.88080     3546.51421     3551.71107
      371.00000     3528.20811     3529.32074     3545.79988     3551.05124
      372.00000     3527.48535     3528.75856     3545.08312     3550.38904
      373.00000     3526.76025     3528.19426     3544.36390     3549.72447
      374.00000     3526.03280     3527.62781     3543.64223     3549.05749
      375.00000     3525.30299     3527.05920     3542.91807     3548.38811
      376.00000     3524.57080     3526.48842     3542.19141     3547.71630
      377.00000     3523.83623     3525.91544     3541.46225     3547.04204
      378.00000     3523.09925     3525.34027     3540.73056     3546.36533
      379.00000     3522.35985     3524.76287     3539.99633     3545.68614
      380.00000     3521.61802     3524.18323     3539.25954     3545.00446
      381.00000     3520.87374     3523.60135     3538.52018     3544.32027
      382.00000     3520.12701     3523.01719     3537.77823     3543.63355
      383.00000     3519.37780     3522.43075     3537.03368     3542.94429
      384.00000     3518.62610     3521.84201     3536.28650     3542.25247
      385.00000     3517.87190     3521.25095     3535.53668     3541.55807
      386.00000     3517.11518     3520.65755     3534.78421     3540.86108
      387.00000     3516.35592     3520.06180     3534.02906     3540.16147
      388.00000     3515.59411     3519.46368     3533.27121     3539.45923
      389.00000     3514.82974     3518.86317     3532.51066     3538.75434
      390.00000     3514.06278     3518.26025     3531.74738     3538.04678
      391.00000     3513.29323     3517.65490     3530.98136     3537.33653
      392.00000     3512.52106     3517.04711     3530.21256     3536.62356
      393.00000     3511.74626     3516.43685     3529.44098     3535.90787
      394.00000     3510.96881     3515.82411     3528.66660     3535.18943
      395.00000     3510.18869     3515.20886     3527.88940     3534.46822
      396.00000     3509.40589     3514.59109     3527.10935     3533.74422
      397.00000     3508.62039     3513.97078     3526.32643     3533.01740
      398.00000     3507.83217     3513.34790     3525.54063     3532.28775
      399.00000     3507.04121     3512.72243     3524.75193     3531.55525
      400.00000     3506.24749     3512.09436     3523.96030     3530.81986
      401.00000     3505.45100     3511.46366     3523.16572     3530.08158
      402.00000     3504.65172     3510.83030     3522.36817     3529.34037
      403.00000     3503.84962     3510.19427     3521.56763     3528.59622
      404.00000     3503.04468     3509.55554     3520.76408     3527.84909
      405.00000     3502.23690     3508.91409     3519.95748     3527.09898
      406.00000     3501.42624     3508.26990     3519.14783     3526.34584
      407.00000     3500.61268     3507.62294     3518.33509     3525.58966
      408.00000     3499.79621     3506.97319     3517.51925     3524.83041
      409.00000     3498.97680     3506.32061     3516.70027     3524.06807
      410.00000     3498.15444     3505.66520     3515.87813     3523.30260
      411.00000     3497.32909     3505.00692     3515.05281     3522.53399
      412.00000     3496.50074     3504.34574     3514.22428     3521.76221
      413.00000     3495.66937     3503.68164     3513.39252     3520.98722
      414.00000     3494.83494     3503.01459     3512.55750     3520.20900
      415.00000     3493.99745     3502.34457     3511.71919     3519.42753
      416.00000     3493.15685     3501.67154     3510.87756     3518.64277
      417.00000     3492.31314     3500.99548     3510.03259     3517.85470
      418.00000     3491.46629     3500.31635     3509.18425     3517.06328
      419.00000     3490.61626     3499.63414     3508.33251     3516.26848
      420.00000     3489.76304     3498.94880     3507.47734     3515.47028
      421.00000     3488.90659     3498.26031     3506.61871     3514.66864
      422.00000     3488.04690     3497.56864     3505.75659     3513.86353
      423.00000     3487.18393     3496.87375     3504.89096     3513.05491
      424.00000     3486.31767     3496.17561     3504.02177     3512.24276
      425.00000     3485.44807     3495.47419     3503.14899     3511.42704
      426.00000     3484.57511     3494.76946     3502.27260     3510.60771
      427.00000     3483.69877     3494.06138     3501.39256     3509.78475
      428.00000     3482.81901     3493.34991     3500.50884     3508.95811
      429.00000     3481.93581     3492.63502     3499.62140     3508.12776
      430.00000     3481.04913     3491.91667     3498.73021     3507.29365
      431.00000     3480.15894     3491.19483     3497.83523     3506.45576
      432.00000     3479.26522     3490.46946     3496.93642     3505.61405
      433.00000     3478.36792     3489.74052     3496.03376     3504.76847
      434.00000     3477.46702     3489.00797     3495.12719     3503.91898
      435.00000     3476.56249     3488.27176     3494.21669     3503.06555
      436.00000     3475.65428     3487.53187     3493.30221     3502.20813
      437.00000     3474.74238     3486.78824     3492.38371     3501.34668
      438.00000     3473.82673     3486.04083     3491.46115     3500.48116
      439.00000     3472.90730     3485.28961     3490.53450     3499.61152
      440.00000     3471.98406     3484.53452     3489.60370     3498.73771
      441.00000     3471.05697     3483.77551     3488.66871     3497.85970
      442.00000     3470.12600     3483.01255     3487.72950     3496.97742
      443.00000     3469.19110     3482.24559     3486.78601     3496.09084
      444.00000     3468.25223     3481.47457     3485.83820     3495.19991
      445.00000     3467.30935     3480.69945     3484.88603     3494.30457
      446.00000     3466.36243     3479.92017     3483.92943     3493.40477
      447.00000     3465.41142     3479.13668     3482.96837     3492.50047
      448.00000     3464.45627     3478.34894     3482.00280     3491.59160
      449.00000     3463.49695     3477.55688     3481.03266     3490.67811
      450.00000     3462.53340     3476.76045     3480.05790     3489.75995
      451.00000     3461.56559     3475.95959     3479.07846     3488.83706
      452.00000     3460.59346     3475.15424     3478.09430     3487.90937
      453.00000     3459.61697     3474.34435     3477.10536     3486.97684
      454.00000     3458.63606     3473.52985     3476.11157     3486.03939
      455.00000     3457.65070     3472.71067     3475.11289     3485.09697
      456.00000     3456.66082     3471.88676     3474.10924     3484.14950
      457.00000     3455.66638     3471.05805     3473.10058     3483.19693
      458.00000     3454.66732     3470.22447     3472.08683     3482.23919
      459.00000     3453.66358     3469.38595     3471.06793     3481.27620
      460.00000     3452.65512     3468.54242     3470.04382     3480.30789
      461.00000     3451.64187     3467.69381     3469.01443     3479.33420
      462.00000     3450.62377     3466.84004     3467.97968     3478.35505
      463.00000     3449.60077     3465.98103     3466.93952     3477.37035
      464.00000     3448.57280     3465.11671     3465.89386     3476.38004
      465.00000     3447.53980     3464.24699     3464.84263     3475.38402
      466.00000     3446.50170     3463.37179     3463.78575     3474.38222
      467.00000     3445.45844     3462.49102     3462.72315     3473.37456
      468.00000     3444.40995     3461.60460     3461.65474     3472.36094
      469.00000     3443.35616     3460.58044     3460.71243     3471.34127
      470.00000     3442.29700     3459.50017     3459.81442     3470.31546
      471.00000     3441.23239     3458.41384     3458.91048     3469.28342
      472.00000     3440.16225     3457.32136     3458.00051     3468.24505
      473.00000     3439.08652     3456.22263     3457.08439     3467.20024
      474.00000     3438.00511     3455.11757     3456.16204     3466.14890
      475.00000     3436.91794     3454.00607     3455.23333     3465.09091
      476.00000     3435.82492     3452.88803     3454.29817     3464.02617
      477.00000     3434.72597     3451.76335     3453.35642     3462.95456
      478.00000     3433.62099     3450.63193     3452.40798     3461.87597
      479.00000     3432.50991     3449.49365     3451.45273     3460.79027
      480.00000     3431.39261     3448.34839     3450.49052     3459.69734
      481.00000     3430.26900     3447.19605     3449.52124     3458.59706
      482.00000     3429.13899     3446.03650     3448.54474     3457.48928
      483.00000     3428.00247     3444.86962     3447.56090     3456.37388
      484.00000     3426.85933     3443.69527     3446.56955     3455.25071
      485.00000     3425.70946     3442.51333     3445.57056     3454.11962
      486.00000     3424.55275     3441.32366     3444.56377     3452.98047
      487.00000     3423.38908     3440.12612     3443.54901     3451.83310
      488.00000     3422.21834     3438.92056     3442.52613     3450.67734
      489.00000     3421.04038     3437.70682     3441.49494     3449.51302
      490.00000     3419.85509     3436.48476     3440.45527     3448.33998
      491.00000     3418.66233     3435.25420     3439.40693     3447.15803
      492.00000     3417.46196     3434.01499     3438.34972     3445.96698
      493.00000     3416.25383     3432.76694     3437.28345     3444.76664
      494.00000     3415.03781     3431.50987     3436.20791     3443.55681
      495.00000     3413.81373     3430.24359     3435.12288     3442.33728
      496.00000     3412.58143     3428.96792     3434.02813     3441.10782
      497.00000     3411.34075     3427.68264     3432.92343     3439.86822
      498.00000     3410.09151     3426.38754     3431.80852     3438.61823
      499.00000     3408.83353     3425.08240     3430.68315     3437.35760
      500.00000     3407.56663     3423.76699     3429.54706     3436.08608
      501.00000     3406.29062     3422.44108     3428.39996     3434.80341
      502.00000     3405.00529     3421.10441     3427.24155     3433.50929
      503.00000     3403.71042     3419.75672     3426.07153     3432.20343
      504.00000     3402.40581     3418.39773     3424.88957     3430.88553
      505.00000     3401.09121     3417.02717     3423.69535     3429.55527
      506.00000     3399.76639     3415.64473     3422.48849     3428.21230
      507.00000     3398.43111     3414.25011     3421.26863     3426.85627
      508.00000     3397.08509     3412.84296     3420.03537     3425.48681
      509.00000     3395.72806     3411.42295     3418.78830     3424.10353
      510.00000     3394.35974     3409.98971     3417.52698     3422.70601
      511.00000     3392.97981     3408.54287     3416.25096     3421.29383
      512.00000     3391.58798     3407.08202     3414.95973     3419.86651
      513.00000     3390.18389     3405.60673     3413.65280     3418.42358
      514.00000     3388.76720     3404.11656     3412.32960     3416.96453
      515.00000     3387.33755     3402.61104     3410.98956     3415.48880
      516.00000     3385.89454     3401.08967     3409.63207     3413.99584
      517.00000     3384.43775     3399.55191     3408.25646     3412.48502
      518.00000     3382.96676     3397.99719     3406.86204     3410.95569
      519.00000     3381.48110     3396.42493     3405.44806     3409.40716
      520.00000     3379.98028     3394.83448     3404.01371     3407.83868
      521.00000     3378.46379     3393.22515     3402.55815     3406.24948
      522.00000     3376.93107     3391.59622     3401.08045     3404.63869
      523.00000     3375.38153     3389.94691     3399.57962     3403.00541
      524.00000     3373.81455     3388.27638     3398.05459     3401.34865
      525.00000     3372.22946     3386.58371     3396.50420     3399.66736
      526.00000     3370.62553     3384.86795     3394.92721     3397.96039
      527.00000     3369.00199     3383.12802     3393.32224     3396.22649
      528.00000     3367.35800     3381.36280     3391.68780     3394.46433
      529.00000     3365.69266     3379.57103     3390.02229     3392.67242
      530.00000     3364.00499     3377.75136     3388.32390     3390.84915
      531.00000     3362.29391     3375.90230     3386.59067     3388.99276
      532.00000     3360.55824     3374.02222     3384.82043     3387.10129
      533.00000     3358.79667     3372.10931     3383.01077     3385.17258
      534.00000     3357.00772     3370.16159     3381.15898     3383.20423
      535.00000     3355.18974     3368.17683     3379.26206     3381.19355
      536.00000     3353.34084     3366.15253     3377.31659     3379.13753
      537.00000     3351.45884     3364.08591     3375.31871     3377.03277
      538.00000     3349.54121     3361.97378     3373.26400     3374.87538
      539.00000     3347.58500     3359.81253     3371.14738     3372.66091
      540.00000     3345.58678     3357.59800     3368.96296     3370.38425
      541.00000     3343.54257     3355.32537     3366.70382     3368.03940
      542.00000     3341.44777     3352.98897     3364.36178     3365.61930
      543.00000     3339.29709     3350.58210     3361.92704     3363.11556
      544.00000     3337.08446     3348.09672     3359.38764     3360.51798
      545.00000     3334.80283     3345.52298     3356.72883     3357.81409
      546.00000     3332.44380     3342.84867     3353.93197     3354.98820
      547.00000     3329.99708     3340.05825     3350.97299     3352.02024
      548.00000     3327.44955     3337.13140     3347.81984     3348.88369
      549.00000     3324.78369     3334.04064     3344.42824     3345.54227
      550.00000     3321.97510     3330.74704     3340.73399     3341.94393
      551.00000     3318.98773     3327.19198     3336.63761     3338.00906
      552.00000     3315.76409     3323.27896     3331.96958     3333.60401
      553.00000     3312.20045     3318.82502     3326.39338     3328.46859
      554.00000     3308.06107     3313.37550     3319.01452     3321.92958
      555.00000     3302.51972     3302.51972     3305.73682     3305.73682
