Nd1
   434.209483861105                2           0
   778.538835821749                2          -2
  -19.9743446070200                4           0
  -34.3623998293414                4          -2
  -77.8160837056581                4           4
   12.9029058669569                6           0
  -19.4634941735876                6          -2
   133.186853391485                6           4
  -8.21479703036823                6          -6
Nd2
   559.820062918830                2           0
  -212.067904780421                2          -2
  -19.0483051917575                4           0
   55.6929489541875                4          -2
   43.2512799351944                4           4
   7.17057092144125                6           0
   7.73338417639330                6          -2
   91.6310655194054                6           4
  -107.943684277012                6          -6
