Sm 4 Fe 28 system
8.82d0 8.82d0 11.94d0
350.0d0 \lambda
Sm f1 atom 1
321.5d0 1.0d0	Hm
1.0d0 1.0d0 1.0d0
   349.602242954842      K           2           0
  -852.225897900307      K          -2           2
  -45.5390070345571      K           4           0
   79.4576347444196      K          -4           2
  -130.194244369511      K           4           4
  -2.85826577743929      K           6           0
  -7.87933660734350      K          -6           2
  -19.6825975590282      K           6           4
   8.29721162153593      K          -6           6
Sm g1 atom 5
342.8d0 1.0d0	Hm
1.0d0 1.0d0 1.0d0
   433.583762697235      K           2           0
   167.670820391727      K          -2           2
  -48.2864897638538      K           4           0
  -58.0305878709823      K          -4           2
   81.1028275983474      K           4           4
  -2.36262862182213      K           6           0
   4.65555604952468      K          -6           2
  -15.3271198357271      K           6           4
  0.545892913236651      K          -6           6
Sm f2 atom 1
321.5d0 1.0d0
1.0d0 1.0d0 1.0d0
   349.602242954842      K           2           0
   852.225897900307      K          -2           2
  -45.5390070345571      K           4           0
  -79.4576347444196      K          -4           2
  -130.194244369511      K           4           4
  -2.85826577743929      K           6           0
   7.87933660734350      K          -6           2
  -19.6825975590282      K           6           4
  -8.29721162153593      K          -6           6
Sm g2 atom 5
342.8d0 1.0d0
1.0d0 1.0d0 1.0d0
   433.583762697235      K           2           0
  -167.670820391727      K          -2           2
  -48.2864897638538      K           4           0
   58.0305878709823      K          -4           2
   81.1028275983474      K           4           4
  -2.36262862182213      K           6           0
  -4.65555604952468      K          -6           2
  -15.3271198357271      K           6           4
 -0.545892913236651      K          -6           6

