      0.00           -14.25228           -14.25228            -0.04616            -0.04616            -1.36119            -1.36119            -0.00909            -0.00909
      2.00           -14.35194           -14.35194             0.12566             0.12566            -1.46167            -1.46167             0.02051             0.02051
      4.00           -14.28162           -14.28162             0.00864             0.00864            -1.39617            -1.39617             0.00203             0.00203
      6.00           -14.29485           -14.29485             0.03202             0.03202            -1.40936            -1.40936             0.00634             0.00634
      8.00           -14.19613           -14.19613            -0.13157            -0.13157            -1.31344            -1.31344            -0.02088            -0.02088
     10.00           -14.28639           -14.28639             0.02631             0.02631            -1.40526            -1.40526             0.00365             0.00365
     12.00           -14.31580           -14.31580             0.08363             0.08363            -1.43718            -1.43718             0.01267             0.01267
     14.00           -14.21500           -14.21500            -0.08795            -0.08795            -1.33687            -1.33687            -0.01420            -0.01420
     16.00           -14.14585           -14.14585            -0.20142            -0.20142            -1.27203            -1.27203            -0.03342            -0.03342
     18.00           -14.12649           -14.12649            -0.22821            -0.22821            -1.25724            -1.25724            -0.03698            -0.03698
     20.00           -14.39374           -14.39374             0.23708             0.23708            -1.52557            -1.52557             0.03877             0.03877
     22.00           -14.29158           -14.29158             0.07088             0.07088            -1.42980            -1.42980             0.01042             0.01042
     24.00           -14.36567           -14.36567             0.20188             0.20188            -1.50635            -1.50635             0.03501             0.03501
     26.00           -14.38412           -14.38412             0.23858             0.23858            -1.52695            -1.52695             0.04084             0.04084
     28.00           -14.29081           -14.29081             0.08639             0.08639            -1.43624            -1.43624             0.01263             0.01263
     30.00           -14.24826           -14.24826             0.01756             0.01756            -1.39853            -1.39853             0.00317             0.00317
     32.00           -14.15353           -14.15353            -0.13991            -0.13991            -1.30452            -1.30452            -0.02482            -0.02482
     34.00           -14.07539           -14.07539            -0.27184            -0.27184            -1.22963            -1.22963            -0.04457            -0.04457
     36.00           -14.36239           -14.36239             0.22222             0.22222            -1.51324            -1.51324             0.03646             0.03646
     38.00           -14.16929           -14.16929            -0.10462            -0.10462            -1.32295            -1.32295            -0.01770            -0.01770
     40.00           -14.24244           -14.24244             0.02275             0.02275            -1.39378            -1.39378             0.00353             0.00353
     42.00           -14.27684           -14.27684             0.09078             0.09078            -1.43259            -1.43259             0.01457             0.01457
     44.00           -14.19018           -14.19018            -0.04798            -0.04798            -1.35066            -1.35066            -0.00796            -0.00796
     46.00           -14.25696           -14.25696             0.08206             0.08206            -1.42480            -1.42480             0.01550             0.01550
     48.00           -14.07840           -14.07840            -0.20202            -0.20202            -1.25181            -1.25181            -0.03344            -0.03344
     50.00           -14.26409           -14.26409             0.14722             0.14722            -1.45069            -1.45069             0.02457             0.02457
     52.00           -14.16549           -14.16549             0.02206             0.02206            -1.37202            -1.37202             0.00278             0.00278
     54.00           -14.10459           -14.10459            -0.02700            -0.02700            -1.33852            -1.33852            -0.00308            -0.00308
     56.00           -13.95853           -13.95853            -0.20344            -0.20344            -1.22717            -1.22717            -0.03468            -0.03468
     58.00           -13.98234           -13.98234            -0.07694            -0.07694            -1.29355            -1.29355            -0.01336            -0.01336
     60.00           -14.14848           -14.14848             0.31279             0.31279            -1.50838            -1.50838             0.05352             0.05352
     62.00           -13.86561           -13.86561            -0.05110            -0.05110            -1.28793            -1.28793            -0.00871            -0.00871
     64.00           -13.89387           -13.89387             0.13826             0.13826            -1.38788            -1.38788             0.02215             0.02215
     66.00           -13.77360           -13.77360             0.09617             0.09617            -1.35230            -1.35230             0.01726             0.01726
     68.00           -13.60720           -13.60720            -0.01090            -0.01090            -1.27745            -1.27745            -0.00119            -0.00119
     70.00           -13.38994           -13.38994            -0.18086            -0.18086            -1.16423            -1.16423            -0.03062            -0.03062
     72.00           -13.43179           -13.43179             0.11096             0.11096            -1.31942            -1.31942             0.02044             0.02044
     74.00           -13.21142           -13.21142            -0.02856            -0.02856            -1.22412            -1.22412            -0.00400            -0.00400
     76.00           -13.10597           -13.10597             0.04731             0.04731            -1.25172            -1.25172             0.00795             0.00795
     78.00           -13.09624           -13.09624             0.30351             0.30351            -1.38367            -1.38367             0.05279             0.05279
     80.00           -12.76462           -12.76462             0.03164             0.03164            -1.20813            -1.20813             0.00487             0.00487
     82.00           -12.51646           -12.51646            -0.08850            -0.08850            -1.12163            -1.12163            -0.01456            -0.01456
     84.00           -12.33615           -12.33615            -0.07751            -0.07751            -1.10842            -1.10842            -0.01289            -0.01289
     86.00           -12.16635           -12.16635            -0.02801            -0.02801            -1.11923            -1.11923            -0.00530            -0.00530
     88.00           -11.94944           -11.94944            -0.04848            -0.04848            -1.08726            -1.08726            -0.00937            -0.00937
     90.00           -11.81094           -11.81094             0.07410             0.07410            -1.13959            -1.13959             0.01260             0.01260
     92.00           -11.52169           -11.52169            -0.04551            -0.04551            -1.05014            -1.05014            -0.00798            -0.00798
     94.00           -11.32612           -11.32612            -0.00154            -0.00154            -1.05334            -1.05334             0.00016             0.00016
     96.00           -11.06395           -11.06395            -0.06244            -0.06244            -0.99900            -0.99900            -0.01112            -0.01112
     98.00           -10.83939           -10.83939            -0.05161            -0.05161            -0.98319            -0.98319            -0.00799            -0.00799
    100.00           -10.64993           -10.64993             0.02719             0.02719            -1.01157            -1.01157             0.00627             0.00627
    102.00           -10.33689           -10.33689            -0.10564            -0.10564            -0.91089            -0.91089            -0.01838            -0.01838
    104.00           -10.10546           -10.10546            -0.08997            -0.08997            -0.89969            -0.89969            -0.01454            -0.01454
    106.00            -9.81115            -9.81115            -0.18270            -0.18270            -0.82621            -0.82621            -0.02902            -0.02902
    108.00            -9.83799            -9.83799             0.27511             0.27511            -1.07141            -1.07141             0.04800             0.04800
    110.00            -9.50197            -9.50197             0.11242             0.11242            -0.95439            -0.95439             0.01820             0.01820
    112.00            -9.17560            -9.17560            -0.02999            -0.02999            -0.84988            -0.84988            -0.00403            -0.00403
    114.00            -8.89393            -8.89393            -0.10017            -0.10017            -0.79123            -0.79123            -0.01602            -0.01602
