 # temperature (K), theta (degree), phi (degree), abs for RE 1-2
     0.00000     0.00000     0.00000     0.30379     0.00000     0.00000     0.30379
     2.00000     0.00000     0.00000     0.30380     0.00000     0.00000     0.30380
     4.00000     0.00000     0.00000     0.30382     0.00000     0.00000     0.30382
     6.00000     0.00000     0.00000     0.30385     0.00000     0.00000     0.30385
     8.00000     0.00000     0.00000     0.30389     0.00000     0.00000     0.30389
    10.00000     0.00000     0.00000     0.30393     0.00000     0.00000     0.30393
    12.00000     0.00000     0.00000     0.30398     0.00000     0.00000     0.30398
    14.00000     0.00000     0.00000     0.30403     0.00000     0.00000     0.30403
    16.00000     0.00000     0.00000     0.30408     0.00000     0.00000     0.30408
    18.00000     0.00000     0.00000     0.30414     0.00000     0.00000     0.30414
    20.00000     0.00000     0.00000     0.30420     0.00000     0.00000     0.30420
    22.00000     0.00000     0.00000     0.30426     0.00000     0.00000     0.30426
    24.00000     0.00000     0.00000     0.30433     0.00000     0.00000     0.30433
    26.00000     0.00000     0.00000     0.30440     0.00000     0.00000     0.30440
    28.00000     0.00000     0.00000     0.30447     0.00000     0.00000     0.30447
    30.00000     0.00000     0.00000     0.30454     0.00000     0.00000     0.30454
    32.00000     0.00000     0.00000     0.30461     0.00000     0.00000     0.30461
    34.00000     0.00000     0.00000     0.30469     0.00000     0.00000     0.30469
    36.00000     0.00000     0.00000     0.30476     0.00000     0.00000     0.30476
    38.00000     0.00000     0.00000     0.30483     0.00000     0.00000     0.30483
    40.00000     0.00000     0.00000     0.30489     0.00000     0.00000     0.30489
    42.00000     0.00000     0.00000     0.30494     0.00000     0.00000     0.30494
    44.00000     0.00000     0.00000     0.30498     0.00000     0.00000     0.30498
    46.00000     0.00000     0.00000     0.30501     0.00000     0.00000     0.30501
    48.00000     0.00000     0.00000     0.30501     0.00000     0.00000     0.30501
    50.00000     0.00000     0.00000     0.30500     0.00000     0.00000     0.30500
    52.00000     0.00000     0.00000     0.30496     0.00000     0.00000     0.30496
    54.00000     0.00000     0.00000     0.30489     0.00000     0.00000     0.30489
    56.00000     0.00000     0.00000     0.30479     0.00000     0.00000     0.30479
    58.00000     0.00000     0.00000     0.30466     0.00000     0.00000     0.30466
    60.00000     0.00000     0.00000     0.30449     0.00000     0.00000     0.30449
    62.00000     0.00000     0.00000     0.30428     0.00000     0.00000     0.30428
    64.00000     0.00000     0.00000     0.30402     0.00000     0.00000     0.30402
    66.00000     0.00000     0.00000     0.30372     0.00000     0.00000     0.30372
    68.00000     0.00000     0.00000     0.30338     0.00000     0.00000     0.30338
    70.00000     0.00000     0.00000     0.30298     0.00000     0.00000     0.30298
    72.00000     0.00000     0.00000     0.30254     0.00000     0.00000     0.30254
    74.00000     0.00000     0.00000     0.30204     0.00000     0.00000     0.30204
    76.00000     0.00000     0.00000     0.30149     0.00000     0.00000     0.30149
    78.00000     0.00000     0.00000     0.30089     0.00000     0.00000     0.30089
    80.00000     0.00000     0.00000     0.30023     0.00000     0.00000     0.30023
    82.00000     0.00000     0.00000     0.29952     0.00000     0.00000     0.29952
    84.00000     0.00000     0.00000     0.29876     0.00000     0.00000     0.29876
    86.00000     0.00000     0.00000     0.29793     0.00000     0.00000     0.29793
    88.00000     0.00000     0.00000     0.29706     0.00000     0.00000     0.29706
    90.00000     0.00000     0.00000     0.29612     0.00000     0.00000     0.29612
    92.00000     0.00000     0.00000     0.29514     0.00000     0.00000     0.29514
    94.00000     0.00000     0.00000     0.29409     0.00000     0.00000     0.29409
    96.00000     0.00000     0.00000     0.29300     0.00000     0.00000     0.29300
    98.00000     0.00000     0.00000     0.29185     0.00000     0.00000     0.29185
   100.00000     0.00000     0.00000     0.29064     0.00000     0.00000     0.29064
   102.00000     0.00000     0.00000     0.28938     0.00000     0.00000     0.28938
   104.00000     0.00000     0.00000     0.28807     0.00000     0.00000     0.28807
   106.00000     0.00000     0.00000     0.28671     0.00000     0.00000     0.28671
   108.00000     0.00000     0.00000     0.28530     0.00000     0.00000     0.28530
   110.00000     0.00000     0.00000     0.28384     0.00000     0.00000     0.28384
   112.00000     0.00000     0.00000     0.28233     0.00000     0.00000     0.28233
   114.00000     0.00000     0.00000     0.28077     0.00000     0.00000     0.28077
