 ATOMNUMBER =           1
 NUMBER OF LM          49
 Alm<r^l> (K)l   m   
  0.000000000000000E+000 K           0           0
  0.000000000000000E+000 K           1           0
  0.000000000000000E+000 K           1           1
  0.000000000000000E+000 K          -1           1
   362.721870856157      K           2           0
 -0.372580849027819      K           2           1
 -0.377290881514513      K          -2           1
 -2.140411140818581E-003 K           2           2
  -878.062034082535      K          -2           2
  0.000000000000000E+000 K           3           0
  0.000000000000000E+000 K           3           1
  0.000000000000000E+000 K          -3           1
  0.000000000000000E+000 K           3           2
  0.000000000000000E+000 K          -3           2
  0.000000000000000E+000 K           3           3
  0.000000000000000E+000 K          -3           3
  -53.6074836406294      K           4           0
 -1.566885211002348E-002 K           4           1
 -1.627485979373929E-002 K          -4           1
  7.282060905072595E-005 K           4           2
   93.8030436934058      K          -4           2
 -0.236338805616354      K           4           3
  0.237919805319981      K          -4           3
  -151.886419725060      K           4           4
 -4.978298586725137E-004 K          -4           4
  0.000000000000000E+000 K           5           0
  0.000000000000000E+000 K           5           1
  0.000000000000000E+000 K          -5           1
  0.000000000000000E+000 K           5           2
  0.000000000000000E+000 K          -5           2
  0.000000000000000E+000 K           5           3
  0.000000000000000E+000 K          -5           3
  0.000000000000000E+000 K           5           4
  0.000000000000000E+000 K          -5           4
  0.000000000000000E+000 K           5           5
  0.000000000000000E+000 K          -5           5
  -2.73286721442706      K           6           0
  1.008387129728626E-003 K           6           1
  1.116669934336151E-003 K          -6           1
  1.378788371206241E-004 K           6           2
  -3.88145352708038      K          -6           2
 -6.471645709031164E-004 K           6           3
  5.968579221123346E-004 K          -6           3
  -31.2483220863503      K           6           4
 -1.095082087925997E-004 K          -6           4
 -8.441928986755550E-003 K           6           5
 -8.400736576516755E-003 K          -6           5
  3.410031427842425E-005 K           6           6
   4.01769026220232      K          -6           6
 ATOMNUMBER =           2
 NUMBER OF LM          49
 Alm<r^l> (K)l   m   
  0.000000000000000E+000 K           0           0
  0.000000000000000E+000 K           1           0
  0.000000000000000E+000 K           1           1
  0.000000000000000E+000 K          -1           1
   362.712187622552      K           2           0
 -0.321392082054284      K           2           1
 -0.337871676385763      K          -2           1
 -2.539922955374553E-003 K           2           2
  -878.073364829665      K          -2           2
  0.000000000000000E+000 K           3           0
  0.000000000000000E+000 K           3           1
  0.000000000000000E+000 K          -3           1
  0.000000000000000E+000 K           3           2
  0.000000000000000E+000 K          -3           2
  0.000000000000000E+000 K           3           3
  0.000000000000000E+000 K          -3           3
  -53.6070004863232      K           4           0
 -1.556518486477062E-002 K           4           1
 -1.469052916816070E-002 K          -4           1
  7.306042471251060E-005 K           4           2
   93.7978564203687      K          -4           2
 -0.235096537794107      K           4           3
  0.231025123019459      K          -4           3
  -151.891517574211      K           4           4
 -4.640389143220151E-004 K          -4           4
  0.000000000000000E+000 K           5           0
  0.000000000000000E+000 K           5           1
  0.000000000000000E+000 K          -5           1
  0.000000000000000E+000 K           5           2
  0.000000000000000E+000 K          -5           2
  0.000000000000000E+000 K           5           3
  0.000000000000000E+000 K          -5           3
  0.000000000000000E+000 K           5           4
  0.000000000000000E+000 K          -5           4
  0.000000000000000E+000 K           5           5
  0.000000000000000E+000 K          -5           5
  -2.73285905480769      K           6           0
  1.153924135765546E-003 K           6           1
  1.056770325796407E-003 K          -6           1
  1.397427174815186E-004 K           6           2
  -3.88186696303639      K          -6           2
 -7.817186140759852E-004 K           6           3
  8.384642472479705E-004 K          -6           3
  -31.2485977691991      K           6           4
 -1.062750563333491E-004 K          -6           4
 -8.076449352776138E-003 K           6           5
 -8.122559712764446E-003 K          -6           5
  3.258451045206380E-005 K           6           6
   4.01774148438450      K          -6           6
 ATOMNUMBER =           3
 NUMBER OF LM          49
 Alm<r^l> (K)l   m   
  0.000000000000000E+000 K           0           0
  0.000000000000000E+000 K           1           0
  0.000000000000000E+000 K           1           1
  0.000000000000000E+000 K          -1           1
   363.956848915840      K           2           0
 -0.747155722351609      K           2           1
 -0.788095080247505      K          -2           1
 -1.620425594726245E-003 K           2           2
   877.983050567417      K          -2           2
  0.000000000000000E+000 K           3           0
  0.000000000000000E+000 K           3           1
  0.000000000000000E+000 K          -3           1
  0.000000000000000E+000 K           3           2
  0.000000000000000E+000 K          -3           2
  0.000000000000000E+000 K           3           3
  0.000000000000000E+000 K          -3           3
  -53.6760512586986      K           4           0
 -2.270117645730196E-002 K           4           1
 -2.445542743303949E-002 K          -4           1
 -3.432615409497821E-003 K           4           2
  -93.2710017939422      K          -4           2
  0.237300532009084      K           4           3
 -0.239456274148737      K          -4           3
  -151.845080552573      K           4           4
 -1.824815419757984E-003 K          -4           4
  0.000000000000000E+000 K           5           0
  0.000000000000000E+000 K           5           1
  0.000000000000000E+000 K          -5           1
  0.000000000000000E+000 K           5           2
  0.000000000000000E+000 K          -5           2
  0.000000000000000E+000 K           5           3
  0.000000000000000E+000 K          -5           3
  0.000000000000000E+000 K           5           4
  0.000000000000000E+000 K          -5           4
  0.000000000000000E+000 K           5           5
  0.000000000000000E+000 K          -5           5
  -2.72977744799692      K           6           0
  4.274766813345924E-004 K           6           1
  4.236805623343526E-004 K          -6           1
 -3.134465492330917E-004 K           6           2
   3.90164242895403      K          -6           2
  5.568660460615799E-003 K           6           3
 -5.785816486399795E-003 K          -6           3
  -31.1589281745501      K           6           4
 -6.174880783150602E-004 K          -6           4
 -2.055052645537389E-002 K           6           5
 -2.020852199468825E-002 K          -6           5
 -8.206792654338576E-005 K           6           6
  -4.07276588889293      K          -6           6
 ATOMNUMBER =           4
 NUMBER OF LM          49
 Alm<r^l> (K)l   m   
  0.000000000000000E+000 K           0           0
  0.000000000000000E+000 K           1           0
  0.000000000000000E+000 K           1           1
  0.000000000000000E+000 K          -1           1
   363.956990846112      K           2           0
 -0.794247654153634      K           2           1
 -0.752375846329877      K          -2           1
  6.231220176253907E-003 K           2           2
   877.982861769992      K          -2           2
  0.000000000000000E+000 K           3           0
  0.000000000000000E+000 K           3           1
  0.000000000000000E+000 K          -3           1
  0.000000000000000E+000 K           3           2
  0.000000000000000E+000 K          -3           2
  0.000000000000000E+000 K           3           3
  0.000000000000000E+000 K          -3           3
  -53.6760555757666      K           4           0
 -2.311115780399248E-002 K           4           1
 -2.253372773782180E-002 K          -4           1
  3.315546445989627E-003 K           4           2
  -93.2709503599421      K          -4           2
  0.242132736123017      K           4           3
 -0.240297518323285      K          -4           3
  -151.845087351083      K           4           4
  9.048568848220596E-004 K          -4           4
  0.000000000000000E+000 K           5           0
  0.000000000000000E+000 K           5           1
  0.000000000000000E+000 K          -5           1
  0.000000000000000E+000 K           5           2
  0.000000000000000E+000 K          -5           2
  0.000000000000000E+000 K           5           3
  0.000000000000000E+000 K          -5           3
  0.000000000000000E+000 K           5           4
  0.000000000000000E+000 K          -5           4
  0.000000000000000E+000 K           5           5
  0.000000000000000E+000 K          -5           5
  -2.72977726757698      K           6           0
  3.082658095902071E-004 K           6           1
  3.374325247502827E-004 K          -6           1
  3.347497714081592E-005 K           6           2
   3.90164215100202      K          -6           2
  5.715798578408155E-003 K           6           3
 -5.527572883059596E-003 K          -6           3
  -31.1589292539654      K           6           4
  4.014822396865124E-004 K          -6           4
 -2.022572332010376E-002 K           6           5
 -2.061362099541698E-002 K          -6           5
  1.407018697274396E-005 K           6           6
  -4.07276395103800      K          -6           6
 ATOMNUMBER =           5
 NUMBER OF LM          49
 Alm<r^l> (K)l   m   
  0.000000000000000E+000 K           0           0
  0.000000000000000E+000 K           1           0
  0.000000000000000E+000 K           1           1
  0.000000000000000E+000 K          -1           1
   491.395507627935      K           2           0
 -0.596864118350699      K           2           1
 -0.552495761428986      K          -2           1
 -3.423004409742782E-002 K           2           2
   316.669618750913      K          -2           2
  0.000000000000000E+000 K           3           0
  0.000000000000000E+000 K           3           1
  0.000000000000000E+000 K          -3           1
  0.000000000000000E+000 K           3           2
  0.000000000000000E+000 K          -3           2
  0.000000000000000E+000 K           3           3
  0.000000000000000E+000 K          -3           3
  -60.5285648981690      K           4           0
 -2.408559273603232E-002 K           4           1
 -2.586929630600479E-002 K          -4           1
 -5.807097905693211E-003 K           4           2
  -81.1641508429624      K          -4           2
  3.974848782596532E-003 K           4           3
 -1.025100657547571E-002 K          -4           3
   115.274129495936      K           4           4
  2.668127022069295E-003 K          -4           4
  0.000000000000000E+000 K           5           0
  0.000000000000000E+000 K           5           1
  0.000000000000000E+000 K          -5           1
  0.000000000000000E+000 K           5           2
  0.000000000000000E+000 K          -5           2
  0.000000000000000E+000 K           5           3
  0.000000000000000E+000 K          -5           3
  0.000000000000000E+000 K           5           4
  0.000000000000000E+000 K          -5           4
  0.000000000000000E+000 K           5           5
  0.000000000000000E+000 K          -5           5
  -2.07732608790028      K           6           0
  1.590544544966744E-003 K           6           1
  1.526718648823508E-003 K          -6           1
  2.445715889244726E-004 K           6           2
   2.90719791380543      K          -6           2
  5.636891982032546E-003 K           6           3
 -5.583041640286878E-003 K          -6           3
  -21.3239438508142      K           6           4
  3.475265874805890E-004 K          -6           4
 -1.484999349268317E-002 K           6           5
 -1.487041953116540E-002 K          -6           5
  9.293752897593716E-005 K           6           6
  -7.20655489559131      K          -6           6
 ATOMNUMBER =           6
 NUMBER OF LM          49
 Alm<r^l> (K)l   m   
  0.000000000000000E+000 K           0           0
  0.000000000000000E+000 K           1           0
  0.000000000000000E+000 K           1           1
  0.000000000000000E+000 K          -1           1
   491.395772412272      K           2           0
 -0.551555711574897      K           2           1
 -0.592868850635931      K          -2           1
  4.697914814406573E-003 K           2           2
   316.668890206408      K          -2           2
  0.000000000000000E+000 K           3           0
  0.000000000000000E+000 K           3           1
  0.000000000000000E+000 K          -3           1
  0.000000000000000E+000 K           3           2
  0.000000000000000E+000 K          -3           2
  0.000000000000000E+000 K           3           3
  0.000000000000000E+000 K          -3           3
  -60.5285560519401      K           4           0
 -2.432350389288781E-002 K           4           1
 -2.410918762511205E-002 K          -4           1
  1.070172164667157E-003 K           4           2
  -81.1641774015761      K          -4           2
  1.096861752158307E-002 K           4           3
 -6.526052508116806E-003 K          -4           3
   115.274142050556      K           4           4
 -2.964819228609217E-003 K          -4           4
  0.000000000000000E+000 K           5           0
  0.000000000000000E+000 K           5           1
  0.000000000000000E+000 K          -5           1
  0.000000000000000E+000 K           5           2
  0.000000000000000E+000 K          -5           2
  0.000000000000000E+000 K           5           3
  0.000000000000000E+000 K          -5           3
  0.000000000000000E+000 K           5           4
  0.000000000000000E+000 K          -5           4
  0.000000000000000E+000 K           5           5
  0.000000000000000E+000 K          -5           5
  -2.07732592010298      K           6           0
  1.506087737768305E-003 K           6           1
  1.619863007126811E-003 K          -6           1
 -2.027239420723719E-004 K           6           2
   2.90719889862836      K          -6           2
  5.605633286287255E-003 K           6           3
 -5.631747250751277E-003 K          -6           3
  -21.3239434047529      K           6           4
 -4.284418481137931E-004 K          -6           4
 -1.494586617397184E-002 K           6           5
 -1.501213379970649E-002 K          -6           5
 -1.356817533551436E-004 K           6           6
  -7.20655573782269      K          -6           6
 ATOMNUMBER =           7
 NUMBER OF LM          49
 Alm<r^l> (K)l   m   
  0.000000000000000E+000 K           0           0
  0.000000000000000E+000 K           1           0
  0.000000000000000E+000 K           1           1
  0.000000000000000E+000 K          -1           1
   493.004715503262      K           2           0
 -0.297335691322641      K           2           1
 -0.299558994587986      K          -2           1
  1.448057783481521E-002 K           2           2
  -317.360607177797      K          -2           2
  0.000000000000000E+000 K           3           0
  0.000000000000000E+000 K           3           1
  0.000000000000000E+000 K          -3           1
  0.000000000000000E+000 K           3           2
  0.000000000000000E+000 K          -3           2
  0.000000000000000E+000 K           3           3
  0.000000000000000E+000 K          -3           3
  -60.6050886134778      K           4           0
  3.045947581521788E-002 K           4           1
  3.121872545464020E-002 K          -4           1
  2.387536068565899E-003 K           4           2
   81.2219911342418      K          -4           2
  0.297466050496935      K           4           3
 -0.299199395475302      K          -4           3
   115.490868865850      K           4           4
 -1.324874386315875E-004 K          -4           4
  0.000000000000000E+000 K           5           0
  0.000000000000000E+000 K           5           1
  0.000000000000000E+000 K          -5           1
  0.000000000000000E+000 K           5           2
  0.000000000000000E+000 K          -5           2
  0.000000000000000E+000 K           5           3
  0.000000000000000E+000 K          -5           3
  0.000000000000000E+000 K           5           4
  0.000000000000000E+000 K          -5           4
  0.000000000000000E+000 K           5           5
  0.000000000000000E+000 K          -5           5
  -2.07971128369594      K           6           0
  3.661833815765859E-003 K           6           1
  3.676090323366407E-003 K          -6           1
 -2.077344526364218E-005 K           6           2
  -2.87462375712499      K          -6           2
  7.542279015925856E-004 K           6           3
 -7.529509662868754E-004 K          -6           3
  -21.3175025943249      K           6           4
 -4.205410857775983E-005 K          -6           4
 -9.233476677682205E-003 K           6           5
 -9.418318807136885E-003 K          -6           5
  2.042736179656807E-005 K           6           6
   7.20109133590224      K          -6           6
 ATOMNUMBER =           8
 NUMBER OF LM          49
 Alm<r^l> (K)l   m   
  0.000000000000000E+000 K           0           0
  0.000000000000000E+000 K           1           0
  0.000000000000000E+000 K           1           1
  0.000000000000000E+000 K          -1           1
   493.008439579367      K           2           0
 -0.249917419769561      K           2           1
 -0.257304079097351      K          -2           1
  1.476025285624234E-002 K           2           2
  -317.356712526301      K          -2           2
  0.000000000000000E+000 K           3           0
  0.000000000000000E+000 K           3           1
  0.000000000000000E+000 K          -3           1
  0.000000000000000E+000 K           3           2
  0.000000000000000E+000 K          -3           2
  0.000000000000000E+000 K           3           3
  0.000000000000000E+000 K          -3           3
  -60.6052182795331      K           4           0
  3.107930402887432E-002 K           4           1
  3.032264610954958E-002 K          -4           1
  2.366872902574865E-003 K           4           2
   81.2207501747761      K          -4           2
  0.306255252496676      K           4           3
 -0.304730412608435      K          -4           3
   115.493639400701      K           4           4
 -1.405063838181805E-004 K          -4           4
  0.000000000000000E+000 K           5           0
  0.000000000000000E+000 K           5           1
  0.000000000000000E+000 K          -5           1
  0.000000000000000E+000 K           5           2
  0.000000000000000E+000 K          -5           2
  0.000000000000000E+000 K           5           3
  0.000000000000000E+000 K          -5           3
  0.000000000000000E+000 K           5           4
  0.000000000000000E+000 K          -5           4
  0.000000000000000E+000 K           5           5
  0.000000000000000E+000 K          -5           5
  -2.07959527610537      K           6           0
  3.554087459976703E-003 K           6           1
  3.561182301536292E-003 K          -6           1
 -2.103168984278426E-005 K           6           2
  -2.87473675674543      K          -6           2
  7.485082571628169E-004 K           6           3
 -7.285314113875197E-004 K          -6           3
  -21.3178357142411      K           6           4
 -4.017585985526549E-005 K          -6           4
 -8.918667478905695E-003 K           6           5
 -8.865167378917628E-003 K          -6           5
  2.271461016917181E-005 K           6           6
   7.20147230101664      K          -6           6
