 # applied field (T), theta (degree), phi (degree), abs for RE 3-4
     0.00000   180.00000   180.00000     0.05112   180.00000   180.00000     0.05112
     0.10000   178.57028   210.25735     0.05114   178.57028   239.74265     0.05114
     0.20000   177.14207   210.25737     0.05118   177.14207   239.74263     0.05118
     0.30000   175.71687   210.25741     0.05124   175.71687   239.74259     0.05124
     0.40000   174.05822   210.34600     0.05136   174.05822   239.65400     0.05136
     0.50000   172.64456   210.32894     0.05148   172.64456   239.67106     0.05148
     0.60000   171.23847   210.31744     0.05163   171.23847   239.68256     0.05163
     0.70000   169.84130   210.30919     0.05181   169.84130   239.69081     0.05181
     0.80000   168.45436   210.30299     0.05201   168.45436   239.69701     0.05201
     0.90000   167.07888   210.29819     0.05224   167.07888   239.70181     0.05224
     1.00000   165.48853   210.32949     0.05253   165.48853   239.67051     0.05253
     1.10000   164.14179   210.32335     0.05281   164.14179   239.67665     0.05281
     1.20000   162.80996   210.31824     0.05312   162.80996   239.68176     0.05312
     1.30000   161.49396   210.31395     0.05345   161.49396   239.68605     0.05345
     1.40000   160.19463   210.31029     0.05380   160.19463   239.68971     0.05380
     1.50000   158.91274   210.30716     0.05417   158.91274   239.69284     0.05417
     1.60000   157.43851   210.32635     0.05463   157.43851   239.67365     0.05463
     1.70000   156.19661   210.32278     0.05505   156.19661   239.67722     0.05505
     1.80000   154.97402   210.31963     0.05549   154.97402   239.68037     0.05549
     1.90000   153.77115   210.31686     0.05595   153.77115   239.68314     0.05595
     2.00000   152.58836   210.31441     0.05642   152.58836   239.68559     0.05642
     2.10000   151.23261   210.32885     0.05700   151.23261   239.67115     0.05700
     2.20000   150.09420   210.32620     0.05752   150.09420   239.67380     0.05752
     2.30000   148.97652   210.32383     0.05805   148.97652   239.67617     0.05805
     2.40000   147.87965   210.32169     0.05860   147.87965   239.67831     0.05860
     2.50000   146.80361   210.31978     0.05916   146.80361   239.68022     0.05916
     2.60000   145.57298   210.33146     0.05984   145.57298   239.66854     0.05984
     2.70000   144.54192   210.32945     0.06044   144.54192   239.67055     0.06044
     2.80000   143.53144   210.32764     0.06105   143.53144   239.67236     0.06105
     2.90000   142.54139   210.32600     0.06167   142.54139   239.67400     0.06167
     3.00000   141.41035   210.33610     0.06241   141.41035   239.66390     0.06241
     3.10000   140.46382   210.33443     0.06306   140.46382   239.66557     0.06306
     3.20000   139.53699   210.33292     0.06372   139.53699   239.66708     0.06372
     3.30000   138.62957   210.33156     0.06439   138.62957   239.66844     0.06439
     3.40000   137.59355   210.34053     0.06518   137.59355   239.65947     0.06518
     3.50000   136.72714   210.33916     0.06587   136.72714   239.66084     0.06587
     3.60000   135.87914   210.33793     0.06657   135.87914   239.66207     0.06657
     3.70000   134.91113   210.34617     0.06740   134.91113   239.65383     0.06740
     3.80000   134.10181   210.34497     0.06811   134.10181   239.65503     0.06811
     3.90000   133.30977   210.34389     0.06884   133.30977   239.65611     0.06884
     4.00000   132.40563   210.35155     0.06969   132.40563   239.64845     0.06969
     4.10000   131.64979   210.35052     0.07043   131.64979   239.64948     0.07043
     4.20000   130.91007   210.34961     0.07117   130.91007   239.65039     0.07117
     4.30000   130.06549   210.35681     0.07205   130.06549   239.64319     0.07205
     4.40000   129.35942   210.35596     0.07280   129.35942   239.64404     0.07280
     4.50000   128.55311   210.36284     0.07368   128.55311   239.63716     0.07368
     4.60000   127.87897   210.36206     0.07445   127.87897   239.63794     0.07445
     4.70000   127.21900   210.36139     0.07521   127.21900   239.63861     0.07521
     4.80000   126.46505   210.36796     0.07611   126.46505   239.63204     0.07611
     4.90000   125.83457   210.36737     0.07688   125.83457   239.63263     0.07688
     5.00000   125.11410   210.37372     0.07779   125.11410   239.62628     0.07779
     5.10000   124.51152   210.37323     0.07856   124.51152   239.62677     0.07856
     5.20000   123.82270   210.37939     0.07947   123.82270   239.62061     0.07947
     5.30000   123.24648   210.37900     0.08025   123.24648   239.62100     0.08025
     5.40000   122.58755   210.38501     0.08117   122.58755   239.61499     0.08117
     5.50000   122.03623   210.38472     0.08195   122.03623   239.61528     0.08195
     5.60000   121.40555   210.39060     0.08286   121.40555   239.60940     0.08286
     5.70000   120.78941   210.39637     0.08378   120.78941   239.60363     0.08378
     5.80000   120.27372   210.39621     0.08456   120.27372   239.60379     0.08456
     5.90000   119.68344   210.40189     0.08547   119.68344   239.59811     0.08547
     6.00000   119.18928   210.40185     0.08625   119.18928   239.59815     0.08625
     6.10000   118.62341   210.40747     0.08717   118.62341   239.59253     0.08717
     6.20000   118.07013   210.41301     0.08808   118.07013   239.58699     0.08808
     6.30000   117.52905   210.41849     0.08899   117.52905   239.58151     0.08899
     6.40000   117.07588   210.41864     0.08976   117.07588   239.58136     0.08976
     6.50000   116.55650   210.42409     0.09066   116.55650   239.57591     0.09066
     6.60000   116.04832   210.42950     0.09157   116.04832   239.57050     0.09157
     6.70000   115.55099   210.43485     0.09246   115.55099   239.56515     0.09246
     6.80000   115.13429   210.43524     0.09323   115.13429   239.56476     0.09323
     6.90000   114.65630   210.44061     0.09412   114.65630   239.55939     0.09412
     7.00000   114.18829   210.44595     0.09501   114.18829   239.55405     0.09501
     7.10000   113.72998   210.45127     0.09589   113.72998   239.54873     0.09589
     7.20000   113.28108   210.45657     0.09677   113.28108   239.54343     0.09677
     7.30000   112.84133   210.46186     0.09764   112.84133   239.53814     0.09764
     7.40000   112.41048   210.46715     0.09851   112.41048   239.53285     0.09851
     7.50000   111.98827   210.47243     0.09938   111.98827   239.52757     0.09938
     7.60000   111.57447   210.47771     0.10024   111.57447   239.52229     0.10024
     7.70000   111.16884   210.48300     0.10109   111.16884   239.51700     0.10109
     7.80000   110.77117   210.48830     0.10194   110.77117   239.51170     0.10194
     7.90000   110.38123   210.49361     0.10278   110.38123   239.50639     0.10278
     8.00000   109.99884   210.49894     0.10362   109.99884   239.50106     0.10362
     8.10000   109.62378   210.50428     0.10445   109.62378   239.49572     0.10445
     8.20000   109.20272   210.51372     0.10540   109.20272   239.48628     0.10540
     8.30000   108.84275   210.51906     0.10621   108.84275   239.48094     0.10621
     8.40000   108.48955   210.52444     0.10702   108.48955   239.47556     0.10702
     8.50000   108.14293   210.52985     0.10782   108.14293   239.47015     0.10782
     8.60000   107.75350   210.53917     0.10874   107.75350   239.46083     0.10874
     8.70000   107.42046   210.54460     0.10953   107.42046   239.45540     0.10953
     8.80000   107.04615   210.55386     0.11042   107.04615   239.44614     0.11042
     8.90000   106.72599   210.55935     0.11119   106.72599   239.44065     0.11119
     9.00000   106.36602   210.56857     0.11207   106.36602   239.43143     0.11207
     9.10000   106.05811   210.57410     0.11283   106.05811   239.42590     0.11283
     9.20000   105.71178   210.58330     0.11369   105.71178   239.41670     0.11369
     9.30000   105.37246   210.59247     0.11454   105.37246   239.40753     0.11454
     9.40000   105.08217   210.59809     0.11527   105.08217   239.40191     0.11527
     9.50000   104.75550   210.60726     0.11610   104.75550   239.39274     0.11610
     9.60000   104.43534   210.61642     0.11692   104.43534   239.38358     0.11692
     9.70000   104.12152   210.62556     0.11774   104.12152   239.37444     0.11774
     9.80000   103.81390   210.63470     0.11854   103.81390   239.36530     0.11854
     9.90000   103.51233   210.64382     0.11933   103.51233   239.35618     0.11933
    10.00000   103.21666   210.65295     0.12010   103.21666   239.34705     0.12010
    10.10000   102.92675   210.66207     0.12087   102.92675   239.33793     0.12087
    10.20000   102.64247   210.67120     0.12163   102.64247   239.32880     0.12163
    10.30000   102.36370   210.68032     0.12237   102.36370   239.31968     0.12237
    10.40000   102.05552   210.69264     0.12321   102.05552   239.30736     0.12321
    10.50000   101.78805   210.70174     0.12393   101.78805   239.29826     0.12393
    10.60000   101.52571   210.71086     0.12464   101.52571   239.28914     0.12464
    10.70000   101.23559   210.72306     0.12544   101.23559   239.27694     0.12544
    10.80000   100.95169   210.73522     0.12622   100.95169   239.26478     0.12622
    10.90000   100.70530   210.74430     0.12689   100.70530   239.25570     0.12689
    11.00000   100.43273   210.75638     0.12765   100.43273   239.24362     0.12765
    11.10000   100.16597   210.76841     0.12838   100.16597   239.23159     0.12838
    11.20000    99.90489   210.78040     0.12911    99.90489   239.21960     0.12911
    11.30000    99.64935   210.79233     0.12982    99.64935   239.20767     0.12982
    11.40000    99.39924   210.80421     0.13052    99.39924   239.19579     0.13052
    11.50000    99.15443   210.81605     0.13120    99.15443   239.18395     0.13120
    11.60000    98.88766   210.83063     0.13195    98.88766   239.16937     0.13195
    11.70000    98.65368   210.84233     0.13260    98.65368   239.15767     0.13260
    11.80000    98.39868   210.85671     0.13332    98.39868   239.14329     0.13332
    11.90000    98.14966   210.87098     0.13402    98.14966   239.12902     0.13402
    12.00000    97.90649   210.88512     0.13470    97.90649   239.11488     0.13470
    12.10000    97.66903   210.89914     0.13537    97.66903   239.10086     0.13537
    12.20000    97.43715   210.91303     0.13601    97.43715   239.08697     0.13601
    12.30000    97.18765   210.92935     0.13671    97.18765   239.07065     0.13671
    12.40000    96.96707   210.94294     0.13733    96.96707   239.05706     0.13733
    12.50000    96.72971   210.95889     0.13799    96.72971   239.04111     0.13799
    12.60000    96.49849   210.97461     0.13863    96.49849   239.02539     0.13863
    12.70000    96.27323   210.99012     0.13925    96.27323   239.00988     0.13925
    12.80000    96.03353   211.00776     0.13991    96.03353   238.99224     0.13991
    12.90000    95.82026   211.02275     0.14049    95.82026   238.97725     0.14049
    13.00000    95.59331   211.03979     0.14111    95.59331   238.96021     0.14111
    13.10000    95.35413   211.05873     0.14176    95.35413   238.94127     0.14176
    13.20000    95.14026   211.07503     0.14233    95.14026   238.92497     0.14233
    13.30000    94.91483   211.09311     0.14293    94.91483   238.90689     0.14293
    13.40000    94.69622   211.11071     0.14351    94.69622   238.88929     0.14351
    13.50000    94.46775   211.12987     0.14410    94.46775   238.87013     0.14410
    13.60000    94.24666   211.14841     0.14467    94.24666   238.85159     0.14467
    13.70000    94.01730   211.16824     0.14525    94.01730   238.83176     0.14525
    13.80000    93.79576   211.18729     0.14580    93.79576   238.81271     0.14580
    13.90000    93.56741   211.20731     0.14636    93.56741   238.79269     0.14636
    14.00000    93.33345   211.22809     0.14692    93.33345   238.77191     0.14692
    14.10000    93.09500   211.24934     0.14747    93.09500   238.75066     0.14747
    14.20000    92.86575   211.26922     0.14798    92.86575   238.73078     0.14798
    14.30000    92.62080   211.29061     0.14850    92.62080   238.70939     0.14850
    14.40000    92.36256   211.31289     0.14903    92.36256   238.68711     0.14903
    14.50000    92.09319   211.33531     0.14955    92.09319   238.66469     0.14955
    14.60000    91.80403   211.35814     0.15006    91.80403   238.64186     0.15006
    14.70000    91.48795   211.38090     0.15056    91.48795   238.61910     0.15056
    14.80000    91.11062   211.40432     0.15105    91.11062   238.59568     0.15105
    14.90000    90.56322   211.42822     0.15153    90.56322   238.57178     0.15153
    15.00000    90.00000   211.43128     0.15163    90.00000   238.56872     0.15163
    15.10000    90.00000   211.42225     0.15150    90.00000   238.57775     0.15150
    15.20000    90.00000   211.41320     0.15138    90.00000   238.58680     0.15138
    15.30000    90.00000   211.40414     0.15125    90.00000   238.59586     0.15125
    15.40000    90.00000   211.39506     0.15113    90.00000   238.60494     0.15113
    15.50000    90.00000   211.38597     0.15100    90.00000   238.61403     0.15100
    15.60000    90.00000   211.37687     0.15088    90.00000   238.62313     0.15088
    15.70000    90.00000   211.36775     0.15075    90.00000   238.63225     0.15075
    15.80000    90.00000   211.35862     0.15063    90.00000   238.64138     0.15063
    15.90000    90.00000   211.34948     0.15050    90.00000   238.65052     0.15050
    16.00000    90.00000   211.34032     0.15038    90.00000   238.65968     0.15038
    16.10000    90.00000   211.33114     0.15025    90.00000   238.66886     0.15025
    16.20000    90.00000   211.32195     0.15012    90.00000   238.67805     0.15012
    16.30000    90.00000   211.31275     0.15000    90.00000   238.68725     0.15000
    16.40000    90.00000   211.30353     0.14987    90.00000   238.69647     0.14987
    16.50000    90.00000   211.29430     0.14975    90.00000   238.70570     0.14975
    16.60000    90.00000   211.28506     0.14962    90.00000   238.71494     0.14962
    16.70000    90.00000   211.27580     0.14950    90.00000   238.72420     0.14950
    16.80000    90.00000   211.26652     0.14937    90.00000   238.73348     0.14937
    16.90000    90.00000   211.25723     0.14925    90.00000   238.74277     0.14925
    17.00000    90.00000   211.24793     0.14912    90.00000   238.75207     0.14912
    17.10000    90.00000   211.23861     0.14900    90.00000   238.76139     0.14900
    17.20000    90.00000   211.22928     0.14887    90.00000   238.77072     0.14887
    17.30000    90.00000   211.21993     0.14875    90.00000   238.78007     0.14875
    17.40000    90.00000   211.21057     0.14862    90.00000   238.78943     0.14862
    17.50000    90.00000   211.20119     0.14850    90.00000   238.79881     0.14850
    17.60000    90.00000   211.19180     0.14837    90.00000   238.80820     0.14837
    17.70000    90.00000   211.18239     0.14825    90.00000   238.81761     0.14825
    17.80000    90.00000   211.17297     0.14812    90.00000   238.82703     0.14812
    17.90000    90.00000   211.16353     0.14800    90.00000   238.83647     0.14800
    18.00000    90.00000   211.15408     0.14787    90.00000   238.84592     0.14787
    18.10000    90.00000   211.14462     0.14775    90.00000   238.85538     0.14775
    18.20000    90.00000   211.13513     0.14762    90.00000   238.86487     0.14762
    18.30000    90.00000   211.12564     0.14750    90.00000   238.87436     0.14750
    18.40000    90.00000   211.11613     0.14737    90.00000   238.88387     0.14737
    18.50000    90.00000   211.10660     0.14725    90.00000   238.89340     0.14725
    18.60000    90.00000   211.09706     0.14712    90.00000   238.90294     0.14712
    18.70000    90.00000   211.08750     0.14700    90.00000   238.91250     0.14700
    18.80000    90.00000   211.07793     0.14687    90.00000   238.92207     0.14687
    18.90000    90.00000   211.06834     0.14675    90.00000   238.93166     0.14675
    19.00000    90.00000   211.05874     0.14662    90.00000   238.94126     0.14662
    19.10000    90.00000   211.04912     0.14650    90.00000   238.95088     0.14650
    19.20000    90.00000   211.03949     0.14637    90.00000   238.96051     0.14637
    19.30000    90.00000   211.02984     0.14625    90.00000   238.97016     0.14625
    19.40000    90.00000   211.02018     0.14612    90.00000   238.97982     0.14612
    19.50000    90.00000   211.01050     0.14600    90.00000   238.98950     0.14600
    19.60000    90.00000   211.00080     0.14587    90.00000   238.99920     0.14587
    19.70000    90.00000   210.99109     0.14575    90.00000   239.00891     0.14575
    19.80000    90.00000   210.98137     0.14562    90.00000   239.01863     0.14562
    19.90000    90.00000   210.97163     0.14550    90.00000   239.02837     0.14550
    20.00000    90.00000   210.96187     0.14537    90.00000   239.03813     0.14537
    20.10000    90.00000   210.95210     0.14525    90.00000   239.04790     0.14525
    20.20000    90.00000   210.94231     0.14512    90.00000   239.05769     0.14512
    20.30000    90.00000   210.93251     0.14500    90.00000   239.06749     0.14500
    20.40000    90.00000   210.92269     0.14487    90.00000   239.07731     0.14487
    20.50000    90.00000   210.91285     0.14475    90.00000   239.08715     0.14475
    20.60000    90.00000   210.90300     0.14462    90.00000   239.09700     0.14462
    20.70000    90.00000   210.89313     0.14450    90.00000   239.10687     0.14450
    20.80000    90.00000   210.88325     0.14437    90.00000   239.11675     0.14437
    20.90000    90.00000   210.87335     0.14425    90.00000   239.12665     0.14425
    21.00000    90.00000   210.86343     0.14412    90.00000   239.13657     0.14412
    21.10000    90.00000   210.85350     0.14400    90.00000   239.14650     0.14400
    21.20000    90.00000   210.84355     0.14387    90.00000   239.15645     0.14387
    21.30000    90.00000   210.83359     0.14375    90.00000   239.16641     0.14375
    21.40000    90.00000   210.82361     0.14363    90.00000   239.17639     0.14363
    21.50000    90.00000   210.81361     0.14350    90.00000   239.18639     0.14350
    21.60000    90.00000   210.80360     0.14338    90.00000   239.19640     0.14338
    21.70000    90.00000   210.79357     0.14325    90.00000   239.20643     0.14325
    21.80000    90.00000   210.78353     0.14313    90.00000   239.21647     0.14313
    21.90000    90.00000   210.77346     0.14300    90.00000   239.22654     0.14300
    22.00000    90.00000   210.76339     0.14288    90.00000   239.23661     0.14288
    22.10000    90.00000   210.75329     0.14275    90.00000   239.24671     0.14275
    22.20000    90.00000   210.74318     0.14263    90.00000   239.25682     0.14263
    22.30000    90.00000   210.73305     0.14250    90.00000   239.26695     0.14250
    22.40000    90.00000   210.72291     0.14238    90.00000   239.27709     0.14238
    22.50000    90.00000   210.71275     0.14226    90.00000   239.28725     0.14226
    22.60000    90.00000   210.70257     0.14213    90.00000   239.29743     0.14213
    22.70000    90.00000   210.69238     0.14201    90.00000   239.30762     0.14201
    22.80000    90.00000   210.68217     0.14188    90.00000   239.31783     0.14188
    22.90000    90.00000   210.67194     0.14176    90.00000   239.32806     0.14176
    23.00000    90.00000   210.66169     0.14163    90.00000   239.33831     0.14163
    23.10000    90.00000   210.65143     0.14151    90.00000   239.34857     0.14151
    23.20000    90.00000   210.64115     0.14138    90.00000   239.35885     0.14138
    23.30000    90.00000   210.63086     0.14126    90.00000   239.36914     0.14126
    23.40000    90.00000   210.62055     0.14114    90.00000   239.37945     0.14114
    23.50000    90.00000   210.61022     0.14101    90.00000   239.38978     0.14101
    23.60000    90.00000   210.59987     0.14089    90.00000   239.40013     0.14089
    23.70000    90.00000   210.58951     0.14076    90.00000   239.41049     0.14076
    23.80000    90.00000   210.57913     0.14064    90.00000   239.42087     0.14064
    23.90000    90.00000   210.56873     0.14051    90.00000   239.43127     0.14051
    24.00000    90.00000   210.55831     0.14039    90.00000   239.44169     0.14039
    24.10000    90.00000   210.54788     0.14027    90.00000   239.45212     0.14027
    24.20000    90.00000   210.53743     0.14014    90.00000   239.46257     0.14014
    24.30000    90.00000   210.52696     0.14002    90.00000   239.47304     0.14002
    24.40000    90.00000   210.51648     0.13989    90.00000   239.48352     0.13989
    24.50000    90.00000   210.50598     0.13977    90.00000   239.49402     0.13977
    24.60000    90.00000   210.49546     0.13964    90.00000   239.50454     0.13964
    24.70000    90.00000   210.48492     0.13952    90.00000   239.51508     0.13952
    24.80000    90.00000   210.47436     0.13940    90.00000   239.52564     0.13940
    24.90000    90.00000   210.46379     0.13927    90.00000   239.53621     0.13927
    25.00000    90.00000   210.45320     0.13915    90.00000   239.54680     0.13915
    25.10000    90.00000   210.44259     0.13902    90.00000   239.55741     0.13902
    25.20000    90.00000   210.43197     0.13890    90.00000   239.56803     0.13890
    25.30000    90.00000   210.42132     0.13878    90.00000   239.57868     0.13878
    25.40000    90.00000   210.41066     0.13865    90.00000   239.58934     0.13865
    25.50000    90.00000   210.39998     0.13853    90.00000   239.60002     0.13853
    25.60000    90.00000   210.38928     0.13840    90.00000   239.61072     0.13840
    25.70000    90.00000   210.37857     0.13828    90.00000   239.62143     0.13828
    25.80000    90.00000   210.36784     0.13816    90.00000   239.63216     0.13816
    25.90000    90.00000   210.35708     0.13803    90.00000   239.64292     0.13803
    26.00000    90.00000   210.34631     0.13791    90.00000   239.65369     0.13791
    26.10000    90.00000   210.33553     0.13778    90.00000   239.66447     0.13778
    26.20000    90.00000   210.32472     0.13766    90.00000   239.67528     0.13766
    26.30000    90.00000   210.31390     0.13754    90.00000   239.68610     0.13754
    26.40000    90.00000   210.30305     0.13741    90.00000   239.69695     0.13741
    26.50000    90.00000   210.29219     0.13729    90.00000   239.70781     0.13729
    26.60000    90.00000   210.28131     0.13716    90.00000   239.71869     0.13716
    26.70000    90.00000   210.27041     0.13704    90.00000   239.72959     0.13704
    26.80000    90.00000   210.25950     0.13692    90.00000   239.74050     0.13692
    26.90000    90.00000   210.24856     0.13679    90.00000   239.75144     0.13679
    27.00000    90.00000   210.23761     0.13667    90.00000   239.76239     0.13667
    27.10000    90.00000   210.22663     0.13655    90.00000   239.77337     0.13655
    27.20000    90.00000   210.21564     0.13642    90.00000   239.78436     0.13642
    27.30000    90.00000   210.20463     0.13630    90.00000   239.79537     0.13630
    27.40000    90.00000   210.19360     0.13617    90.00000   239.80640     0.13617
    27.50000    90.00000   210.18256     0.13605    90.00000   239.81744     0.13605
    27.60000    90.00000   210.17149     0.13593    90.00000   239.82851     0.13593
    27.70000    90.00000   210.16040     0.13580    90.00000   239.83960     0.13580
    27.80000    90.00000   210.14930     0.13568    90.00000   239.85070     0.13568
    27.90000    90.00000   210.13817     0.13556    90.00000   239.86183     0.13556
    28.00000    90.00000   210.12703     0.13543    90.00000   239.87297     0.13543
    28.10000    90.00000   210.11587     0.13531    90.00000   239.88413     0.13531
    28.20000    90.00000   210.10469     0.13518    90.00000   239.89531     0.13518
    28.30000    90.00000   210.09349     0.13506    90.00000   239.90651     0.13506
    28.40000    90.00000   210.08227     0.13494    90.00000   239.91773     0.13494
    28.50000    90.00000   210.07103     0.13481    90.00000   239.92897     0.13481
    28.60000    90.00000   210.05977     0.13469    90.00000   239.94023     0.13469
    28.70000    90.00000   210.04849     0.13457    90.00000   239.95151     0.13457
    28.80000    90.00000   210.03719     0.13444    90.00000   239.96281     0.13444
    28.90000    90.00000   210.02587     0.13432    90.00000   239.97413     0.13432
    29.00000    90.00000   210.01454     0.13420    90.00000   239.98546     0.13420
    29.10000    90.00000   210.00318     0.13407    90.00000   239.99682     0.13407
    29.20000    90.00000   209.99180     0.13395    90.00000   240.00820     0.13395
    29.30000    90.00000   209.98041     0.13383    90.00000   240.01959     0.13383
    29.40000    90.00000   209.96899     0.13370    90.00000   240.03101     0.13370
    29.50000    90.00000   209.95756     0.13358    90.00000   240.04244     0.13358
    29.60000    90.00000   209.94610     0.13346    90.00000   240.05390     0.13346
    29.70000    90.00000   209.93463     0.13333    90.00000   240.06537     0.13333
    29.80000    90.00000   209.92313     0.13321    90.00000   240.07687     0.13321
    29.90000    90.00000   209.91161     0.13309    90.00000   240.08839     0.13309
    30.00000    90.00000   209.90008     0.13296    90.00000   240.09992     0.13296
    30.10000    90.00000   209.88852     0.13284    90.00000   240.11148     0.13284
    30.20000    90.00000   209.87694     0.13272    90.00000   240.12306     0.13272
    30.30000    90.00000   209.86535     0.13259    90.00000   240.13465     0.13259
    30.40000    90.00000   209.85373     0.13247    90.00000   240.14627     0.13247
    30.50000    90.00000   209.84209     0.13235    90.00000   240.15791     0.13235
    30.60000    90.00000   209.83044     0.13222    90.00000   240.16956     0.13222
    30.70000    90.00000   209.81876     0.13210    90.00000   240.18124     0.13210
    30.80000    90.00000   209.80706     0.13198    90.00000   240.19294     0.13198
    30.90000    90.00000   209.79534     0.13185    90.00000   240.20466     0.13185
    31.00000    90.00000   209.78360     0.13173    90.00000   240.21640     0.13173
    31.10000    90.00000   209.77184     0.13161    90.00000   240.22816     0.13161
    31.20000    90.00000   209.76005     0.13148    90.00000   240.23995     0.13148
    31.30000    90.00000   209.74825     0.13136    90.00000   240.25175     0.13136
    31.40000    90.00000   209.73643     0.13124    90.00000   240.26357     0.13124
    31.50000    90.00000   209.72458     0.13111    90.00000   240.27542     0.13111
    31.60000    90.00000   209.71272     0.13099    90.00000   240.28728     0.13099
    31.70000    90.00000   209.70083     0.13087    90.00000   240.29917     0.13087
    31.80000    90.00000   209.68892     0.13074    90.00000   240.31108     0.13074
    31.90000    90.00000   209.67699     0.13062    90.00000   240.32301     0.13062
    32.00000    90.00000   209.66504     0.13050    90.00000   240.33496     0.13050
    32.10000    90.00000   209.65307     0.13038    90.00000   240.34693     0.13038
    32.20000    90.00000   209.64108     0.13025    90.00000   240.35892     0.13025
    32.30000    90.00000   209.62906     0.13013    90.00000   240.37094     0.13013
    32.40000    90.00000   209.61703     0.13001    90.00000   240.38297     0.13001
    32.50000    90.00000   209.60497     0.12988    90.00000   240.39503     0.12988
    32.60000    90.00000   209.59289     0.12976    90.00000   240.40711     0.12976
    32.70000    90.00000   209.58079     0.12964    90.00000   240.41921     0.12964
    32.80000    90.00000   209.56867     0.12951    90.00000   240.43133     0.12951
    32.90000    90.00000   209.55652     0.12939    90.00000   240.44348     0.12939
    33.00000    90.00000   209.54436     0.12927    90.00000   240.45564     0.12927
    33.10000    90.00000   209.53217     0.12915    90.00000   240.46783     0.12915
    33.20000    90.00000   209.51996     0.12902    90.00000   240.48004     0.12902
    33.30000    90.00000   209.50773     0.12890    90.00000   240.49227     0.12890
    33.40000    90.00000   209.49548     0.12878    90.00000   240.50452     0.12878
    33.50000    90.00000   209.48320     0.12865    90.00000   240.51680     0.12865
    33.60000    90.00000   209.47090     0.12853    90.00000   240.52910     0.12853
    33.70000    90.00000   209.45858     0.12841    90.00000   240.54142     0.12841
    33.80000    90.00000   209.44624     0.12829    90.00000   240.55376     0.12829
    33.90000    90.00000   209.43387     0.12816    90.00000   240.56613     0.12816
    34.00000    90.00000   209.42149     0.12804    90.00000   240.57851     0.12804
    34.10000    90.00000   209.40908     0.12792    90.00000   240.59092     0.12792
    34.20000    90.00000   209.39664     0.12780    90.00000   240.60336     0.12780
    34.30000    90.00000   209.38419     0.12767    90.00000   240.61581     0.12767
    34.40000    90.00000   209.37171     0.12755    90.00000   240.62829     0.12755
    34.50000    90.00000   209.35921     0.12743    90.00000   240.64079     0.12743
    34.60000    90.00000   209.34669     0.12730    90.00000   240.65331     0.12730
    34.70000    90.00000   209.33414     0.12718    90.00000   240.66586     0.12718
    34.80000    90.00000   209.32157     0.12706    90.00000   240.67843     0.12706
    34.90000    90.00000   209.30898     0.12694    90.00000   240.69102     0.12694
    35.00000    90.00000   209.29637     0.12681    90.00000   240.70363     0.12681
    35.10000    90.00000   209.28373     0.12669    90.00000   240.71627     0.12669
    35.20000    90.00000   209.27107     0.12657    90.00000   240.72893     0.12657
    35.30000    90.00000   209.25838     0.12645    90.00000   240.74162     0.12645
    35.40000    90.00000   209.24567     0.12632    90.00000   240.75433     0.12632
    35.50000    90.00000   209.23294     0.12620    90.00000   240.76706     0.12620
    35.60000    90.00000   209.22019     0.12608    90.00000   240.77981     0.12608
    35.70000    90.00000   209.20741     0.12596    90.00000   240.79259     0.12596
    35.80000    90.00000   209.19461     0.12583    90.00000   240.80539     0.12583
    35.90000    90.00000   209.18178     0.12571    90.00000   240.81822     0.12571
    36.00000    90.00000   209.16893     0.12559    90.00000   240.83107     0.12559
    36.10000    90.00000   209.15606     0.12547    90.00000   240.84394     0.12547
    36.20000    90.00000   209.14316     0.12534    90.00000   240.85684     0.12534
    36.30000    90.00000   209.13024     0.12522    90.00000   240.86976     0.12522
    36.40000    90.00000   209.11730     0.12510    90.00000   240.88270     0.12510
    36.50000    90.00000   209.10433     0.12498    90.00000   240.89567     0.12498
    36.60000    90.00000   209.09134     0.12486    90.00000   240.90866     0.12486
    36.70000    90.00000   209.07832     0.12473    90.00000   240.92168     0.12473
    36.80000    90.00000   209.06528     0.12461    90.00000   240.93472     0.12461
    36.90000    90.00000   209.05222     0.12449    90.00000   240.94778     0.12449
    37.00000    90.00000   209.03913     0.12437    90.00000   240.96087     0.12437
    37.10000    90.00000   209.02601     0.12424    90.00000   240.97399     0.12424
    37.20000    90.00000   209.01288     0.12412    90.00000   240.98712     0.12412
    37.30000    90.00000   208.99971     0.12400    90.00000   241.00029     0.12400
    37.40000    90.00000   208.98652     0.12388    90.00000   241.01348     0.12388
    37.50000    90.00000   208.97331     0.12375    90.00000   241.02669     0.12375
    37.60000    90.00000   208.96008     0.12363    90.00000   241.03992     0.12363
    37.70000    90.00000   208.94681     0.12351    90.00000   241.05319     0.12351
    37.80000    90.00000   208.93353     0.12339    90.00000   241.06647     0.12339
    37.90000    90.00000   208.92022     0.12327    90.00000   241.07978     0.12327
    38.00000    90.00000   208.90688     0.12314    90.00000   241.09312     0.12314
    38.10000    90.00000   208.89352     0.12302    90.00000   241.10648     0.12302
    38.20000    90.00000   208.88013     0.12290    90.00000   241.11987     0.12290
    38.30000    90.00000   208.86672     0.12278    90.00000   241.13328     0.12278
    38.40000    90.00000   208.85328     0.12266    90.00000   241.14672     0.12266
    38.50000    90.00000   208.83982     0.12253    90.00000   241.16018     0.12253
    38.60000    90.00000   208.82633     0.12241    90.00000   241.17367     0.12241
    38.70000    90.00000   208.81281     0.12229    90.00000   241.18719     0.12229
    38.80000    90.00000   208.79927     0.12217    90.00000   241.20073     0.12217
    38.90000    90.00000   208.78571     0.12205    90.00000   241.21429     0.12205
    39.00000    90.00000   208.77212     0.12192    90.00000   241.22788     0.12192
    39.10000    90.00000   208.75850     0.12180    90.00000   241.24150     0.12180
    39.20000    90.00000   208.74486     0.12168    90.00000   241.25514     0.12168
    39.30000    90.00000   208.73119     0.12156    90.00000   241.26881     0.12156
    39.40000    90.00000   208.71749     0.12144    90.00000   241.28251     0.12144
    39.50000    90.00000   208.70377     0.12131    90.00000   241.29623     0.12131
    39.60000    90.00000   208.69003     0.12119    90.00000   241.30997     0.12119
    39.70000    90.00000   208.67625     0.12107    90.00000   241.32375     0.12107
    39.80000    90.00000   208.66245     0.12095    90.00000   241.33755     0.12095
    39.90000    90.00000   208.64863     0.12083    90.00000   241.35137     0.12083
    40.00000    90.00000   208.63477     0.12071    90.00000   241.36523     0.12071
