 # applied field (T), magnetization (2 f.u.), magnetization (T)
 # T=0 1st order approx.
 # K1(0) (K, MJ/m^3)   54.5497251852608        4.35031775189416     
 # K2(0) (K, MJ/m^3)  -16.8258583773546       -1.34185516317946     
 # from A20
 # K1(0) from A20 (K, MJ/m^3)   35.3201727539984        1.40838449698739     
  0.000000000000000E+000  2.624710875003211E-015  8.834339707998410E-017
  0.100000000000000       0.706957233505814       2.379500317271888E-002
  0.200000000000000        1.41366068187469       4.758146436036072E-002
  0.300000000000000        2.11985664486235       7.135084443519464E-002
  0.400000000000000        2.82529159201238       9.509460998426517E-002
  0.500000000000000        3.52971224755612       0.118804236166984     
  0.600000000000000        4.23286567531963       0.142471209572955     
  0.700000000000000        4.93449936363889       0.166087031080079     
  0.800000000000000        5.67111873077286       0.190880412273900     
  0.900000000000000        6.36884415516028       0.214364688125572     
   1.00000000000000        7.10079301818895       0.239000867929073     
   1.10000000000000        7.82991645172036       0.263541948480930     
   1.20000000000000        8.55592406128800       0.287978155586996     
   1.30000000000000        9.27852661534785       0.312299754195164     
   1.40000000000000        10.0332576203949       0.337702742959543     
   1.50000000000000        10.7835856004603       0.362957533235463     
   1.60000000000000        11.5291806924120       0.388053022379233     
   1.70000000000000        12.2697149925716       0.412978173699098     
   1.80000000000000        13.0397094293461       0.438894904156987     
   1.90000000000000        13.8034203767396       0.464600142826307     
   2.00000000000000        14.5947072799683       0.491233542246363     
   2.10000000000000        15.4121756805183       0.518748167265789     
   2.20000000000000        16.1873089960112       0.544837863823484     
   2.30000000000000        17.0201198744808       0.572868891099613     
   2.40000000000000        17.8423314730311       0.600543164264808     
   2.50000000000000        18.6856187905729       0.628926811033528     
   2.60000000000000        19.5479903743873       0.657952802423654     
   2.70000000000000        20.4272719320942       0.687547955374555     
   2.80000000000000        21.3210974769863       0.717632634713774     
   2.90000000000000        22.2567423533712       0.749124883108646     
   3.00000000000000        23.2001638126216       0.780878878332304     
   3.10000000000000        24.1765263317639       0.813741614774654     
   3.20000000000000        25.1798679403910       0.847512422440359     
   3.30000000000000        26.2299803701623       0.882857458057584     
   3.40000000000000        27.3415102981639       0.920269704385713     
   3.50000000000000        28.4985593376769       0.959214048203612     
   3.60000000000000        29.7052465774665       0.999829131179545     
   3.70000000000000        31.0181417562053        1.04401899651074     
   3.80000000000000        32.4371299409519        1.09177977574580     
   3.90000000000000        34.0236815480645        1.14518046073167     
   4.00000000000000        35.8285818691632        1.20593039981073     
   4.10000000000000        37.2203388276477        1.25277462131840     
   4.20000000000000        37.2205913847396        1.25278312196952     
   4.30000000000000        37.2208439195488        1.25279162187065     
   4.40000000000000        37.2210964320837        1.25280012102206     
   4.50000000000000        37.2213489223532        1.25280861942406     
   4.60000000000000        37.2216013903658        1.25281711707693     
   4.70000000000000        37.2218538361302        1.25282561398095     
   4.80000000000000        37.2221062596550        1.25283411013643     
   4.90000000000000        37.2223586609489        1.25284260554366     
   5.00000000000000        37.2226110400204        1.25285110020291     
   5.10000000000000        37.2228633968783        1.25285959411450     
   5.20000000000000        37.2231157315312        1.25286808727869     
   5.30000000000000        37.2233680439877        1.25287657969580     
   5.40000000000000        37.2236203342565        1.25288507136611     
   5.50000000000000        37.2238726023462        1.25289356228990     
   5.60000000000000        37.2241248482655        1.25290205246747     
   5.70000000000000        37.2243770720229        1.25291054189912     
   5.80000000000000        37.2246292736273        1.25291903058512     
   5.90000000000000        37.2248814530871        1.25292751852578     
   6.00000000000000        37.2251336104111        1.25293600572139     
   6.10000000000000        37.2253857456079        1.25294449217223     
   6.20000000000000        37.2256378586862        1.25295297787859     
   6.30000000000000        37.2258899496545        1.25296146284078     
   6.40000000000000        37.2261420185216        1.25296994705907     
   6.50000000000000        37.2263940652960        1.25297843053376     
   6.60000000000000        37.2266460899865        1.25298691326514     
   6.70000000000000        37.2268980926017        1.25299539525350     
   6.80000000000000        37.2271500731502        1.25300387649914     
   6.90000000000000        37.2274020316407        1.25301235700234     
   7.00000000000000        37.2276539680818        1.25302083676339     
   7.10000000000000        37.2279058824822        1.25302931578259     
   7.20000000000000        37.2281577748505        1.25303779406023     
   7.30000000000000        37.2284096451954        1.25304627159660     
   7.40000000000000        37.2286614935256        1.25305474839198     
   7.50000000000000        37.2289133198496        1.25306322444668     
   7.60000000000000        37.2291651241762        1.25307169976098     
   7.70000000000000        37.2294169065139        1.25308017433517     
   7.80000000000000        37.2296686668715        1.25308864816954     
   7.90000000000000        37.2299204052576        1.25309712126439     
   8.00000000000000        37.2301721216808        1.25310559362001     
   8.10000000000000        37.2304238161498        1.25311406523669     
   8.20000000000000        37.2306754886732        1.25312253611471     
   8.30000000000000        37.2309271392598        1.25313100625438     
   8.40000000000000        37.2311787679181        1.25313947565598     
   8.50000000000000        37.2314303746568        1.25314794431980     
   8.60000000000000        37.2316819594846        1.25315641224613     
   8.70000000000000        37.2319335224101        1.25316487943527     
   8.80000000000000        37.2321850634420        1.25317334588751     
   8.90000000000000        37.2324365825889        1.25318181160314     
   9.00000000000000        37.2326880798595        1.25319027658244     
   9.10000000000000        37.2329395552624        1.25319874082572     
   9.20000000000000        37.2331910088064        1.25320720433326     
   9.30000000000000        37.2334424405000        1.25321566710535     
   9.40000000000000        37.2336938503519        1.25322412914229     
   9.50000000000000        37.2339452383707        1.25323259044436     
   9.60000000000000        37.2341966045652        1.25324105101187     
   9.70000000000000        37.2344479489440        1.25324951084509     
   9.80000000000000        37.2346992715157        1.25325796994432     
   9.90000000000000        37.2349505722890        1.25326642830985     
   10.0000000000000        37.2352018512725        1.25327488594198     
   10.1000000000000        37.2354531084750        1.25328334284099     
   10.2000000000000        37.2357043439050        1.25329179900718     
   10.3000000000000        37.2359555575713        1.25330025444084     
   10.4000000000000        37.2362067494825        1.25330870914226     
   10.5000000000000        37.2364579196472        1.25331716311172     
   10.6000000000000        37.2367090680742        1.25332561634953     
   10.7000000000000        37.2369601947720        1.25333406885598     
   10.8000000000000        37.2372112997493        1.25334252063134     
   10.9000000000000        37.2374623830149        1.25335097167593     
   11.0000000000000        37.2377134445773        1.25335942199002     
   11.1000000000000        37.2379644844452        1.25336787157392     
   11.2000000000000        37.2382155026273        1.25337632042790     
   11.3000000000000        37.2384664991323        1.25338476855227     
   11.4000000000000        37.2387174739687        1.25339321594731     
   11.5000000000000        37.2389684271454        1.25340166261332     
   11.6000000000000        37.2392193586708        1.25341010855059     
   11.7000000000000        37.2394702685538        1.25341855375941     
   11.8000000000000        37.2397211568029        1.25342699824006     
   11.9000000000000        37.2399720234269        1.25343544199285     
   12.0000000000000        37.2402228684343        1.25344388501807     
   12.1000000000000        37.2404736918339        1.25345232731600     
   12.2000000000000        37.2407244936343        1.25346076888694     
   12.3000000000000        37.2409752738442        1.25346920973117     
   12.4000000000000        37.2412260324723        1.25347764984900     
   12.5000000000000        37.2414767695272        1.25348608924071     
   12.6000000000000        37.2417274850175        1.25349452790660     
   12.7000000000000        37.2419781789520        1.25350296584695     
   12.8000000000000        37.2422288513393        1.25351140306206     
   12.9000000000000        37.2424795021881        1.25351983955221     
   13.0000000000000        37.2427301315071        1.25352827531771     
   13.1000000000000        37.2429807393049        1.25353671035884     
   13.2000000000000        37.2432313255901        1.25354514467590     
   13.3000000000000        37.2434818903716        1.25355357826917     
   13.4000000000000        37.2437324336578        1.25356201113896     
   13.5000000000000        37.2439829554575        1.25357044328554     
   13.6000000000000        37.2442334557795        1.25357887470921     
   13.7000000000000        37.2444839346322        1.25358730541027     
   13.8000000000000        37.2447343920244        1.25359573538900     
   13.9000000000000        37.2449848279648        1.25360416464570     
   14.0000000000000        37.2452352424621        1.25361259318066     
   14.1000000000000        37.2454856355248        1.25362102099417     
   14.2000000000000        37.2457360071618        1.25362944808652     
   14.3000000000000        37.2459863573816        1.25363787445800     
   14.4000000000000        37.2462366861929        1.25364630010892     
   14.5000000000000        37.2464869936045        1.25365472503955     
   14.6000000000000        37.2467372796249        1.25366314925019     
   14.7000000000000        37.2469875442628        1.25367157274113     
   14.8000000000000        37.2472377875270        1.25367999551267     
   14.9000000000000        37.2474880094260        1.25368841756509     
   15.0000000000000        37.2477382099686        1.25369683889870     
   15.1000000000000        37.2479883891635        1.25370525951377     
   15.2000000000000        37.2482385470192        1.25371367941060     
   15.3000000000000        37.2484886835446        1.25372209858949     
   15.4000000000000        37.2487387987482        1.25373051705072     
   15.5000000000000        37.2489888926387        1.25373893479459     
   15.6000000000000        37.2492389652249        1.25374735182139     
   15.7000000000000        37.2494890165153        1.25375576813141     
   15.8000000000000        37.2497390465187        1.25376418372495     
   15.9000000000000        37.2499890552437        1.25377259860229     
   16.0000000000000        37.2502390426990        1.25378101276372     
   16.1000000000000        37.2504890088934        1.25378942620955     
   16.2000000000000        37.2507389538353        1.25379783894006     
   16.3000000000000        37.2509888775337        1.25380625095555     
   16.4000000000000        37.2512387799970        1.25381466225630     
   16.5000000000000        37.2514886612341        1.25382307284260     
   16.6000000000000        37.2517385212535        1.25383148271476     
   16.7000000000000        37.2519883600640        1.25383989187306     
   16.8000000000000        37.2522381776742        1.25384830031780     
   16.9000000000000        37.2524879740928        1.25385670804926     
   17.0000000000000        37.2527377493285        1.25386511506774     
   17.1000000000000        37.2529875033900        1.25387352137353     
   17.2000000000000        37.2532372362859        1.25388192696692     
   17.3000000000000        37.2534869480249        1.25389033184821     
   17.4000000000000        37.2537366386158        1.25389873601768     
   17.5000000000000        37.2539863080671        1.25390713947563     
   17.6000000000000        37.2542359563877        1.25391554222236     
   17.7000000000000        37.2544855835860        1.25392394425815     
   17.8000000000000        37.2547351896709        1.25393234558329     
   17.9000000000000        37.2549847746510        1.25394074619809     
   18.0000000000000        37.2552343385351        1.25394914610282     
   18.1000000000000        37.2554838813316        1.25395754529779     
   18.2000000000000        37.2557334030495        1.25396594378328     
   18.3000000000000        37.2559829036973        1.25397434155958     
   18.4000000000000        37.2562323832837        1.25398273862700     
   18.5000000000000        37.2564818418174        1.25399113498582     
   18.6000000000000        37.2567312793072        1.25399953063633     
   18.7000000000000        37.2569806957616        1.25400792557883     
   18.8000000000000        37.2572300911893        1.25401631981360     
   18.9000000000000        37.2574794655991        1.25402471334095     
   19.0000000000000        37.2577288189997        1.25403310616116     
   19.1000000000000        37.2579781513996        1.25404149827452     
   19.2000000000000        37.2582274628077        1.25404988968134     
   19.3000000000000        37.2584767532325        1.25405828038189     
   19.4000000000000        37.2587260226828        1.25406667037648     
   19.5000000000000        37.2589752711673        1.25407505966539     
   19.6000000000000        37.2592244986946        1.25408344824891     
   19.7000000000000        37.2594737052734        1.25409183612735     
   19.8000000000000        37.2597228909125        1.25410022330099     
   19.9000000000000        37.2599720556205        1.25410860977012     
   20.0000000000000        37.2602211994060        1.25411699553504     
   20.1000000000000        37.2604703222779        1.25412538059604     
   20.2000000000000        37.2607194242447        1.25413376495341     
   20.3000000000000        37.2609685053152        1.25414214860744     
   20.4000000000000        37.2612175654980        1.25415053155843     
   20.5000000000000        37.2614666048019        1.25415891380667     
   20.6000000000000        37.2617156232354        1.25416729535245     
   20.7000000000000        37.2619646208074        1.25417567619606     
   20.8000000000000        37.2622135975265        1.25418405633780     
   20.9000000000000        37.2624625534014        1.25419243577796     
   21.0000000000000        37.2627114884408        1.25420081451683     
   21.1000000000000        37.2629604026534        1.25420919255470     
   21.2000000000000        37.2632092960478        1.25421756989188     
   21.3000000000000        37.2634581686328        1.25422594652863     
   21.4000000000000        37.2637070204170        1.25423432246527     
   21.5000000000000        37.2639558514092        1.25424269770209     
   21.6000000000000        37.2642046616180        1.25425107223937     
   21.7000000000000        37.2644534510521        1.25425944607741     
   21.8000000000000        37.2647022197203        1.25426781921650     
   21.9000000000000        37.2649509676311        1.25427619165694     
   22.0000000000000        37.2651996947934        1.25428456339901     
   22.1000000000000        37.2654484012157        1.25429293444301     
   22.2000000000000        37.2656970869069        1.25430130478923     
   22.3000000000000        37.2659457518755        1.25430967443797     
   22.4000000000000        37.2661943961303        1.25431804338952     
   22.5000000000000        37.2664430196800        1.25432641164416     
   22.6000000000000        37.2666916225333        1.25433477920220     
   22.7000000000000        37.2669402046988        1.25434314606393     
   22.8000000000000        37.2671887661853        1.25435151222963     
   22.9000000000000        37.2674373070014        1.25435987769960     
   23.0000000000000        37.2676858271559        1.25436824247413     
   23.1000000000000        37.2679343266574        1.25437660655353     
   23.2000000000000        37.2681828055147        1.25438496993807     
   23.3000000000000        37.2684312637364        1.25439333262805     
   23.4000000000000        37.2686797013312        1.25440169462376     
   23.5000000000000        37.2689281183079        1.25441005592551     
   23.6000000000000        37.2691765146751        1.25441841653357     
   23.7000000000000        37.2694248904416        1.25442677644824     
   23.8000000000000        37.2696732456160        1.25443513566982     
   23.9000000000000        37.2699215802070        1.25444349419860     
   24.0000000000000        37.2701698942233        1.25445185203487     
   24.1000000000000        37.2704181876736        1.25446020917892     
   24.2000000000000        37.2706664605667        1.25446856563105     
   24.3000000000000        37.2709147129112        1.25447692139154     
   24.4000000000000        37.2711629447158        1.25448527646070     
   24.5000000000000        37.2714111559892        1.25449363083882     
   24.6000000000000        37.2716593467402        1.25450198452618     
   24.7000000000000        37.2719075169774        1.25451033752308     
   24.8000000000000        37.2721556667095        1.25451868982982     
   24.9000000000000        37.2724037959452        1.25452704144668     
   25.0000000000000        37.2726519046933        1.25453539237396     
   25.1000000000000        37.2728999929624        1.25454374261195     
   25.2000000000000        37.2731480607612        1.25455209216095     
   25.3000000000000        37.2733961080984        1.25456044102124     
   25.4000000000000        37.2736441349828        1.25456878919313     
   25.5000000000000        37.2738921414231        1.25457713667689     
   25.6000000000000        37.2741401274278        1.25458548347284     
   25.7000000000000        37.2743880930058        1.25459382958126     
   25.8000000000000        37.2746360381658        1.25460217500243     
   25.9000000000000        37.2748839629164        1.25461051973666     
   26.0000000000000        37.2751318672664        1.25461886378425     
   26.1000000000000        37.2753797512244        1.25462720714547     
   26.2000000000000        37.2756276147992        1.25463554982062     
   26.3000000000000        37.2758754579994        1.25464389181001     
   26.4000000000000        37.2761232808339        1.25465223311391     
   26.5000000000000        37.2763710833112        1.25466057373263     
   26.6000000000000        37.2766188654401        1.25466891366645     
   26.7000000000000        37.2768666272293        1.25467725291567     
   26.8000000000000        37.2771143686875        1.25468559148059     
   26.9000000000000        37.2773620898233        1.25469392936149     
   27.0000000000000        37.2776097906456        1.25470226655867     
   27.1000000000000        37.2778574711631        1.25471060307242     
   27.2000000000000        37.2781051313843        1.25471893890303     
   27.3000000000000        37.2783527713181        1.25472727405080     
   27.4000000000000        37.2786003909731        1.25473560851603     
   27.5000000000000        37.2788479903581        1.25474394229899     
   27.6000000000000        37.2790955694818        1.25475227540000     
   27.7000000000000        37.2793431283527        1.25476060781933     
   27.8000000000000        37.2795906669798        1.25476893955729     
   27.9000000000000        37.2798381853717        1.25477727061416     
   28.0000000000000        37.2800856835370        1.25478560099025     
   28.1000000000000        37.2803331614846        1.25479393068583     
   28.2000000000000        37.2805806192231        1.25480225970122     
   28.3000000000000        37.2808280567612        1.25481058803669     
   28.4000000000000        37.2810754741076        1.25481891569254     
   28.5000000000000        37.2813228712711        1.25482724266907     
   28.6000000000000        37.2815702482603        1.25483556896656     
   28.7000000000000        37.2818176050840        1.25484389458532     
   28.8000000000000        37.2820649417509        1.25485221952564     
   28.9000000000000        37.2823122582697        1.25486054378780     
   29.0000000000000        37.2825595546491        1.25486886737210     
   29.1000000000000        37.2828068308978        1.25487719027884     
   29.2000000000000        37.2830540870245        1.25488551250831     
   29.3000000000000        37.2833013230380        1.25489383406079     
   29.4000000000000        37.2835485389469        1.25490215493660     
   29.5000000000000        37.2837957347600        1.25491047513601     
   29.6000000000000        37.2840429104860        1.25491879465932     
   29.7000000000000        37.2842900661336        1.25492711350682     
   29.8000000000000        37.2845372017115        1.25493543167882     
   29.9000000000000        37.2847843172284        1.25494374917559     
   30.0000000000000        37.2850314126930        1.25495206599744     
   30.1000000000000        37.2852784881142        1.25496038214465     
   30.2000000000000        37.2855255435004        1.25496869761753     
   30.3000000000000        37.2857725788606        1.25497701241636     
   30.4000000000000        37.2860195942034        1.25498532654144     
   30.5000000000000        37.2862665895375        1.25499363999306     
   30.6000000000000        37.2865135648716        1.25500195277152     
   30.7000000000000        37.2867605202145        1.25501026487710     
   30.8000000000000        37.2870074555748        1.25501857631010     
   30.9000000000000        37.2872543709614        1.25502688707082     
   31.0000000000000        37.2875012663828        1.25503519715955     
   31.1000000000000        37.2877481418479        1.25504350657658     
   31.2000000000000        37.2879949973653        1.25505181532220     
   31.3000000000000        37.2882418329437        1.25506012339671     
   31.4000000000000        37.2884886485920        1.25506843080041     
   31.5000000000000        37.2887354443187        1.25507673753358     
   31.6000000000000        37.2889822201327        1.25508504359651     
   31.7000000000000        37.2892289760425        1.25509334898951     
   31.8000000000000        37.2894757120571        1.25510165371287     
   31.9000000000000        37.2897224281850        1.25510995776687     
   32.0000000000000        37.2899691244350        1.25511826115182     
   32.1000000000000        37.2902158008158        1.25512656386801     
   32.2000000000000        37.2904624573361        1.25513486591572     
   32.3000000000000        37.2907090940047        1.25514316729526     
   32.4000000000000        37.2909557108303        1.25515146800691     
   32.5000000000000        37.2912023078216        1.25515976805097     
   32.6000000000000        37.2914488849873        1.25516806742774     
   32.7000000000000        37.2916954423361        1.25517636613751     
   32.8000000000000        37.2919419798768        1.25518466418057     
   32.9000000000000        37.2921884976181        1.25519296155721     
   33.0000000000000        37.2924349955687        1.25520125826773     
   33.1000000000000        37.2926814737373        1.25520955431242     
   33.2000000000000        37.2929279321327        1.25521784969158     
   33.3000000000000        37.2931743707636        1.25522614440549     
   33.4000000000000        37.2934207896386        1.25523443845446     
   33.5000000000000        37.2936671887666        1.25524273183878     
   33.6000000000000        37.2939135681562        1.25525102455873     
   33.7000000000000        37.2941599278163        1.25525931661462     
   33.8000000000000        37.2944062677554        1.25526760800674     
   33.9000000000000        37.2946525879823        1.25527589873538     
   34.0000000000000        37.2948988885058        1.25528418880083     
   34.1000000000000        37.2951451693346        1.25529247820339     
   34.2000000000000        37.2953914304773        1.25530076694336     
   34.3000000000000        37.2956376719428        1.25530905502101     
   34.4000000000000        37.2958838937398        1.25531734243666     
   34.5000000000000        37.2961300958769        1.25532562919059     
   34.6000000000000        37.2963762783630        1.25533391528310     
   34.7000000000000        37.2966224412066        1.25534220071448     
   34.8000000000000        37.2968685844167        1.25535048548502     
   34.9000000000000        37.2971147080018        1.25535876959503     
   35.0000000000000        37.2973608119707        1.25536705304478     
   35.1000000000000        37.2976068963322        1.25537533583458     
   35.2000000000000        37.2978529610950        1.25538361796472     
   35.3000000000000        37.2980990062678        1.25539189943549     
   35.4000000000000        37.2983450318593        1.25540018024719     
   35.5000000000000        37.2985910378782        1.25540846040011     
   35.6000000000000        37.2988370243334        1.25541673989455     
   35.7000000000000        37.2990829912335        1.25542501873079     
   35.8000000000000        37.2993289385872        1.25543329690914     
   35.9000000000000        37.2995748664033        1.25544157442988     
   36.0000000000000        37.2998207746905        1.25544985129331     
   36.1000000000000        37.3000666634576        1.25545812749973     
   36.2000000000000        37.3003125327132        1.25546640304942     
   36.3000000000000        37.3005583824661        1.25547467794269     
   36.4000000000000        37.3008042127251        1.25548295217982     
   36.5000000000000        37.3010500234989        1.25549122576111     
   36.6000000000000        37.3012958147961        1.25549949868686     
   36.7000000000000        37.3015415866256        1.25550777095735     
   36.8000000000000        37.3017873389960        1.25551604257289     
   36.9000000000000        37.3020330719162        1.25552431353376     
   37.0000000000000        37.3022787853947        1.25553258384025     
   37.1000000000000        37.3025244794405        1.25554085349267     
   37.2000000000000        37.3027701540621        1.25554912249131     
   37.3000000000000        37.3030158092684        1.25555739083646     
   37.4000000000000        37.3032614450680        1.25556565852842     
   37.5000000000000        37.3035070614697        1.25557392556747     
   37.6000000000000        37.3037526584823        1.25558219195392     
   37.7000000000000        37.3039982361144        1.25559045768805     
   37.8000000000000        37.3042437943749        1.25559872277016     
   37.9000000000000        37.3044893332724        1.25560698720055     
   38.0000000000000        37.3047348528156        1.25561525097951     
   38.1000000000000        37.3049803530134        1.25562351410733     
   38.2000000000000        37.3052258338744        1.25563177658431     
   38.3000000000000        37.3054712954074        1.25564003841074     
   38.4000000000000        37.3057167376211        1.25564829958692     
   38.5000000000000        37.3059621605243        1.25565656011313     
   38.6000000000000        37.3062075641256        1.25566481998968     
   38.7000000000000        37.3064529484340        1.25567307921685     
   38.8000000000000        37.3066983134579        1.25568133779495     
   38.9000000000000        37.3069436592063        1.25568959572426     
   39.0000000000000        37.3071889856878        1.25569785300509     
   39.1000000000000        37.3074342929113        1.25570610963771     
   39.2000000000000        37.3076795808853        1.25571436562244     
   39.3000000000000        37.3079248496187        1.25572262095955     
   39.4000000000000        37.3081700991202        1.25573087564935     
   39.5000000000000        37.3084153293985        1.25573912969214     
   39.6000000000000        37.3086605404625        1.25574738308820     
   39.7000000000000        37.3089057323207        1.25575563583782     
   39.8000000000000        37.3091509049820        1.25576388794131     
   39.9000000000000        37.3093960584551        1.25577213939896     
   40.0000000000000        37.3096411927488        1.25578039021106     
