 # applied field (T), theta (degree), phi (degree), abs for RE 1-2
     0.00000     0.00000     0.00000     0.30314     0.00000     0.00000     0.00000
     0.10000     0.20498   360.00000     0.30314     0.00000     0.00000     0.00000
     0.20000     0.41005   360.00000     0.30315     0.00000     0.00000     0.00000
     0.30000     0.61532   360.00000     0.30317     0.00000     0.00000     0.00000
     0.40000     0.82088   360.00000     0.30319     0.00000     0.00000     0.00000
     0.50000     1.02683   360.00000     0.30322     0.00000     0.00000     0.00000
     0.60000     1.21136   360.00000     0.30325     0.00000     0.00000     0.00000
     0.70000     1.41828   360.00000     0.30329     0.00000     0.00000     0.00000
     0.80000     1.62587   360.00000     0.30334     0.00000     0.00000     0.00000
     0.90000     1.83422   360.00000     0.30339     0.00000     0.00000     0.00000
     1.00000     2.04342   360.00000     0.30345     0.00000     0.00000     0.00000
     1.10000     2.25358   360.00000     0.30352     0.00000     0.00000     0.00000
     1.20000     2.46477   360.00000     0.30359     0.00000     0.00000     0.00000
     1.30000     2.67711   360.00000     0.30367     0.00000     0.00000     0.00000
     1.40000     2.89068   360.00000     0.30375     0.00000     0.00000     0.00000
     1.50000     3.10557   360.00000     0.30384     0.00000     0.00000     0.00000
     1.60000     3.32188   360.00000     0.30394     0.00000     0.00000     0.00000
     1.70000     3.56337   360.00000     0.30406     0.00000     0.00000     0.00000
     1.80000     3.78303   360.00000     0.30417     0.00000     0.00000     0.00000
     1.90000     4.00439   360.00000     0.30428     0.00000     0.00000     0.00000
     2.00000     4.22754   360.00000     0.30440     0.00000     0.00000     0.00000
     2.10000     4.45257   360.00000     0.30453     0.00000     0.00000     0.00000
     2.20000     4.67957   360.00000     0.30466     0.00000     0.00000     0.00000
     2.30000     4.93397   360.00000     0.30481     0.00000     0.00000     0.00000
     2.40000     5.16547   360.00000     0.30495     0.00000     0.00000     0.00000
     2.50000     5.39920   360.00000     0.30510     0.00000     0.00000     0.00000
     2.60000     5.66165   360.00000     0.30528     0.00000     0.00000     0.00000
     2.70000     5.90044   360.00000     0.30543     0.00000     0.00000     0.00000
     2.80000     6.16891   360.00000     0.30562     0.00000     0.00000     0.00000
     2.90000     6.41314   360.00000     0.30579     0.00000     0.00000     0.00000
     3.00000     6.68803   360.00000     0.30598     0.00000     0.00000     0.00000
     3.10000     6.96653   360.00000     0.30619     0.00000     0.00000     0.00000
     3.20000     7.21977   360.00000     0.30637     0.00000     0.00000     0.00000
     3.30000     7.50530   360.00000     0.30658     0.00000     0.00000     0.00000
     3.40000     7.79474   360.00000     0.30679     0.00000     0.00000     0.00000
     3.50000     8.08819   360.00000     0.30702     0.00000     0.00000     0.00000
     3.60000     8.38576   360.00000     0.30724     0.00000     0.00000     0.00000
     3.70000     8.68754   360.00000     0.30747     0.00000     0.00000     0.00000
     3.80000     8.99363   360.00000     0.30771     0.00000     0.00000     0.00000
     3.90000     9.30411   360.00000     0.30794     0.00000     0.00000     0.00000
     4.00000     9.65234   360.00000     0.30822     0.00000     0.00000     0.00000
     4.10000     9.97247   360.00000     0.30846     0.00000     0.00000     0.00000
     4.20000    10.33180   360.00000     0.30874     0.00000     0.00000     0.00000
     4.30000    10.66195   360.00000     0.30899     0.00000     0.00000     0.00000
     4.40000    11.03277   360.00000     0.30928     0.00000     0.00000     0.00000
     4.50000    11.40983   360.00000     0.30957     0.00000     0.00000     0.00000
     4.60000    11.79323   360.00000     0.30986     0.00000     0.00000     0.00000
     4.70000    12.22114   360.00000     0.31018     0.00000     0.00000     0.00000
     4.80000    12.61822   360.00000     0.31048     0.00000     0.00000     0.00000
     4.90000    13.06157   360.00000     0.31081     0.00000     0.00000     0.00000
     5.00000    13.51319   360.00000     0.31114     0.00000     0.00000     0.00000
     5.10000    13.97317   360.00000     0.31147     0.00000     0.00000     0.00000
     5.20000    14.44159   360.00000     0.31181     0.00000     0.00000     0.00000
     5.30000    14.96172   360.00000     0.31217     0.00000     0.00000     0.00000
     5.40000    15.49226   360.00000     0.31254     0.00000     0.00000     0.00000
     5.50000    16.03327   360.00000     0.31290     0.00000     0.00000     0.00000
     5.60000    16.63098   360.00000     0.31330     0.00000     0.00000     0.00000
     5.70000    17.24129   360.00000     0.31369     0.00000     0.00000     0.00000
     5.80000    17.86419   360.00000     0.31408     0.00000     0.00000     0.00000
     5.90000    18.54918   360.00000     0.31449     0.00000     0.00000     0.00000
     6.00000    19.29969   360.00000     0.31493     0.00000     0.00000     0.00000
     6.10000    20.11935   360.00000     0.31540     0.00000     0.00000     0.00000
     6.20000    21.01197   360.00000     0.31588     0.00000     0.00000     0.00000
     6.30000    21.92651   360.00000     0.31636     0.00000     0.00000     0.00000
     6.40000    90.00000   360.00000     0.32167     0.00000     0.00000     0.00000
     6.50000    90.00000   360.00000     0.32169     0.00000     0.00000     0.00000
     6.60000    90.00000   360.00000     0.32171     0.00000     0.00000     0.00000
     6.70000    90.00000   360.00000     0.32174     0.00000     0.00000     0.00000
     6.80000    90.00000   360.00000     0.32176     0.00000     0.00000     0.00000
     6.90000    90.00000   360.00000     0.32178     0.00000     0.00000     0.00000
     7.00000    90.00000   360.00000     0.32180     0.00000     0.00000     0.00000
     7.10000    90.00000   360.00000     0.32182     0.00000     0.00000     0.00000
     7.20000    90.00000   360.00000     0.32185     0.00000     0.00000     0.00000
     7.30000    90.00000   360.00000     0.32187     0.00000     0.00000     0.00000
     7.40000    90.00000   360.00000     0.32189     0.00000     0.00000     0.00000
     7.50000    90.00000   360.00000     0.32191     0.00000     0.00000     0.00000
     7.60000    90.00000   360.00000     0.32193     0.00000     0.00000     0.00000
     7.70000    90.00000   360.00000     0.32196     0.00000     0.00000     0.00000
     7.80000    90.00000   360.00000     0.32198     0.00000     0.00000     0.00000
     7.90000    90.00000   360.00000     0.32200     0.00000     0.00000     0.00000
     8.00000    90.00000   360.00000     0.32202     0.00000     0.00000     0.00000
     8.10000    90.00000   360.00000     0.32204     0.00000     0.00000     0.00000
     8.20000    90.00000   360.00000     0.32207     0.00000     0.00000     0.00000
     8.30000    90.00000   360.00000     0.32209     0.00000     0.00000     0.00000
     8.40000    90.00000   360.00000     0.32211     0.00000     0.00000     0.00000
     8.50000    90.00000   360.00000     0.32213     0.00000     0.00000     0.00000
     8.60000    90.00000   360.00000     0.32215     0.00000     0.00000     0.00000
     8.70000    90.00000   360.00000     0.32218     0.00000     0.00000     0.00000
     8.80000    90.00000   360.00000     0.32220     0.00000     0.00000     0.00000
     8.90000    90.00000   360.00000     0.32222     0.00000     0.00000     0.00000
     9.00000    90.00000   360.00000     0.32224     0.00000     0.00000     0.00000
     9.10000    90.00000   360.00000     0.32226     0.00000     0.00000     0.00000
     9.20000    90.00000   360.00000     0.32229     0.00000     0.00000     0.00000
     9.30000    90.00000   360.00000     0.32231     0.00000     0.00000     0.00000
     9.40000    90.00000   360.00000     0.32233     0.00000     0.00000     0.00000
     9.50000    90.00000   360.00000     0.32235     0.00000     0.00000     0.00000
     9.60000    90.00000   360.00000     0.32237     0.00000     0.00000     0.00000
     9.70000    90.00000   360.00000     0.32240     0.00000     0.00000     0.00000
     9.80000    90.00000   360.00000     0.32242     0.00000     0.00000     0.00000
     9.90000    90.00000   360.00000     0.32244     0.00000     0.00000     0.00000
    10.00000    90.00000   360.00000     0.32246     0.00000     0.00000     0.00000
    10.10000    90.00000   360.00000     0.32248     0.00000     0.00000     0.00000
    10.20000    90.00000   360.00000     0.32251     0.00000     0.00000     0.00000
    10.30000    90.00000   360.00000     0.32253     0.00000     0.00000     0.00000
    10.40000    90.00000   360.00000     0.32255     0.00000     0.00000     0.00000
    10.50000    90.00000   360.00000     0.32257     0.00000     0.00000     0.00000
    10.60000    90.00000   360.00000     0.32259     0.00000     0.00000     0.00000
    10.70000    90.00000   360.00000     0.32262     0.00000     0.00000     0.00000
    10.80000    90.00000   360.00000     0.32264     0.00000     0.00000     0.00000
    10.90000    90.00000   360.00000     0.32266     0.00000     0.00000     0.00000
    11.00000    90.00000   360.00000     0.32268     0.00000     0.00000     0.00000
    11.10000    90.00000   360.00000     0.32270     0.00000     0.00000     0.00000
    11.20000    90.00000   360.00000     0.32273     0.00000     0.00000     0.00000
    11.30000    90.00000   360.00000     0.32275     0.00000     0.00000     0.00000
    11.40000    90.00000   360.00000     0.32277     0.00000     0.00000     0.00000
    11.50000    90.00000   360.00000     0.32279     0.00000     0.00000     0.00000
    11.60000    90.00000   360.00000     0.32282     0.00000     0.00000     0.00000
    11.70000    90.00000   360.00000     0.32284     0.00000     0.00000     0.00000
    11.80000    90.00000   360.00000     0.32286     0.00000     0.00000     0.00000
    11.90000    90.00000   360.00000     0.32288     0.00000     0.00000     0.00000
    12.00000    90.00000   360.00000     0.32290     0.00000     0.00000     0.00000
    12.10000    90.00000   360.00000     0.32293     0.00000     0.00000     0.00000
    12.20000    90.00000   360.00000     0.32295     0.00000     0.00000     0.00000
    12.30000    90.00000   360.00000     0.32297     0.00000     0.00000     0.00000
    12.40000    90.00000   360.00000     0.32299     0.00000     0.00000     0.00000
    12.50000    90.00000   360.00000     0.32301     0.00000     0.00000     0.00000
    12.60000    90.00000   360.00000     0.32304     0.00000     0.00000     0.00000
    12.70000    90.00000   360.00000     0.32306     0.00000     0.00000     0.00000
    12.80000    90.00000   360.00000     0.32308     0.00000     0.00000     0.00000
    12.90000    90.00000   360.00000     0.32310     0.00000     0.00000     0.00000
    13.00000    90.00000   360.00000     0.32312     0.00000     0.00000     0.00000
    13.10000    90.00000   360.00000     0.32315     0.00000     0.00000     0.00000
    13.20000    90.00000   360.00000     0.32317     0.00000     0.00000     0.00000
    13.30000    90.00000   360.00000     0.32319     0.00000     0.00000     0.00000
    13.40000    90.00000   360.00000     0.32321     0.00000     0.00000     0.00000
    13.50000    90.00000   360.00000     0.32324     0.00000     0.00000     0.00000
    13.60000    90.00000   360.00000     0.32326     0.00000     0.00000     0.00000
    13.70000    90.00000   360.00000     0.32328     0.00000     0.00000     0.00000
    13.80000    90.00000   360.00000     0.32330     0.00000     0.00000     0.00000
    13.90000    90.00000   360.00000     0.32332     0.00000     0.00000     0.00000
    14.00000    90.00000   360.00000     0.32335     0.00000     0.00000     0.00000
    14.10000    90.00000   360.00000     0.32337     0.00000     0.00000     0.00000
    14.20000    90.00000   360.00000     0.32339     0.00000     0.00000     0.00000
    14.30000    90.00000   360.00000     0.32341     0.00000     0.00000     0.00000
    14.40000    90.00000   360.00000     0.32343     0.00000     0.00000     0.00000
    14.50000    90.00000   360.00000     0.32346     0.00000     0.00000     0.00000
    14.60000    90.00000   360.00000     0.32348     0.00000     0.00000     0.00000
    14.70000    90.00000   360.00000     0.32350     0.00000     0.00000     0.00000
    14.80000    90.00000   360.00000     0.32352     0.00000     0.00000     0.00000
    14.90000    90.00000   360.00000     0.32355     0.00000     0.00000     0.00000
    15.00000    90.00000   360.00000     0.32357     0.00000     0.00000     0.00000
    15.10000    90.00000   360.00000     0.32359     0.00000     0.00000     0.00000
    15.20000    90.00000   360.00000     0.32361     0.00000     0.00000     0.00000
    15.30000    90.00000   360.00000     0.32363     0.00000     0.00000     0.00000
    15.40000    90.00000   360.00000     0.32366     0.00000     0.00000     0.00000
    15.50000    90.00000   360.00000     0.32368     0.00000     0.00000     0.00000
    15.60000    90.00000   360.00000     0.32370     0.00000     0.00000     0.00000
    15.70000    90.00000   360.00000     0.32372     0.00000     0.00000     0.00000
    15.80000    90.00000   360.00000     0.32375     0.00000     0.00000     0.00000
    15.90000    90.00000   360.00000     0.32377     0.00000     0.00000     0.00000
    16.00000    90.00000   360.00000     0.32379     0.00000     0.00000     0.00000
    16.10000    90.00000   360.00000     0.32381     0.00000     0.00000     0.00000
    16.20000    90.00000   360.00000     0.32383     0.00000     0.00000     0.00000
    16.30000    90.00000   360.00000     0.32386     0.00000     0.00000     0.00000
    16.40000    90.00000   360.00000     0.32388     0.00000     0.00000     0.00000
    16.50000    90.00000   360.00000     0.32390     0.00000     0.00000     0.00000
    16.60000    90.00000   360.00000     0.32392     0.00000     0.00000     0.00000
    16.70000    90.00000   360.00000     0.32395     0.00000     0.00000     0.00000
    16.80000    90.00000   360.00000     0.32397     0.00000     0.00000     0.00000
    16.90000    90.00000   360.00000     0.32399     0.00000     0.00000     0.00000
    17.00000    90.00000   360.00000     0.32401     0.00000     0.00000     0.00000
    17.10000    90.00000   360.00000     0.32403     0.00000     0.00000     0.00000
    17.20000    90.00000   360.00000     0.32406     0.00000     0.00000     0.00000
    17.30000    90.00000   360.00000     0.32408     0.00000     0.00000     0.00000
    17.40000    90.00000   360.00000     0.32410     0.00000     0.00000     0.00000
    17.50000    90.00000   360.00000     0.32412     0.00000     0.00000     0.00000
    17.60000    90.00000   360.00000     0.32415     0.00000     0.00000     0.00000
    17.70000    90.00000   360.00000     0.32417     0.00000     0.00000     0.00000
    17.80000    90.00000   360.00000     0.32419     0.00000     0.00000     0.00000
    17.90000    90.00000   360.00000     0.32421     0.00000     0.00000     0.00000
    18.00000    90.00000   360.00000     0.32423     0.00000     0.00000     0.00000
    18.10000    90.00000   360.00000     0.32426     0.00000     0.00000     0.00000
    18.20000    90.00000   360.00000     0.32428     0.00000     0.00000     0.00000
    18.30000    90.00000   360.00000     0.32430     0.00000     0.00000     0.00000
    18.40000    90.00000   360.00000     0.32432     0.00000     0.00000     0.00000
    18.50000    90.00000   360.00000     0.32435     0.00000     0.00000     0.00000
    18.60000    90.00000   360.00000     0.32437     0.00000     0.00000     0.00000
    18.70000    90.00000   360.00000     0.32439     0.00000     0.00000     0.00000
    18.80000    90.00000   360.00000     0.32441     0.00000     0.00000     0.00000
    18.90000    90.00000   360.00000     0.32444     0.00000     0.00000     0.00000
    19.00000    90.00000   360.00000     0.32446     0.00000     0.00000     0.00000
    19.10000    90.00000   360.00000     0.32448     0.00000     0.00000     0.00000
    19.20000    90.00000   360.00000     0.32450     0.00000     0.00000     0.00000
    19.30000    90.00000   360.00000     0.32452     0.00000     0.00000     0.00000
    19.40000    90.00000   360.00000     0.32455     0.00000     0.00000     0.00000
    19.50000    90.00000   360.00000     0.32457     0.00000     0.00000     0.00000
    19.60000    90.00000   360.00000     0.32459     0.00000     0.00000     0.00000
    19.70000    90.00000   360.00000     0.32461     0.00000     0.00000     0.00000
    19.80000    90.00000   360.00000     0.32464     0.00000     0.00000     0.00000
    19.90000    90.00000   360.00000     0.32466     0.00000     0.00000     0.00000
    20.00000    90.00000   360.00000     0.32468     0.00000     0.00000     0.00000
    20.10000    90.00000   360.00000     0.32470     0.00000     0.00000     0.00000
    20.20000    90.00000   360.00000     0.32473     0.00000     0.00000     0.00000
    20.30000    90.00000   360.00000     0.32475     0.00000     0.00000     0.00000
    20.40000    90.00000   360.00000     0.32477     0.00000     0.00000     0.00000
    20.50000    90.00000   360.00000     0.32479     0.00000     0.00000     0.00000
    20.60000    90.00000   360.00000     0.32481     0.00000     0.00000     0.00000
    20.70000    90.00000   360.00000     0.32484     0.00000     0.00000     0.00000
    20.80000    90.00000   360.00000     0.32486     0.00000     0.00000     0.00000
    20.90000    90.00000   360.00000     0.32488     0.00000     0.00000     0.00000
    21.00000    90.00000   360.00000     0.32490     0.00000     0.00000     0.00000
    21.10000    90.00000   360.00000     0.32493     0.00000     0.00000     0.00000
    21.20000    90.00000   360.00000     0.32495     0.00000     0.00000     0.00000
    21.30000    90.00000   360.00000     0.32497     0.00000     0.00000     0.00000
    21.40000    90.00000   360.00000     0.32499     0.00000     0.00000     0.00000
    21.50000    90.00000   360.00000     0.32502     0.00000     0.00000     0.00000
    21.60000    90.00000   360.00000     0.32504     0.00000     0.00000     0.00000
    21.70000    90.00000   360.00000     0.32506     0.00000     0.00000     0.00000
    21.80000    90.00000   360.00000     0.32508     0.00000     0.00000     0.00000
    21.90000    90.00000   360.00000     0.32511     0.00000     0.00000     0.00000
    22.00000    90.00000   360.00000     0.32513     0.00000     0.00000     0.00000
    22.10000    90.00000   360.00000     0.32515     0.00000     0.00000     0.00000
    22.20000    90.00000   360.00000     0.32517     0.00000     0.00000     0.00000
    22.30000    90.00000   360.00000     0.32520     0.00000     0.00000     0.00000
    22.40000    90.00000   360.00000     0.32522     0.00000     0.00000     0.00000
    22.50000    90.00000   360.00000     0.32524     0.00000     0.00000     0.00000
    22.60000    90.00000   360.00000     0.32526     0.00000     0.00000     0.00000
    22.70000    90.00000   360.00000     0.32528     0.00000     0.00000     0.00000
    22.80000    90.00000   360.00000     0.32531     0.00000     0.00000     0.00000
    22.90000    90.00000   360.00000     0.32533     0.00000     0.00000     0.00000
    23.00000    90.00000   360.00000     0.32535     0.00000     0.00000     0.00000
    23.10000    90.00000   360.00000     0.32537     0.00000     0.00000     0.00000
    23.20000    90.00000   360.00000     0.32540     0.00000     0.00000     0.00000
    23.30000    90.00000   360.00000     0.32542     0.00000     0.00000     0.00000
    23.40000    90.00000   360.00000     0.32544     0.00000     0.00000     0.00000
    23.50000    90.00000   360.00000     0.32546     0.00000     0.00000     0.00000
    23.60000    90.00000   360.00000     0.32549     0.00000     0.00000     0.00000
    23.70000    90.00000   360.00000     0.32551     0.00000     0.00000     0.00000
    23.80000    90.00000   360.00000     0.32553     0.00000     0.00000     0.00000
    23.90000    90.00000   360.00000     0.32555     0.00000     0.00000     0.00000
    24.00000    90.00000   360.00000     0.32558     0.00000     0.00000     0.00000
    24.10000    90.00000   360.00000     0.32560     0.00000     0.00000     0.00000
    24.20000    90.00000   360.00000     0.32562     0.00000     0.00000     0.00000
    24.30000    90.00000   360.00000     0.32564     0.00000     0.00000     0.00000
    24.40000    90.00000   360.00000     0.32567     0.00000     0.00000     0.00000
    24.50000    90.00000   360.00000     0.32569     0.00000     0.00000     0.00000
    24.60000    90.00000   360.00000     0.32571     0.00000     0.00000     0.00000
    24.70000    90.00000   360.00000     0.32573     0.00000     0.00000     0.00000
    24.80000    90.00000   360.00000     0.32576     0.00000     0.00000     0.00000
    24.90000    90.00000   360.00000     0.32578     0.00000     0.00000     0.00000
    25.00000    90.00000   360.00000     0.32580     0.00000     0.00000     0.00000
    25.10000    90.00000   360.00000     0.32582     0.00000     0.00000     0.00000
    25.20000    90.00000   360.00000     0.32585     0.00000     0.00000     0.00000
    25.30000    90.00000   360.00000     0.32587     0.00000     0.00000     0.00000
    25.40000    90.00000   360.00000     0.32589     0.00000     0.00000     0.00000
    25.50000    90.00000   360.00000     0.32591     0.00000     0.00000     0.00000
    25.60000    90.00000   360.00000     0.32594     0.00000     0.00000     0.00000
    25.70000    90.00000   360.00000     0.32596     0.00000     0.00000     0.00000
    25.80000    90.00000   360.00000     0.32598     0.00000     0.00000     0.00000
    25.90000    90.00000   360.00000     0.32600     0.00000     0.00000     0.00000
    26.00000    90.00000   360.00000     0.32603     0.00000     0.00000     0.00000
    26.10000    90.00000   360.00000     0.32605     0.00000     0.00000     0.00000
    26.20000    90.00000   360.00000     0.32607     0.00000     0.00000     0.00000
    26.30000    90.00000   360.00000     0.32609     0.00000     0.00000     0.00000
    26.40000    90.00000   360.00000     0.32612     0.00000     0.00000     0.00000
    26.50000    90.00000   360.00000     0.32614     0.00000     0.00000     0.00000
    26.60000    90.00000   360.00000     0.32616     0.00000     0.00000     0.00000
    26.70000    90.00000   360.00000     0.32618     0.00000     0.00000     0.00000
    26.80000    90.00000   360.00000     0.32621     0.00000     0.00000     0.00000
    26.90000    90.00000   360.00000     0.32623     0.00000     0.00000     0.00000
    27.00000    90.00000   360.00000     0.32625     0.00000     0.00000     0.00000
    27.10000    90.00000   360.00000     0.32627     0.00000     0.00000     0.00000
    27.20000    90.00000   360.00000     0.32630     0.00000     0.00000     0.00000
    27.30000    90.00000   360.00000     0.32632     0.00000     0.00000     0.00000
    27.40000    90.00000   360.00000     0.32634     0.00000     0.00000     0.00000
    27.50000    90.00000   360.00000     0.32636     0.00000     0.00000     0.00000
    27.60000    90.00000   360.00000     0.32639     0.00000     0.00000     0.00000
    27.70000    90.00000   360.00000     0.32641     0.00000     0.00000     0.00000
    27.80000    90.00000   360.00000     0.32643     0.00000     0.00000     0.00000
    27.90000    90.00000   360.00000     0.32645     0.00000     0.00000     0.00000
    28.00000    90.00000   360.00000     0.32648     0.00000     0.00000     0.00000
    28.10000    90.00000   360.00000     0.32650     0.00000     0.00000     0.00000
    28.20000    90.00000   360.00000     0.32652     0.00000     0.00000     0.00000
    28.30000    90.00000   360.00000     0.32654     0.00000     0.00000     0.00000
    28.40000    90.00000   360.00000     0.32657     0.00000     0.00000     0.00000
    28.50000    90.00000   360.00000     0.32659     0.00000     0.00000     0.00000
    28.60000    90.00000   360.00000     0.32661     0.00000     0.00000     0.00000
    28.70000    90.00000   360.00000     0.32663     0.00000     0.00000     0.00000
    28.80000    90.00000   360.00000     0.32666     0.00000     0.00000     0.00000
    28.90000    90.00000   360.00000     0.32668     0.00000     0.00000     0.00000
    29.00000    90.00000   360.00000     0.32670     0.00000     0.00000     0.00000
    29.10000    90.00000   360.00000     0.32672     0.00000     0.00000     0.00000
    29.20000    90.00000   360.00000     0.32675     0.00000     0.00000     0.00000
    29.30000    90.00000   360.00000     0.32677     0.00000     0.00000     0.00000
    29.40000    90.00000   360.00000     0.32679     0.00000     0.00000     0.00000
    29.50000    90.00000   360.00000     0.32681     0.00000     0.00000     0.00000
    29.60000    90.00000   360.00000     0.32684     0.00000     0.00000     0.00000
    29.70000    90.00000   360.00000     0.32686     0.00000     0.00000     0.00000
    29.80000    90.00000   360.00000     0.32688     0.00000     0.00000     0.00000
    29.90000    90.00000   360.00000     0.32690     0.00000     0.00000     0.00000
    30.00000    90.00000   360.00000     0.32693     0.00000     0.00000     0.00000
    30.10000    90.00000   360.00000     0.32695     0.00000     0.00000     0.00000
    30.20000    90.00000   360.00000     0.32697     0.00000     0.00000     0.00000
    30.30000    90.00000   360.00000     0.32700     0.00000     0.00000     0.00000
    30.40000    90.00000   360.00000     0.32702     0.00000     0.00000     0.00000
    30.50000    90.00000   360.00000     0.32704     0.00000     0.00000     0.00000
    30.60000    90.00000   360.00000     0.32706     0.00000     0.00000     0.00000
    30.70000    90.00000   360.00000     0.32709     0.00000     0.00000     0.00000
    30.80000    90.00000   360.00000     0.32711     0.00000     0.00000     0.00000
    30.90000    90.00000   360.00000     0.32713     0.00000     0.00000     0.00000
    31.00000    90.00000   360.00000     0.32715     0.00000     0.00000     0.00000
    31.10000    90.00000   360.00000     0.32718     0.00000     0.00000     0.00000
    31.20000    90.00000   360.00000     0.32720     0.00000     0.00000     0.00000
    31.30000    90.00000   360.00000     0.32722     0.00000     0.00000     0.00000
    31.40000    90.00000   360.00000     0.32724     0.00000     0.00000     0.00000
    31.50000    90.00000   360.00000     0.32727     0.00000     0.00000     0.00000
    31.60000    90.00000   360.00000     0.32729     0.00000     0.00000     0.00000
    31.70000    90.00000   360.00000     0.32731     0.00000     0.00000     0.00000
    31.80000    90.00000   360.00000     0.32733     0.00000     0.00000     0.00000
    31.90000    90.00000   360.00000     0.32736     0.00000     0.00000     0.00000
    32.00000    90.00000   360.00000     0.32738     0.00000     0.00000     0.00000
    32.10000    90.00000   360.00000     0.32740     0.00000     0.00000     0.00000
    32.20000    90.00000   360.00000     0.32743     0.00000     0.00000     0.00000
    32.30000    90.00000   360.00000     0.32745     0.00000     0.00000     0.00000
    32.40000    90.00000   360.00000     0.32747     0.00000     0.00000     0.00000
    32.50000    90.00000   360.00000     0.32749     0.00000     0.00000     0.00000
    32.60000    90.00000   360.00000     0.32752     0.00000     0.00000     0.00000
    32.70000    90.00000   360.00000     0.32754     0.00000     0.00000     0.00000
    32.80000    90.00000   360.00000     0.32756     0.00000     0.00000     0.00000
    32.90000    90.00000   360.00000     0.32758     0.00000     0.00000     0.00000
    33.00000    90.00000   360.00000     0.32761     0.00000     0.00000     0.00000
    33.10000    90.00000   360.00000     0.32763     0.00000     0.00000     0.00000
    33.20000    90.00000   360.00000     0.32765     0.00000     0.00000     0.00000
    33.30000    90.00000   360.00000     0.32767     0.00000     0.00000     0.00000
    33.40000    90.00000   360.00000     0.32770     0.00000     0.00000     0.00000
    33.50000    90.00000   360.00000     0.32772     0.00000     0.00000     0.00000
    33.60000    90.00000   360.00000     0.32774     0.00000     0.00000     0.00000
    33.70000    90.00000   360.00000     0.32777     0.00000     0.00000     0.00000
    33.80000    90.00000   360.00000     0.32779     0.00000     0.00000     0.00000
    33.90000    90.00000   360.00000     0.32781     0.00000     0.00000     0.00000
    34.00000    90.00000   360.00000     0.32783     0.00000     0.00000     0.00000
    34.10000    90.00000   360.00000     0.32786     0.00000     0.00000     0.00000
    34.20000    90.00000   360.00000     0.32788     0.00000     0.00000     0.00000
    34.30000    90.00000   360.00000     0.32790     0.00000     0.00000     0.00000
    34.40000    90.00000   360.00000     0.32792     0.00000     0.00000     0.00000
    34.50000    90.00000   360.00000     0.32795     0.00000     0.00000     0.00000
    34.60000    90.00000   360.00000     0.32797     0.00000     0.00000     0.00000
    34.70000    90.00000   360.00000     0.32799     0.00000     0.00000     0.00000
    34.80000    90.00000   360.00000     0.32802     0.00000     0.00000     0.00000
    34.90000    90.00000   360.00000     0.32804     0.00000     0.00000     0.00000
    35.00000    90.00000   360.00000     0.32806     0.00000     0.00000     0.00000
    35.10000    90.00000   360.00000     0.32808     0.00000     0.00000     0.00000
    35.20000    90.00000   360.00000     0.32811     0.00000     0.00000     0.00000
    35.30000    90.00000   360.00000     0.32813     0.00000     0.00000     0.00000
    35.40000    90.00000   360.00000     0.32815     0.00000     0.00000     0.00000
    35.50000    90.00000   360.00000     0.32817     0.00000     0.00000     0.00000
    35.60000    90.00000   360.00000     0.32820     0.00000     0.00000     0.00000
    35.70000    90.00000   360.00000     0.32822     0.00000     0.00000     0.00000
    35.80000    90.00000   360.00000     0.32824     0.00000     0.00000     0.00000
    35.90000    90.00000   360.00000     0.32827     0.00000     0.00000     0.00000
    36.00000    90.00000   360.00000     0.32829     0.00000     0.00000     0.00000
    36.10000    90.00000   360.00000     0.32831     0.00000     0.00000     0.00000
    36.20000    90.00000   360.00000     0.32833     0.00000     0.00000     0.00000
    36.30000    90.00000   360.00000     0.32836     0.00000     0.00000     0.00000
    36.40000    90.00000   360.00000     0.32838     0.00000     0.00000     0.00000
    36.50000    90.00000   360.00000     0.32840     0.00000     0.00000     0.00000
    36.60000    90.00000   360.00000     0.32843     0.00000     0.00000     0.00000
    36.70000    90.00000   360.00000     0.32845     0.00000     0.00000     0.00000
    36.80000    90.00000   360.00000     0.32847     0.00000     0.00000     0.00000
    36.90000    90.00000   360.00000     0.32849     0.00000     0.00000     0.00000
    37.00000    90.00000   360.00000     0.32852     0.00000     0.00000     0.00000
    37.10000    90.00000   360.00000     0.32854     0.00000     0.00000     0.00000
    37.20000    90.00000   360.00000     0.32856     0.00000     0.00000     0.00000
    37.30000    90.00000   360.00000     0.32859     0.00000     0.00000     0.00000
    37.40000    90.00000   360.00000     0.32861     0.00000     0.00000     0.00000
    37.50000    90.00000   360.00000     0.32863     0.00000     0.00000     0.00000
    37.60000    90.00000   360.00000     0.32865     0.00000     0.00000     0.00000
    37.70000    90.00000   360.00000     0.32868     0.00000     0.00000     0.00000
    37.80000    90.00000   360.00000     0.32870     0.00000     0.00000     0.00000
    37.90000    90.00000   360.00000     0.32872     0.00000     0.00000     0.00000
    38.00000    90.00000   360.00000     0.32874     0.00000     0.00000     0.00000
    38.10000    90.00000   360.00000     0.32877     0.00000     0.00000     0.00000
    38.20000    90.00000   360.00000     0.32879     0.00000     0.00000     0.00000
    38.30000    90.00000   360.00000     0.32881     0.00000     0.00000     0.00000
    38.40000    90.00000   360.00000     0.32884     0.00000     0.00000     0.00000
    38.50000    90.00000   360.00000     0.32886     0.00000     0.00000     0.00000
    38.60000    90.00000   360.00000     0.32888     0.00000     0.00000     0.00000
    38.70000    90.00000   360.00000     0.32890     0.00000     0.00000     0.00000
    38.80000    90.00000   360.00000     0.32893     0.00000     0.00000     0.00000
    38.90000    90.00000   360.00000     0.32895     0.00000     0.00000     0.00000
    39.00000    90.00000   360.00000     0.32897     0.00000     0.00000     0.00000
    39.10000    90.00000   360.00000     0.32900     0.00000     0.00000     0.00000
    39.20000    90.00000   360.00000     0.32902     0.00000     0.00000     0.00000
    39.30000    90.00000   360.00000     0.32904     0.00000     0.00000     0.00000
    39.40000    90.00000   360.00000     0.32906     0.00000     0.00000     0.00000
    39.50000    90.00000   360.00000     0.32909     0.00000     0.00000     0.00000
    39.60000    90.00000   360.00000     0.32911     0.00000     0.00000     0.00000
    39.70000    90.00000   360.00000     0.32913     0.00000     0.00000     0.00000
    39.80000    90.00000   360.00000     0.32916     0.00000     0.00000     0.00000
    39.90000    90.00000   360.00000     0.32918     0.00000     0.00000     0.00000
    40.00000    90.00000   360.00000     0.32920     0.00000     0.00000     0.00000
