  0.000000000000000E+000  8.915196353196974E-017  0.000000000000000E+000
  0.100000000000000       1.165347989188751E-002 -4.938232297090603E-004
  0.200000000000000       2.476271519780520E-002 -1.980552364289008E-003
  0.300000000000000       3.641371628713027E-002 -4.455962394305995E-003
  0.400000000000000       4.951826688209085E-002 -7.923010591620884E-003
  0.500000000000000       6.116341869420441E-002 -1.238088755819702E-002
  0.600000000000000       7.425949361164370E-002 -1.782977160718192E-002
  0.700000000000000       8.589542736401216E-002 -2.427170674329367E-002
  0.800000000000000       9.897923808926311E-002 -3.170480872118184E-002
  0.900000000000000       0.110602587666011      -4.013309079796553E-002
   1.00000000000000       0.123670349232269      -4.955363938203278E-002
   1.10000000000000       0.135277752157950      -5.997123516336170E-002
   1.20000000000000       0.148325684241212      -7.138328023197016E-002
   1.30000000000000       0.159913782653527      -8.379380902925694E-002
   1.40000000000000       0.172938110666187      -9.720218966494297E-002
   1.50000000000000       0.184503552287368      -0.111609892105373     
   1.60000000000000       0.197500508470152      -0.127020198141845     
   1.70000000000000       0.210481450987467      -0.143431326210321     
   1.80000000000000       0.222005772088661      -0.160848426572058     
   1.90000000000000       0.234953596008118      -0.179271534671106     
   2.00000000000000       0.247882369504279      -0.198701444279004     
   2.10000000000000       0.259357772179311      -0.219141574310706     
   2.20000000000000       0.272247702719256      -0.240595035358782     
   2.30000000000000       0.285115558968507      -0.263062066119095     
   2.40000000000000       0.297960297580154      -0.286545242689015     
   2.50000000000000       0.310780877081701      -0.311047221821693     
   2.60000000000000       0.323576257959516      -0.336570735129440     
   2.70000000000000       0.336345402743111      -0.363118583086655     
   2.80000000000000       0.349087276089261      -0.390693628839522     
   2.90000000000000       0.361800844865959      -0.419298791830007     
   3.00000000000000       0.374485078236175      -0.448937041241747     
   3.10000000000000       0.387138947741443      -0.479611389275746     
   3.20000000000000       0.399761427385250      -0.511324884263917     
   3.30000000000000       0.412351493716224      -0.544080603628641     
   3.40000000000000       0.426301199178606      -0.577885340618546     
   3.50000000000000       0.438819488371566      -0.612739431772884     
   3.60000000000000       0.452686924723190      -0.648647557650904     
   3.70000000000000       0.465128913226492      -0.685615288355152     
   3.80000000000000       0.478909069394075      -0.723645268229433     
   3.90000000000000       0.491270261227739      -0.762741974349093     
   4.00000000000000       0.504958157677165      -0.802912347877933     
   4.10000000000000       0.518595507495061      -0.844158829881783     
   4.20000000000000       0.532180945574071      -0.886486936499415     
   4.30000000000000       0.545713112003236      -0.929902152559802     
   4.40000000000000       0.559190652204120      -0.974409917479261     
   4.50000000000000       0.572612217066411       -1.02001561107531     
   4.60000000000000       0.585976463082962       -1.06672453931670     
   4.70000000000000       0.600609333980924       -1.11454533643614     
   4.80000000000000       0.613848862993412       -1.16348123958637     
   4.90000000000000       0.628341323174038       -1.21354106847905     
   5.00000000000000       0.642757677676852       -1.26472969669846     
   5.10000000000000       0.657096180370588       -1.31705525349588     
   5.20000000000000       0.671355094553510       -1.37052568411492     
   5.30000000000000       0.685532693163766       -1.42514872664707     
   5.40000000000000       0.699627258988574       -1.48093188904605     
   5.50000000000000       0.713637084872213       -1.53788242633592     
   5.60000000000000       0.728821892073000       -1.59601116211545     
   5.70000000000000       0.743901643691598       -1.65532520509863     
   5.80000000000000       0.758874166066510       -1.71583511172769     
   5.90000000000000       0.773737300992730       -1.77755101252473     
   6.00000000000000       0.788488906032842       -1.84048257870188     
   6.10000000000000       0.804341487315843       -1.90464001895320     
   6.20000000000000       0.818853927977014       -1.97003564794128     
   6.30000000000000       0.834442476348557       -2.03668086844779     
   6.40000000000000       0.851072201302201       -2.10458796425504     
   6.50000000000000       0.866364645524248       -2.17376996900691     
   6.60000000000000       0.882669451215987       -2.24423981975147     
   6.70000000000000       0.898801080982735       -2.31601185795312     
   6.80000000000000       0.914756369868571       -2.38910028492223     
   6.90000000000000       0.931652082114541       -2.46352276351258     
   7.00000000000000       0.948337963880105       -2.53929359594931     
   7.10000000000000       0.965900724576248       -2.61643177877937     
   7.20000000000000       0.983215969070595       -2.69495424870032     
   7.30000000000000        1.00027926025751       -2.77488039352142     
   7.40000000000000        1.01812805144156       -2.85623169125527     
   7.50000000000000        1.03670563453781       -2.93902959466076     
   7.60000000000000        1.05494699327024       -3.02329646772471     
   7.70000000000000        1.07383046356787       -3.10905721748492     
   7.80000000000000        1.09232589940759       -3.19633768982318     
   7.90000000000000        1.11230872634150       -3.28516691138124     
   8.00000000000000        1.13180054545814       -3.37557389048342     
   8.10000000000000        1.15168453765417       -3.46759083859367     
   8.20000000000000        1.17273949053371       -3.56125365525904     
   8.30000000000000        1.19395256095128       -3.65659889629250     
   8.40000000000000        1.21522161903537       -3.75366766640269     
   8.50000000000000        1.23797409788788       -3.85250519134373     
   8.60000000000000        1.26041427949581       -3.95315983408189     
   8.70000000000000        1.28447282296102       -4.05568591779169     
   8.80000000000000        1.30832608619984       -4.16014306356477     
   8.90000000000000        1.33400786198576       -4.26659846962409     
   9.00000000000000        1.35995251322182       -4.37512712245641     
   9.10000000000000        1.38737810538112       -4.48581483319610     
   9.20000000000000        1.41624220323729       -4.59876005901981     
   9.30000000000000        1.44650187647057       -4.71407763190345     
   9.40000000000000        1.45596205524794       -4.83127635928930     
   9.50000000000000        1.45596205524794       -4.94859231387908     
   9.60000000000000        1.45596205524794       -5.06590826846886     
   9.70000000000000        1.45596205524794       -5.18322422305863     
   9.80000000000000        1.45596205524794       -5.30054017764841     
   9.90000000000000        1.45596205524794       -5.41785613223819     
   10.0000000000000        1.45596205524794       -5.53517208682797     
   10.1000000000000        1.45596205524794       -5.65248804141775     
   10.2000000000000        1.45596205524794       -5.76980399600753     
   10.3000000000000        1.45596205524794       -5.88711995059730     
   10.4000000000000        1.45596205524794       -6.00443590518708     
   10.5000000000000        1.45596205524794       -6.12175185977686     
   10.6000000000000        1.45596205524794       -6.23906781436664     
   10.7000000000000        1.45596205524794       -6.35638376895641     
   10.8000000000000        1.45596205524794       -6.47369972354619     
   10.9000000000000        1.45596205524794       -6.59101567813597     
   11.0000000000000        1.45596205524794       -6.70833163272575     
   11.1000000000000        1.45596205524794       -6.82564758731553     
   11.2000000000000        1.45596205524794       -6.94296354190530     
   11.3000000000000        1.45596205524794       -7.06027949649508     
   11.4000000000000        1.45596205524794       -7.17759545108486     
   11.5000000000000        1.45596205524794       -7.29491140567464     
   11.6000000000000        1.45596205524794       -7.41222736026442     
   11.7000000000000        1.45596205524794       -7.52954331485419     
   11.8000000000000        1.45596205524794       -7.64685926944397     
   11.9000000000000        1.45596205524794       -7.76417522403375     
   12.0000000000000        1.45596205524794       -7.88149117862353     
   12.1000000000000        1.45596205524794       -7.99880713321330     
   12.2000000000000        1.45596205524794       -8.11612308780308     
   12.3000000000000        1.45596205524794       -8.23343904239286     
   12.4000000000000        1.45596205524794       -8.35075499698264     
   12.5000000000000        1.45596205524794       -8.46807095157242     
   12.6000000000000        1.45596205524794       -8.58538690616219     
   12.7000000000000        1.45596205524794       -8.70270286075197     
   12.8000000000000        1.45596205524794       -8.82001881534175     
   12.9000000000000        1.45596205524794       -8.93733476993153     
   13.0000000000000        1.45596205524794       -9.05465072452131     
   13.1000000000000        1.45596205524794       -9.17196667911108     
   13.2000000000000        1.45596205524794       -9.28928263370086     
   13.3000000000000        1.45596205524794       -9.40659858829064     
   13.4000000000000        1.45596205524794       -9.52391454288042     
   13.5000000000000        1.45596205524794       -9.64123049747020     
   13.6000000000000        1.45596205524794       -9.75854645205997     
   13.7000000000000        1.45596205524794       -9.87586240664976     
   13.8000000000000        1.45596205524794       -9.99317836123953     
   13.9000000000000        1.45596205524794       -10.1104943158293     
   14.0000000000000        1.45596205524794       -10.2278102704191     
   14.1000000000000        1.45596205524794       -10.3451262250089     
   14.2000000000000        1.45596205524794       -10.4624421795986     
   14.3000000000000        1.45596205524794       -10.5797581341884     
   14.4000000000000        1.45596205524794       -10.6970740887782     
   14.5000000000000        1.45596205524794       -10.8143900433680     
   14.6000000000000        1.45596205524794       -10.9317059979578     
   14.7000000000000        1.45596205524794       -11.0490219525475     
   14.8000000000000        1.45596205524794       -11.1663379071373     
   14.9000000000000        1.45596205524794       -11.2836538617271     
   15.0000000000000        1.45596205524794       -11.4009698163169     
   15.1000000000000        1.45596205524794       -11.5182857709066     
   15.2000000000000        1.45596205524794       -11.6356017254964     
   15.3000000000000        1.45596205524794       -11.7529176800862     
   15.4000000000000        1.45596205524794       -11.8702336346760     
   15.5000000000000        1.45596205524794       -11.9875495892658     
   15.6000000000000        1.45596205524794       -12.1048655438555     
   15.7000000000000        1.45596205524794       -12.2221814984453     
   15.8000000000000        1.45596205524794       -12.3394974530351     
   15.9000000000000        1.45596205524794       -12.4568134076249     
   16.0000000000000        1.45596205524794       -12.5741293622146     
   16.1000000000000        1.45596205524794       -12.6914453168044     
   16.2000000000000        1.45596205524794       -12.8087612713942     
   16.3000000000000        1.45596205524794       -12.9260772259840     
   16.4000000000000        1.45596205524794       -13.0433931805738     
   16.5000000000000        1.45596205524794       -13.1607091351635     
   16.6000000000000        1.45596205524794       -13.2780250897533     
   16.7000000000000        1.45596205524794       -13.3953410443431     
   16.8000000000000        1.45596205524794       -13.5126569989329     
   16.9000000000000        1.45596205524794       -13.6299729535227     
   17.0000000000000        1.45596205524794       -13.7472889081124     
   17.1000000000000        1.45596205524794       -13.8646048627022     
   17.2000000000000        1.45596205524794       -13.9819208172920     
   17.3000000000000        1.45596205524794       -14.0992367718818     
   17.4000000000000        1.45596205524794       -14.2165527264715     
   17.5000000000000        1.45596205524794       -14.3338686810613     
   17.6000000000000        1.45596205524794       -14.4511846356511     
   17.7000000000000        1.45596205524794       -14.5685005902409     
   17.8000000000000        1.45596205524794       -14.6858165448306     
   17.9000000000000        1.45596205524794       -14.8031324994204     
   18.0000000000000        1.45596205524794       -14.9204484540102     
   18.1000000000000        1.45596205524794       -15.0377644086000     
   18.2000000000000        1.45596205524794       -15.1550803631898     
   18.3000000000000        1.45596205524794       -15.2723963177795     
   18.4000000000000        1.45596205524794       -15.3897122723693     
   18.5000000000000        1.45596205524794       -15.5070282269591     
   18.6000000000000        1.45596205524794       -15.6243441815489     
   18.7000000000000        1.45596205524794       -15.7416601361387     
   18.8000000000000        1.45596205524794       -15.8589760907284     
   18.9000000000000        1.45596205524794       -15.9762920453182     
   19.0000000000000        1.45596205524794       -16.0936079999080     
   19.1000000000000        1.45596205524794       -16.2109239544978     
   19.2000000000000        1.45596205524794       -16.3282399090875     
   19.3000000000000        1.45596205524794       -16.4455558636773     
   19.4000000000000        1.45596205524794       -16.5628718182671     
   19.5000000000000        1.45596205524794       -16.6801877728569     
   19.6000000000000        1.45596205524794       -16.7975037274467     
   19.7000000000000        1.45596205524794       -16.9148196820364     
   19.8000000000000        1.45596205524794       -17.0321356366262     
   19.9000000000000        1.45596205524794       -17.1494515912160     
   20.0000000000000        1.45596205524794       -17.2667675458058     
   20.1000000000000        1.45596205524794       -17.3840835003955     
   20.2000000000000        1.45596205524794       -17.5013994549853     
   20.3000000000000        1.45596205524794       -17.6187154095751     
   20.4000000000000        1.45596205524794       -17.7360313641649     
   20.5000000000000        1.45596205524794       -17.8533473187547     
   20.6000000000000        1.45596205524794       -17.9706632733444     
   20.7000000000000        1.45596205524794       -18.0879792279342     
   20.8000000000000        1.45596205524794       -18.2052951825240     
   20.9000000000000        1.45596205524794       -18.3226111371138     
   21.0000000000000        1.45596205524794       -18.4399270917035     
   21.1000000000000        1.45596205524794       -18.5572430462933     
   21.2000000000000        1.45596205524794       -18.6745590008831     
   21.3000000000000        1.45596205524794       -18.7918749554729     
   21.4000000000000        1.45596205524794       -18.9091909100626     
   21.5000000000000        1.45596205524794       -19.0265068646524     
   21.6000000000000        1.45596205524794       -19.1438228192422     
   21.7000000000000        1.45596205524794       -19.2611387738320     
   21.8000000000000        1.45596205524794       -19.3784547284218     
   21.9000000000000        1.45596205524794       -19.4957706830115     
   22.0000000000000        1.45596205524794       -19.6130866376013     
   22.1000000000000        1.45596205524794       -19.7304025921911     
   22.2000000000000        1.45596205524794       -19.8477185467809     
   22.3000000000000        1.45596205524794       -19.9650345013707     
   22.4000000000000        1.45596205524794       -20.0823504559604     
   22.5000000000000        1.45596205524794       -20.1996664105502     
   22.6000000000000        1.45596205524794       -20.3169823651400     
   22.7000000000000        1.45596205524794       -20.4342983197298     
   22.8000000000000        1.45596205524794       -20.5516142743195     
   22.9000000000000        1.45596205524794       -20.6689302289093     
   23.0000000000000        1.45596205524794       -20.7862461834991     
   23.1000000000000        1.45596205524794       -20.9035621380889     
   23.2000000000000        1.45596205524794       -21.0208780926787     
   23.3000000000000        1.45596205524794       -21.1381940472684     
   23.4000000000000        1.45596205524794       -21.2555100018582     
   23.5000000000000        1.45596205524794       -21.3728259564480     
   23.6000000000000        1.45596205524794       -21.4901419110378     
   23.7000000000000        1.45596205524794       -21.6074578656275     
   23.8000000000000        1.45596205524794       -21.7247738202173     
   23.9000000000000        1.45596205524794       -21.8420897748071     
   24.0000000000000        1.45596205524794       -21.9594057293969     
   24.1000000000000        1.45596205524794       -22.0767216839867     
   24.2000000000000        1.45596205524794       -22.1940376385764     
   24.3000000000000        1.45596205524794       -22.3113535931662     
   24.4000000000000        1.45596205524794       -22.4286695477560     
   24.5000000000000        1.45596205524794       -22.5459855023458     
   24.6000000000000        1.45596205524794       -22.6633014569355     
   24.7000000000000        1.45596205524794       -22.7806174115253     
   24.8000000000000        1.45596205524794       -22.8979333661151     
   24.9000000000000        1.45596205524794       -23.0152493207049     
   25.0000000000000        1.45596205524794       -23.1325652752947     
   25.1000000000000        1.45596205524794       -23.2498812298844     
   25.2000000000000        1.45596205524794       -23.3671971844742     
   25.3000000000000        1.45596205524794       -23.4845131390640     
   25.4000000000000        1.45596205524794       -23.6018290936538     
   25.5000000000000        1.45596205524794       -23.7191450482435     
   25.6000000000000        1.45596205524794       -23.8364610028333     
   25.7000000000000        1.45596205524794       -23.9537769574231     
   25.8000000000000        1.45596205524794       -24.0710929120129     
   25.9000000000000        1.45596205524794       -24.1884088666027     
   26.0000000000000        1.45596205524794       -24.3057248211924     
   26.1000000000000        1.45596205524794       -24.4230407757822     
   26.2000000000000        1.45596205524794       -24.5403567303720     
   26.3000000000000        1.45596205524794       -24.6576726849618     
   26.4000000000000        1.45596205524794       -24.7749886395515     
   26.5000000000000        1.45596205524794       -24.8923045941413     
   26.6000000000000        1.45596205524794       -25.0096205487311     
   26.7000000000000        1.45596205524794       -25.1269365033209     
   26.8000000000000        1.45596205524794       -25.2442524579107     
   26.9000000000000        1.45596205524794       -25.3615684125004     
   27.0000000000000        1.45596205524794       -25.4788843670902     
   27.1000000000000        1.45596205524794       -25.5962003216800     
   27.2000000000000        1.45596205524794       -25.7135162762698     
   27.3000000000000        1.45596205524794       -25.8308322308596     
   27.4000000000000        1.45596205524794       -25.9481481854493     
   27.5000000000000        1.45596205524794       -26.0654641400391     
   27.6000000000000        1.45596205524794       -26.1827800946289     
   27.7000000000000        1.45596205524794       -26.3000960492187     
   27.8000000000000        1.45596205524794       -26.4174120038084     
   27.9000000000000        1.45596205524794       -26.5347279583982     
   28.0000000000000        1.45596205524794       -26.6520439129880     
   28.1000000000000        1.45596205524794       -26.7693598675778     
   28.2000000000000        1.45596205524794       -26.8866758221676     
   28.3000000000000        1.45596205524794       -27.0039917767573     
   28.4000000000000        1.45596205524794       -27.1213077313471     
   28.5000000000000        1.45596205524794       -27.2386236859369     
   28.6000000000000        1.45596205524794       -27.3559396405267     
   28.7000000000000        1.45596205524794       -27.4732555951164     
   28.8000000000000        1.45596205524794       -27.5905715497062     
   28.9000000000000        1.45596205524794       -27.7078875042960     
   29.0000000000000        1.45596205524794       -27.8252034588858     
   29.1000000000000        1.45596205524794       -27.9425194134756     
   29.2000000000000        1.45596205524794       -28.0598353680653     
   29.3000000000000        1.45596205524794       -28.1771513226551     
   29.4000000000000        1.45596205524794       -28.2944672772449     
   29.5000000000000        1.45596205524794       -28.4117832318347     
   29.6000000000000        1.45596205524794       -28.5290991864244     
   29.7000000000000        1.45596205524794       -28.6464151410142     
   29.8000000000000        1.45596205524794       -28.7637310956040     
   29.9000000000000        1.45596205524794       -28.8810470501938     
   30.0000000000000        1.45596205524794       -28.9983630047836     
   30.1000000000000        1.45596205524794       -29.1156789593733     
   30.2000000000000        1.45596205524794       -29.2329949139631     
   30.3000000000000        1.45596205524794       -29.3503108685529     
   30.4000000000000        1.45596205524794       -29.4676268231427     
   30.5000000000000        1.45596205524794       -29.5849427777324     
   30.6000000000000        1.45596205524794       -29.7022587323222     
   30.7000000000000        1.45596205524794       -29.8195746869120     
   30.8000000000000        1.45596205524794       -29.9368906415018     
   30.9000000000000        1.45596205524794       -30.0542065960916     
   31.0000000000000        1.45596205524794       -30.1715225506813     
   31.1000000000000        1.45596205524794       -30.2888385052711     
   31.2000000000000        1.45596205524794       -30.4061544598609     
   31.3000000000000        1.45596205524794       -30.5234704144507     
   31.4000000000000        1.45596205524794       -30.6407863690404     
   31.5000000000000        1.45596205524794       -30.7581023236302     
   31.6000000000000        1.45596205524794       -30.8754182782200     
   31.7000000000000        1.45596205524794       -30.9927342328098     
   31.8000000000000        1.45596205524794       -31.1100501873996     
   31.9000000000000        1.45596205524794       -31.2273661419893     
   32.0000000000000        1.45596205524794       -31.3446820965791     
   32.1000000000000        1.45596205524794       -31.4619980511689     
   32.2000000000000        1.45596205524794       -31.5793140057587     
   32.3000000000000        1.45596205524794       -31.6966299603484     
   32.4000000000000        1.45596205524794       -31.8139459149382     
   32.5000000000000        1.45596205524794       -31.9312618695280     
   32.6000000000000        1.45596205524794       -32.0485778241178     
   32.7000000000000        1.45596205524794       -32.1658937787076     
   32.8000000000000        1.45596205524794       -32.2832097332973     
   32.9000000000000        1.45596205524794       -32.4005256878871     
   33.0000000000000        1.45596205524794       -32.5178416424769     
   33.1000000000000        1.45596205524794       -32.6351575970667     
   33.2000000000000        1.45596205524794       -32.7524735516564     
   33.3000000000000        1.45596205524794       -32.8697895062462     
   33.4000000000000        1.45596205524794       -32.9871054608360     
   33.5000000000000        1.45596205524794       -33.1044214154258     
   33.6000000000000        1.45596205524794       -33.2217373700156     
   33.7000000000000        1.45596205524794       -33.3390533246053     
   33.8000000000000        1.45596205524794       -33.4563692791951     
   33.9000000000000        1.45596205524794       -33.5736852337849     
   34.0000000000000        1.45596205524794       -33.6910011883747     
   34.1000000000000        1.45596205524794       -33.8083171429644     
   34.2000000000000        1.45596205524794       -33.9256330975542     
   34.3000000000000        1.45596205524794       -34.0429490521440     
   34.4000000000000        1.45596205524794       -34.1602650067338     
   34.5000000000000        1.45596205524794       -34.2775809613236     
   34.6000000000000        1.45596205524794       -34.3948969159133     
   34.7000000000000        1.45596205524794       -34.5122128705031     
   34.8000000000000        1.45596205524794       -34.6295288250929     
   34.9000000000000        1.45596205524794       -34.7468447796827     
   35.0000000000000        1.45596205524794       -34.8641607342725     
   35.1000000000000        1.45596205524794       -34.9814766888622     
   35.2000000000000        1.45596205524794       -35.0987926434520     
   35.3000000000000        1.45596205524794       -35.2161085980418     
   35.4000000000000        1.45596205524794       -35.3334245526316     
   35.5000000000000        1.45596205524794       -35.4507405072213     
   35.6000000000000        1.45596205524794       -35.5680564618111     
   35.7000000000000        1.45596205524794       -35.6853724164009     
   35.8000000000000        1.45596205524794       -35.8026883709907     
   35.9000000000000        1.45596205524794       -35.9200043255805     
   36.0000000000000        1.45596205524794       -36.0373202801702     
   36.1000000000000        1.45596205524794       -36.1546362347600     
   36.2000000000000        1.45596205524794       -36.2719521893498     
   36.3000000000000        1.45596205524794       -36.3892681439396     
   36.4000000000000        1.45596205524794       -36.5065840985293     
   36.5000000000000        1.45596205524794       -36.6239000531191     
   36.6000000000000        1.45596205524794       -36.7412160077089     
   36.7000000000000        1.45596205524794       -36.8585319622987     
   36.8000000000000        1.45596205524794       -36.9758479168885     
   36.9000000000000        1.45596205524794       -37.0931638714782     
   37.0000000000000        1.45596205524794       -37.2104798260680     
   37.1000000000000        1.45596205524794       -37.3277957806578     
   37.2000000000000        1.45596205524794       -37.4451117352476     
   37.3000000000000        1.45596205524794       -37.5624276898373     
   37.4000000000000        1.45596205524794       -37.6797436444271     
   37.5000000000000        1.45596205524794       -37.7970595990169     
   37.6000000000000        1.45596205524794       -37.9143755536067     
   37.7000000000000        1.45596205524794       -38.0316915081965     
   37.8000000000000        1.45596205524794       -38.1490074627862     
   37.9000000000000        1.45596205524794       -38.2663234173760     
   38.0000000000000        1.45596205524794       -38.3836393719658     
   38.1000000000000        1.45596205524794       -38.5009553265556     
   38.2000000000000        1.45596205524794       -38.6182712811453     
   38.3000000000000        1.45596205524794       -38.7355872357351     
   38.4000000000000        1.45596205524794       -38.8529031903249     
   38.5000000000000        1.45596205524794       -38.9702191449147     
   38.6000000000000        1.45596205524794       -39.0875350995045     
   38.7000000000000        1.45596205524794       -39.2048510540942     
   38.8000000000000        1.45596205524794       -39.3221670086840     
   38.9000000000000        1.45596205524794       -39.4394829632738     
   39.0000000000000        1.45596205524794       -39.5567989178636     
   39.1000000000000        1.45596205524794       -39.6741148724534     
   39.2000000000000        1.45596205524794       -39.7914308270431     
   39.3000000000000        1.45596205524794       -39.9087467816329     
   39.4000000000000        1.45596205524794       -40.0260627362227     
   39.5000000000000        1.45596205524794       -40.1433786908125     
   39.6000000000000        1.45596205524794       -40.2606946454022     
   39.7000000000000        1.45596205524794       -40.3780105999920     
   39.8000000000000        1.45596205524794       -40.4953265545818     
   39.9000000000000        1.45596205524794       -40.6126425091716     
   40.0000000000000        1.45596205524794       -40.7299584637613     
