  0.000000000000000E+000  8.374507530083742E-017  -13.0185397089049     
  0.100000000000000       5.473403656777361E-003  -12.9099340309925     
  0.200000000000000       1.094671965035222E-002  -12.8017869839181     
  0.300000000000000       1.778810781892017E-002  -12.6941029844197     
  0.400000000000000       2.326090606125263E-002  -12.5868789624111     
  0.500000000000000       2.873333175194559E-002  -12.4801135586115     
  0.600000000000000       3.420529724345905E-002  -12.3738067635988     
  0.700000000000000       4.104447343925249E-002  -12.2679603648929     
  0.800000000000000       4.651508306174969E-002  -12.1625765586578     
  0.900000000000000       5.198494768874106E-002  -12.0576513290976     
   1.00000000000000       5.745397971370542E-002  -11.9531846584765     
   1.10000000000000       6.292209154345858E-002  -11.8491765266766     
   1.20000000000000       6.975580388736002E-002  -11.7456321484817     
   1.30000000000000       7.522152509391278E-002  -11.6425469060139     
   1.40000000000000       8.068604153645259E-002  -11.5399201444053     
   1.50000000000000       8.614926569411568E-002  -11.4377518350625     
   1.60000000000000       9.297634531663940E-002  -11.3360451422500     
   1.70000000000000       9.843634194465237E-002  -11.2347996101749     
   1.80000000000000       0.103894761995187       -11.1340124519600     
   1.90000000000000       0.109351518045020       -11.0336836303408     
   2.00000000000000       0.116169989965766       -10.9338146983239     
   2.10000000000000       0.121622682513179       -10.8344085070338     
   2.20000000000000       0.127073427125731       -10.7354605527490     
   2.30000000000000       0.132522136503130       -10.6369707892789     
   2.40000000000000       0.139330028231786       -10.5389397069141     
   2.50000000000000       0.144773839309511       -10.4413723894650     
   2.60000000000000       0.150215331658501       -10.3442631411226     
   2.70000000000000       0.155654418126652       -10.2476119064573     
   2.80000000000000       0.162449760233614       -10.1514198767607     
   2.90000000000000       0.167883115021847       -10.0556908612229     
   3.00000000000000       0.173313780958249       -9.96041971434506     
   3.10000000000000       0.178741671064115       -9.86560637108780     
   3.20000000000000       0.185522497750209       -9.77125127051431     
   3.30000000000000       0.190943824454009       -9.67735987956451     
   3.40000000000000       0.196362092960731       -9.58392612272985     
   3.50000000000000       0.201777216490228       -9.49094992493185     
   3.60000000000000       0.208541566155393       -9.39843294695126     
   3.70000000000000       0.213949296459379       -9.30637838436637     
   3.80000000000000       0.219353600105733       -9.21478118525080     
   3.90000000000000       0.224754390537972       -9.12364126400010     
   4.00000000000000       0.231500306348724       -9.03296247044903     
   4.10000000000000       0.236892875870766       -8.94274381426735     
   4.20000000000000       0.242281651265906       -8.85298221262677     
   4.30000000000000       0.249012153540270       -8.76367649810229     
   4.40000000000000       0.254392076681882       -8.67483588412943     
   4.50000000000000       0.259767925425656       -8.58645208026274     
   4.60000000000000       0.265139613670849       -8.49852498136171     
   4.70000000000000       0.271848242215082       -8.41105868326503     
   4.80000000000000       0.277210254880010       -8.32405209559771     
   4.90000000000000       0.282567827686284       -8.23750193718630     
   5.00000000000000       0.289258419426602       -8.15141004884514     
   5.10000000000000       0.294605688925845       -8.06578004166096     
   5.20000000000000       0.299948239957445       -7.98060616397694     
   5.30000000000000       0.306619663052484       -7.89588879974747     
   5.40000000000000       0.311951284793288       -7.81163573991242     
   5.50000000000000       0.317277910255680       -7.72783741612723     
   5.60000000000000       0.322599454127290       -7.64449476009490     
   5.70000000000000       0.329244108143548       -7.56161565405898     
   5.80000000000000       0.334553906936314       -7.47919209739476     
   5.90000000000000       0.341183610378598       -7.39722402342957     
   6.00000000000000       0.346481233565314       -7.31571929885786     
   6.10000000000000       0.351773307434585       -7.23466964592921     
   6.20000000000000       0.358380466927069       -7.15407627950472     
   6.30000000000000       0.363659745069642       -7.07394386408991     
   6.40000000000000       0.368933198760059       -6.99426717816589     
   6.50000000000000       0.375516696575537       -6.91504851149223     
   6.60000000000000       0.380776736583251       -6.83628954431659     
   6.70000000000000       0.386030677989415       -6.75798479581637     
   6.80000000000000       0.392589400403507       -6.68014076011754     
   6.90000000000000       0.397829312440141       -6.60275309192013     
   7.00000000000000       0.404370232430652       -6.52582061810581     
   7.10000000000000       0.409595690237086       -6.44935066262876     
   7.20000000000000       0.414814587871453       -6.37333311382428     
   7.30000000000000       0.421328857343019       -6.29777518731008     
   7.40000000000000       0.426532689137578       -6.22267359149605     
   7.50000000000000       0.433027862413490       -6.14802739109903     
   7.60000000000000       0.438216206433015       -6.07384129232782     
   7.70000000000000       0.443397531888172       -6.00010774028998     
   7.80000000000000       0.449864192439000       -5.92683481736849     
   7.90000000000000       0.455029422883041       -5.85401591597774     
   8.00000000000000       0.461475702717706       -5.78165579158701     
   8.10000000000000       0.466624419345265       -5.70975100244786     
   8.20000000000000       0.473049795788817       -5.63830270266874     
   8.30000000000000       0.478181581133497       -5.56731146023544     
   8.40000000000000       0.484585533205864       -5.49677599539524     
   8.50000000000000       0.489699971174085       -5.42669769371496     
   8.60000000000000       0.496081979632318       -5.35707309915670     
   8.70000000000000       0.501178655537054       -5.28790710789676     
   8.80000000000000       0.507538202917431       -5.21919434800505     
   8.90000000000000       0.512616703511831       -5.15093999297106     
   9.00000000000000       0.518953274171809       -5.08313803497116     
   9.10000000000000       0.524013187682708       -5.01579460857544     
   9.20000000000000       0.530326267842736       -4.94890533222495     
   9.30000000000000       0.535367184004038       -4.88247207240582     
   9.40000000000000       0.541656261789212       -4.81649436950086     
   9.50000000000000       0.546677771875160       -4.75097142023815     
   9.60000000000000       0.552942337356727       -4.68590512391658     
   9.70000000000000       0.559193065282143       -4.62128981741423     
   9.80000000000000       0.564183579451747       -4.55713466707310     
   9.90000000000000       0.570409005816679       -4.49343067196966     
   10.0000000000000       0.575379076615906       -4.43018281540786     
   10.1000000000000       0.581578696652564       -4.36738893551570     
   10.2000000000000       0.586527921099915       -4.30504741303584     
   10.3000000000000       0.592701232132928       -4.24316521894834     
   10.4000000000000       0.598859710630924       -4.18173438874138     
   10.5000000000000       0.603775710424334       -4.12075809804568     
   10.6000000000000       0.609907102234185       -4.06023766261998     
   10.7000000000000       0.616023230926700       -4.00016874411556     
   10.8000000000000       0.620905041568292       -3.94055380014392     
   10.9000000000000       0.626993311202452       -3.88139483073355     
   11.0000000000000       0.633065890131516       -3.82268657685427     
   11.1000000000000       0.637912553831176       -3.76443162952558     
   11.2000000000000       0.643956506797501       -3.70663365049954     
   11.3000000000000       0.649984344549417       -3.64928731804507     
   11.4000000000000       0.655995916238387       -3.59239358209742     
   11.5000000000000       0.660793360913796       -3.53595305361831     
   11.6000000000000       0.666775274852894       -3.47996697125255     
   11.7000000000000       0.672740502530725       -3.42443256369395     
   11.8000000000000       0.678688894665589       -3.36934902386058     
   11.9000000000000       0.683435386734112       -3.31471838156061     
   12.0000000000000       0.689353100048960       -3.26054312619866     
   12.1000000000000       0.695253562085356       -3.20681943680065     
   12.2000000000000       0.701136625182377       -3.15354815822730     
   12.3000000000000       0.707002142114517       -3.10072763930233     
   12.4000000000000       0.712849966095368       -3.04835871498122     
   12.5000000000000       0.718679950781291       -2.99644137453046     
   12.6000000000000       0.723330996179668       -2.94497697614206     
   12.7000000000000       0.729128502776106       -2.89396470577166     
   12.8000000000000       0.734907762702110       -2.84340364099916     
   12.9000000000000       0.740668631329879       -2.79329372651890     
   13.0000000000000       0.746410964491862       -2.74363567820780     
   13.1000000000000       0.752134618484362       -2.69442784030403     
   13.2000000000000       0.757839450071136       -2.64567091409884     
   13.3000000000000       0.763525316486976       -2.59736400709500     
   13.4000000000000       0.769192075441285       -2.54950858701371     
   13.5000000000000       0.774839585121635       -2.50210372397378     
   13.6000000000000       0.780467704197316       -2.45515002842292     
   13.7000000000000       0.786076291822878       -2.40864581808047     
   13.8000000000000       0.791665207641647       -2.36259168508812     
   13.9000000000000       0.797234311789245       -2.31698744015200     
   14.0000000000000       0.802783464897087       -2.27183213038190     
   14.1000000000000       0.808312528095869       -2.22712704308112     
   14.2000000000000       0.813821363019041       -2.18287118292937     
   14.3000000000000       0.820405069531544       -2.13906733443031     
   14.4000000000000       0.825868917697875       -2.09571189142605     
   14.5000000000000       0.831312098234419       -2.05280513761533     
   14.6000000000000       0.836734474923867       -2.01034605288221     
   14.7000000000000       0.842135912069534       -1.96833575623844     
   14.8000000000000       0.848589806160524       -1.92677563318209     
   14.9000000000000       0.853944701244910       -1.88566530116242     
   15.0000000000000       0.859278226094182       -1.84500152380866     
   15.1000000000000       0.864590247235201       -1.80478459312542     
   15.2000000000000       0.870936100575126       -1.76501846499419     
   15.3000000000000       0.876200346389394       -1.72569932270420     
   15.4000000000000       0.882488485921710       -1.68682650369192     
   15.5000000000000       0.887704318795590       -1.64840507911570     
   15.6000000000000       0.892897936589293       -1.61042805043512     
   15.7000000000000       0.899100771074769       -1.57289905281738     
   15.8000000000000       0.904245058978491       -1.53581738411092     
   15.9000000000000       0.910388322870914       -1.49918265940493     
   16.0000000000000       0.915482657800507       -1.46299575539958     
   16.1000000000000       0.921565607018206       -1.42725480901519     
   16.2000000000000       0.926609371939906       -1.39196001530552     
   16.3000000000000       0.932631269706615       -1.35711219273366     
   16.4000000000000       0.938619558780728       -1.32270904479603     
   16.5000000000000       0.943583970645873       -1.28875530700097     
   16.6000000000000       0.949510084191242       -1.25524573097710     
   16.7000000000000       0.955401980791960       -1.22218006748111     
   16.8000000000000       0.960285603464357       -1.18956258725289     
   16.9000000000000       0.966114218445102       -1.15739033212543     
   17.0000000000000       0.971908018127632       -1.12566322800717     
   17.1000000000000       0.977666793724145       -1.09438027843685     
   17.2000000000000       0.983390337708982       -1.06354156343292     
   17.3000000000000       0.988132895817767       -1.03314924463184     
   17.4000000000000       0.993791313742877       -1.00320213718206     
   17.5000000000000       0.999413918986328      -0.973698745818996     
   17.6000000000000        1.00500050892955      -0.944639496664132     
   17.7000000000000        1.01055088225185      -0.916023710939413     
   17.8000000000000        1.01606483893762      -0.887852218367995     
   17.9000000000000        1.02245149680438      -0.860124956087103     
   18.0000000000000        1.02788587087585      -0.832841882008105     
   18.1000000000000        1.03328320361987      -0.806001552478237     
   18.2000000000000        1.03864330053588      -0.779604522506319     
   18.3000000000000        1.04396596846517      -0.753650262639770     
   18.4000000000000        1.05012818581634      -0.728139445572983     
   18.5000000000000        1.05536910140229      -0.703071128113389     
   18.6000000000000        1.06057198526353      -0.678444167424914     
   18.7000000000000        1.06659369850144      -0.654262421876481     
   18.8000000000000        1.07171353892408      -0.630520205124524     
   18.9000000000000        1.07763786090766      -0.607221694526060     
   19.0000000000000        1.08350932527236      -0.584364169799454     
   19.1000000000000        1.08849972028996      -0.561948777115669     
   19.2000000000000        1.09427225841916      -0.539974710185692     
   19.3000000000000        1.09999112302027      -0.518441783458257     
   19.4000000000000        1.10565603358573      -0.497350156201672     
   19.5000000000000        1.11126671225442      -0.476699143515414     
   19.6000000000000        1.11682288382523      -0.456488742240113     
   19.7000000000000        1.12232427577063      -0.436719940186847     
   19.8000000000000        1.12777061824999      -0.417391349143414     
   19.9000000000000        1.13316164412281      -0.398502607431636     
   20.0000000000000        1.13849708896189      -0.380053935916363     
   20.1000000000000        1.14377669106621      -0.362044659075941     
   20.2000000000000        1.14974181111358      -0.344475906865968     
   20.3000000000000        1.15490088173068      -0.327345785648793     
   20.4000000000000        1.16072758372693      -0.310656157401550     
   20.5000000000000        1.16647992417725      -0.294403959232205     
   20.6000000000000        1.17145193254142      -0.278591624675640     
   20.7000000000000        1.17706385557595      -0.263218513626736     
   20.8000000000000        1.18260037048787      -0.248283098795470     
   20.9000000000000        1.18806112258258      -0.233786426352849     
   21.0000000000000        1.19344576201919      -0.219727297736095     
   21.1000000000000        1.19941207364264      -0.206106733772228     
   21.2000000000000        1.20463383438971      -0.192924084606846     
   21.3000000000000        1.21041605125749      -0.180178274953274     
   21.4000000000000        1.21547342273133      -0.167869905666756     
   21.5000000000000        1.22106987212749      -0.155999553366289     
   21.6000000000000        1.22656731517376      -0.144565419635691     
   21.7000000000000        1.23196530612841      -0.133568225510484     
   21.8000000000000        1.23784590044913      -0.123007720582576     
   21.9000000000000        1.24303250952743      -0.112883749843373     
   22.0000000000000        1.24867718339956      -0.103195710599053     
   22.1000000000000        1.25419686389447      -9.394386148265362E-002
   22.2000000000000        1.25959099848864      -8.512748791694411E-002
   22.3000000000000        1.26485904722576      -7.674666167906603E-002
   22.4000000000000        1.27050764267527      -6.880160367669667E-002
   22.5000000000000        1.27600235226411      -6.129170608445399E-002
   22.6000000000000        1.28134251046451      -5.421634058178418E-002
   22.7000000000000        1.28699111283783      -4.757631107098730E-002
   22.8000000000000        1.29245420267085      -4.137046794084662E-002
   22.9000000000000        1.29773099248985      -3.559912343617796E-002
   23.0000000000000        1.30323639887315      -3.026202472581108E-002
   23.1000000000000        1.30891871403792      -2.535860941560456E-002
   23.2000000000000        1.31434422501770      -2.088920861094910E-002
   23.3000000000000        1.31951186735071      -1.685333161827631E-002
   23.4000000000000        1.32510068851151      -1.325095589856223E-002
   23.5000000000000        1.33066671987515      -1.008139425808866E-002
   23.6000000000000        1.33584780762652      -7.344863212406537E-003
   23.7000000000000        1.34144834550242      -5.041269271558329E-003
   23.8000000000000        1.34675081278910      -3.169951193354494E-003
   23.9000000000000        1.35228795843544      -1.731143941552377E-003
   24.0000000000000        1.35765098324620      -7.242564615884473E-004
   24.1000000000000        1.36317216290155      -1.493515671948046E-004
   24.2000000000000        1.36766086938935       0.000000000000000E+000
   24.3000000000000        1.36766086938935       0.000000000000000E+000
   24.4000000000000        1.36766086938935       0.000000000000000E+000
   24.5000000000000        1.36766086938935       0.000000000000000E+000
   24.6000000000000        1.36766086938935       0.000000000000000E+000
   24.7000000000000        1.36766086938935       0.000000000000000E+000
   24.8000000000000        1.36766086938935       0.000000000000000E+000
   24.9000000000000        1.36766086938935       0.000000000000000E+000
   25.0000000000000        1.36766086938935       0.000000000000000E+000
   25.1000000000000        1.36766086938935       0.000000000000000E+000
   25.2000000000000        1.36766086938935       0.000000000000000E+000
   25.3000000000000        1.36766086938935       0.000000000000000E+000
   25.4000000000000        1.36766086938935       0.000000000000000E+000
   25.5000000000000        1.36766086938935       0.000000000000000E+000
   25.6000000000000        1.36766086938935       0.000000000000000E+000
   25.7000000000000        1.36766086938935       0.000000000000000E+000
   25.8000000000000        1.36766086938935       0.000000000000000E+000
   25.9000000000000        1.36766086938935       0.000000000000000E+000
   26.0000000000000        1.36766086938935       0.000000000000000E+000
   26.1000000000000        1.36766086938935       0.000000000000000E+000
   26.2000000000000        1.36766086938935       0.000000000000000E+000
   26.3000000000000        1.36766086938935       0.000000000000000E+000
   26.4000000000000        1.36766086938935       0.000000000000000E+000
   26.5000000000000        1.36766086938935       0.000000000000000E+000
   26.6000000000000        1.36766086938935       0.000000000000000E+000
   26.7000000000000        1.36766086938935       0.000000000000000E+000
   26.8000000000000        1.36766086938935       0.000000000000000E+000
   26.9000000000000        1.36766086938935       0.000000000000000E+000
   27.0000000000000        1.36766086938935       0.000000000000000E+000
   27.1000000000000        1.36766086938935       0.000000000000000E+000
   27.2000000000000        1.36766086938935       0.000000000000000E+000
   27.3000000000000        1.36766086938935       0.000000000000000E+000
   27.4000000000000        1.36766086938935       0.000000000000000E+000
   27.5000000000000        1.36766086938935       0.000000000000000E+000
   27.6000000000000        1.36766086938935       0.000000000000000E+000
   27.7000000000000        1.36766086938935       0.000000000000000E+000
   27.8000000000000        1.36766086938935       0.000000000000000E+000
   27.9000000000000        1.36766086938935       0.000000000000000E+000
   28.0000000000000        1.36766086938935       0.000000000000000E+000
   28.1000000000000        1.36766086938935       0.000000000000000E+000
   28.2000000000000        1.36766086938935       0.000000000000000E+000
   28.3000000000000        1.36766086938935       0.000000000000000E+000
   28.4000000000000        1.36766086938935       0.000000000000000E+000
   28.5000000000000        1.36766086938935       0.000000000000000E+000
   28.6000000000000        1.36766086938935       0.000000000000000E+000
   28.7000000000000        1.36766086938935       0.000000000000000E+000
   28.8000000000000        1.36766086938935       0.000000000000000E+000
   28.9000000000000        1.36766086938935       0.000000000000000E+000
   29.0000000000000        1.36766086938935       0.000000000000000E+000
   29.1000000000000        1.36766086938935       0.000000000000000E+000
   29.2000000000000        1.36766086938935       0.000000000000000E+000
   29.3000000000000        1.36766086938935       0.000000000000000E+000
   29.4000000000000        1.36766086938935       0.000000000000000E+000
   29.5000000000000        1.36766086938935       0.000000000000000E+000
   29.6000000000000        1.36766086938935       0.000000000000000E+000
   29.7000000000000        1.36766086938935       0.000000000000000E+000
   29.8000000000000        1.36766086938935       0.000000000000000E+000
   29.9000000000000        1.36766086938935       0.000000000000000E+000
   30.0000000000000        1.36766086938935       0.000000000000000E+000
   30.1000000000000        1.36766086938935       0.000000000000000E+000
   30.2000000000000        1.36766086938935       0.000000000000000E+000
   30.3000000000000        1.36766086938935       0.000000000000000E+000
   30.4000000000000        1.36766086938935       0.000000000000000E+000
   30.5000000000000        1.36766086938935       0.000000000000000E+000
   30.6000000000000        1.36766086938935       0.000000000000000E+000
   30.7000000000000        1.36766086938935       0.000000000000000E+000
   30.8000000000000        1.36766086938935       0.000000000000000E+000
   30.9000000000000        1.36766086938935       0.000000000000000E+000
   31.0000000000000        1.36766086938935       0.000000000000000E+000
   31.1000000000000        1.36766086938935       0.000000000000000E+000
   31.2000000000000        1.36766086938935       0.000000000000000E+000
   31.3000000000000        1.36766086938935       0.000000000000000E+000
   31.4000000000000        1.36766086938935       0.000000000000000E+000
   31.5000000000000        1.36766086938935       0.000000000000000E+000
   31.6000000000000        1.36766086938935       0.000000000000000E+000
   31.7000000000000        1.36766086938935       0.000000000000000E+000
   31.8000000000000        1.36766086938935       0.000000000000000E+000
   31.9000000000000        1.36766086938935       0.000000000000000E+000
   32.0000000000000        1.36766086938935       0.000000000000000E+000
   32.1000000000000        1.36766086938935       0.000000000000000E+000
   32.2000000000000        1.36766086938935       0.000000000000000E+000
   32.3000000000000        1.36766086938935       0.000000000000000E+000
   32.4000000000000        1.36766086938935       0.000000000000000E+000
   32.5000000000000        1.36766086938935       0.000000000000000E+000
   32.6000000000000        1.36766086938935       0.000000000000000E+000
   32.7000000000000        1.36766086938935       0.000000000000000E+000
   32.8000000000000        1.36766086938935       0.000000000000000E+000
   32.9000000000000        1.36766086938935       0.000000000000000E+000
   33.0000000000000        1.36766086938935       0.000000000000000E+000
   33.1000000000000        1.36766086938935       0.000000000000000E+000
   33.2000000000000        1.36766086938935       0.000000000000000E+000
   33.3000000000000        1.36766086938935       0.000000000000000E+000
   33.4000000000000        1.36766086938935       0.000000000000000E+000
   33.5000000000000        1.36766086938935       0.000000000000000E+000
   33.6000000000000        1.36766086938935       0.000000000000000E+000
   33.7000000000000        1.36766086938935       0.000000000000000E+000
   33.8000000000000        1.36766086938935       0.000000000000000E+000
   33.9000000000000        1.36766086938935       0.000000000000000E+000
   34.0000000000000        1.36766086938935       0.000000000000000E+000
   34.1000000000000        1.36766086938935       0.000000000000000E+000
   34.2000000000000        1.36766086938935       0.000000000000000E+000
   34.3000000000000        1.36766086938935       0.000000000000000E+000
   34.4000000000000        1.36766086938935       0.000000000000000E+000
   34.5000000000000        1.36766086938935       0.000000000000000E+000
   34.6000000000000        1.36766086938935       0.000000000000000E+000
   34.7000000000000        1.36766086938935       0.000000000000000E+000
   34.8000000000000        1.36766086938935       0.000000000000000E+000
   34.9000000000000        1.36766086938935       0.000000000000000E+000
   35.0000000000000        1.36766086938935       0.000000000000000E+000
   35.1000000000000        1.36766086938935       0.000000000000000E+000
   35.2000000000000        1.36766086938935       0.000000000000000E+000
   35.3000000000000        1.36766086938935       0.000000000000000E+000
   35.4000000000000        1.36766086938935       0.000000000000000E+000
   35.5000000000000        1.36766086938935       0.000000000000000E+000
   35.6000000000000        1.36766086938935       0.000000000000000E+000
   35.7000000000000        1.36766086938935       0.000000000000000E+000
   35.8000000000000        1.36766086938935       0.000000000000000E+000
   35.9000000000000        1.36766086938935       0.000000000000000E+000
   36.0000000000000        1.36766086938935       0.000000000000000E+000
   36.1000000000000        1.36766086938935       0.000000000000000E+000
   36.2000000000000        1.36766086938935       0.000000000000000E+000
   36.3000000000000        1.36766086938935       0.000000000000000E+000
   36.4000000000000        1.36766086938935       0.000000000000000E+000
   36.5000000000000        1.36766086938935       0.000000000000000E+000
   36.6000000000000        1.36766086938935       0.000000000000000E+000
   36.7000000000000        1.36766086938935       0.000000000000000E+000
   36.8000000000000        1.36766086938935       0.000000000000000E+000
   36.9000000000000        1.36766086938935       0.000000000000000E+000
   37.0000000000000        1.36766086938935       0.000000000000000E+000
   37.1000000000000        1.36766086938935       0.000000000000000E+000
   37.2000000000000        1.36766086938935       0.000000000000000E+000
   37.3000000000000        1.36766086938935       0.000000000000000E+000
   37.4000000000000        1.36766086938935       0.000000000000000E+000
   37.5000000000000        1.36766086938935       0.000000000000000E+000
   37.6000000000000        1.36766086938935       0.000000000000000E+000
   37.7000000000000        1.36766086938935       0.000000000000000E+000
   37.8000000000000        1.36766086938935       0.000000000000000E+000
   37.9000000000000        1.36766086938935       0.000000000000000E+000
   38.0000000000000        1.36766086938935       0.000000000000000E+000
   38.1000000000000        1.36766086938935       0.000000000000000E+000
   38.2000000000000        1.36766086938935       0.000000000000000E+000
   38.3000000000000        1.36766086938935       0.000000000000000E+000
   38.4000000000000        1.36766086938935       0.000000000000000E+000
   38.5000000000000        1.36766086938935       0.000000000000000E+000
   38.6000000000000        1.36766086938935       0.000000000000000E+000
   38.7000000000000        1.36766086938935       0.000000000000000E+000
   38.8000000000000        1.36766086938935       0.000000000000000E+000
   38.9000000000000        1.36766086938935       0.000000000000000E+000
   39.0000000000000        1.36766086938935       0.000000000000000E+000
   39.1000000000000        1.36766086938935       0.000000000000000E+000
   39.2000000000000        1.36766086938935       0.000000000000000E+000
   39.3000000000000        1.36766086938935       0.000000000000000E+000
   39.4000000000000        1.36766086938935       0.000000000000000E+000
   39.5000000000000        1.36766086938935       0.000000000000000E+000
   39.6000000000000        1.36766086938935       0.000000000000000E+000
   39.7000000000000        1.36766086938935       0.000000000000000E+000
   39.8000000000000        1.36766086938935       0.000000000000000E+000
   39.9000000000000        1.36766086938935       0.000000000000000E+000
   40.0000000000000        1.36766086938935       0.000000000000000E+000
