 # applied field (T), theta (degree), phi (degree), abs
     0.00000     0.00000     0.00000    35.80535
     0.10000     0.40127     0.00000    35.80535
     0.20000     0.80255     0.00000    35.80535
     0.30000     1.20382     0.00000    35.80535
     0.40000     1.66242     0.00000    35.80535
     0.50000     2.06369     0.00000    35.80535
     0.60000     2.46497     0.00000    35.80535
     0.70000     2.86624     0.00000    35.80535
     0.80000     3.26752     0.00000    35.80535
     0.90000     3.66879     0.00000    35.80535
