 # applied field (T), theta (degree), phi (degree), abs for RE 1-2
     0.00000     0.00000     0.00000     3.45591     0.00000     0.00000     3.45591
     0.10000     0.00000     0.00000     3.45602     0.00000     0.00000     3.45602
     0.20000     0.00000     0.00000     3.45613     0.00000     0.00000     3.45613
     0.30000     0.00000     0.00000     3.45624     0.00000     0.00000     3.45624
     0.40000     0.00000     0.00000     3.45635     0.00000     0.00000     3.45635
     0.50000     0.00000     0.00000     3.45646     0.00000     0.00000     3.45646
     0.60000     0.00000     0.00000     3.45657     0.00000     0.00000     3.45657
     0.70000     0.00000     0.00000     3.45668     0.00000     0.00000     3.45668
     0.80000     0.00000     0.00000     3.45679     0.00000     0.00000     3.45679
     0.90000     0.00000     0.00000     3.45691     0.00000     0.00000     3.45691
     1.00000     0.00000     0.00000     3.45702     0.00000     0.00000     3.45702
     1.10000     0.00000     0.00000     3.45713     0.00000     0.00000     3.45713
     1.20000     0.00000     0.00000     3.45724     0.00000     0.00000     3.45724
     1.30000     0.00000     0.00000     3.45735     0.00000     0.00000     3.45735
     1.40000     0.00000     0.00000     3.45746     0.00000     0.00000     3.45746
     1.50000     0.00000     0.00000     3.45757     0.00000     0.00000     3.45757
     1.60000     0.00000     0.00000     3.45768     0.00000     0.00000     3.45768
     1.70000     0.00000     0.00000     3.45779     0.00000     0.00000     3.45779
     1.80000     0.00000     0.00000     3.45790     0.00000     0.00000     3.45790
     1.90000     0.00000     0.00000     3.45801     0.00000     0.00000     3.45801
     2.00000     0.00000     0.00000     3.45812     0.00000     0.00000     3.45812
     2.10000     0.00000     0.00000     3.45823     0.00000     0.00000     3.45823
     2.20000     0.00000     0.00000     3.45834     0.00000     0.00000     3.45834
     2.30000     0.00000     0.00000     3.45845     0.00000     0.00000     3.45845
     2.40000     0.00000     0.00000     3.45856     0.00000     0.00000     3.45856
     2.50000     0.00000     0.00000     3.45867     0.00000     0.00000     3.45867
     2.60000     0.00000     0.00000     3.45878     0.00000     0.00000     3.45878
     2.70000     0.00000     0.00000     3.45889     0.00000     0.00000     3.45889
     2.80000     0.00000     0.00000     3.45900     0.00000     0.00000     3.45900
     2.90000     0.00000     0.00000     3.45912     0.00000     0.00000     3.45912
     3.00000     0.00000     0.00000     3.45923     0.00000     0.00000     3.45923
     3.10000     0.00000     0.00000     3.45934     0.00000     0.00000     3.45934
     3.20000     0.00000     0.00000     3.45945     0.00000     0.00000     3.45945
     3.30000     0.00000     0.00000     3.45956     0.00000     0.00000     3.45956
     3.40000     0.00000     0.00000     3.45967     0.00000     0.00000     3.45967
     3.50000     0.00000     0.00000     3.45978     0.00000     0.00000     3.45978
     3.60000     0.00000     0.00000     3.45989     0.00000     0.00000     3.45989
     3.70000     0.00000     0.00000     3.46000     0.00000     0.00000     3.46000
     3.80000     0.00000     0.00000     3.46011     0.00000     0.00000     3.46011
     3.90000     0.00000     0.00000     3.46021     0.00000     0.00000     3.46021
     4.00000     0.00000     0.00000     3.46032     0.00000     0.00000     3.46032
     4.10000     0.00000     0.00000     3.46043     0.00000     0.00000     3.46043
     4.20000     0.00000     0.00000     3.46054     0.00000     0.00000     3.46054
     4.30000     0.00000     0.00000     3.46065     0.00000     0.00000     3.46065
     4.40000     0.00000     0.00000     3.46076     0.00000     0.00000     3.46076
     4.50000     0.00000     0.00000     3.46087     0.00000     0.00000     3.46087
     4.60000     0.00000     0.00000     3.46098     0.00000     0.00000     3.46098
     4.70000     0.00000     0.00000     3.46109     0.00000     0.00000     3.46109
     4.80000     0.00000     0.00000     3.46120     0.00000     0.00000     3.46120
     4.90000     0.00000     0.00000     3.46131     0.00000     0.00000     3.46131
     5.00000     0.00000     0.00000     3.46142     0.00000     0.00000     3.46142
     5.10000     0.00000     0.00000     3.46153     0.00000     0.00000     3.46153
     5.20000     0.00000     0.00000     3.46164     0.00000     0.00000     3.46164
     5.30000     0.00000     0.00000     3.46175     0.00000     0.00000     3.46175
     5.40000     0.00000     0.00000     3.46186     0.00000     0.00000     3.46186
     5.50000     0.00000     0.00000     3.46197     0.00000     0.00000     3.46197
     5.60000     0.00000     0.00000     3.46208     0.00000     0.00000     3.46208
     5.70000     0.00000     0.00000     3.46219     0.00000     0.00000     3.46219
     5.80000     0.00000     0.00000     3.46230     0.00000     0.00000     3.46230
     5.90000     0.00000     0.00000     3.46240     0.00000     0.00000     3.46240
     6.00000     0.00000     0.00000     3.46251     0.00000     0.00000     3.46251
     6.10000     0.00000     0.00000     3.46262     0.00000     0.00000     3.46262
     6.20000     0.00000     0.00000     3.46273     0.00000     0.00000     3.46273
     6.30000     0.00000     0.00000     3.46284     0.00000     0.00000     3.46284
     6.40000     0.00000     0.00000     3.46295     0.00000     0.00000     3.46295
     6.50000     0.00000     0.00000     3.46306     0.00000     0.00000     3.46306
     6.60000     0.00000     0.00000     3.46317     0.00000     0.00000     3.46317
     6.70000     0.00000     0.00000     3.46328     0.00000     0.00000     3.46328
     6.80000     0.00000     0.00000     3.46339     0.00000     0.00000     3.46339
     6.90000     0.00000     0.00000     3.46349     0.00000     0.00000     3.46349
     7.00000     0.00000     0.00000     3.46360     0.00000     0.00000     3.46360
     7.10000     0.00000     0.00000     3.46371     0.00000     0.00000     3.46371
     7.20000     0.00000     0.00000     3.46382     0.00000     0.00000     3.46382
     7.30000     0.00000     0.00000     3.46393     0.00000     0.00000     3.46393
     7.40000     0.00000     0.00000     3.46404     0.00000     0.00000     3.46404
     7.50000     0.00000     0.00000     3.46415     0.00000     0.00000     3.46415
     7.60000     0.00000     0.00000     3.46426     0.00000     0.00000     3.46426
     7.70000     0.00000     0.00000     3.46436     0.00000     0.00000     3.46436
     7.80000     0.00000     0.00000     3.46447     0.00000     0.00000     3.46447
     7.90000     0.00000     0.00000     3.46458     0.00000     0.00000     3.46458
     8.00000     0.00000     0.00000     3.46469     0.00000     0.00000     3.46469
     8.10000     0.00000     0.00000     3.46480     0.00000     0.00000     3.46480
     8.20000     0.00000     0.00000     3.46491     0.00000     0.00000     3.46491
     8.30000     0.00000     0.00000     3.46502     0.00000     0.00000     3.46502
     8.40000     0.00000     0.00000     3.46512     0.00000     0.00000     3.46512
     8.50000     0.00000     0.00000     3.46523     0.00000     0.00000     3.46523
     8.60000     0.00000     0.00000     3.46534     0.00000     0.00000     3.46534
     8.70000     0.00000     0.00000     3.46545     0.00000     0.00000     3.46545
     8.80000     0.00000     0.00000     3.46556     0.00000     0.00000     3.46556
     8.90000     0.00000     0.00000     3.46567     0.00000     0.00000     3.46567
     9.00000     0.00000     0.00000     3.46577     0.00000     0.00000     3.46577
     9.10000     0.00000     0.00000     3.46588     0.00000     0.00000     3.46588
     9.20000     0.00000     0.00000     3.46599     0.00000     0.00000     3.46599
     9.30000     0.00000     0.00000     3.46610     0.00000     0.00000     3.46610
     9.40000     0.00000     0.00000     3.46621     0.00000     0.00000     3.46621
     9.50000     0.00000     0.00000     3.46631     0.00000     0.00000     3.46631
     9.60000     0.00000     0.00000     3.46642     0.00000     0.00000     3.46642
     9.70000     0.00000     0.00000     3.46653     0.00000     0.00000     3.46653
     9.80000     0.00000     0.00000     3.46664     0.00000     0.00000     3.46664
     9.90000     0.00000     0.00000     3.46675     0.00000     0.00000     3.46675
    10.00000     0.00000     0.00000     3.46685     0.00000     0.00000     3.46685
    10.10000     0.00000     0.00000     3.46696     0.00000     0.00000     3.46696
    10.20000     0.00000     0.00000     3.46707     0.00000     0.00000     3.46707
    10.30000     0.00000     0.00000     3.46718     0.00000     0.00000     3.46718
    10.40000     0.00000     0.00000     3.46728     0.00000     0.00000     3.46728
    10.50000     0.00000     0.00000     3.46739     0.00000     0.00000     3.46739
    10.60000     0.00000     0.00000     3.46750     0.00000     0.00000     3.46750
    10.70000     0.00000     0.00000     3.46761     0.00000     0.00000     3.46761
    10.80000     0.00000     0.00000     3.46771     0.00000     0.00000     3.46771
    10.90000     0.00000     0.00000     3.46782     0.00000     0.00000     3.46782
    11.00000     0.00000     0.00000     3.46793     0.00000     0.00000     3.46793
    11.10000     0.00000     0.00000     3.46804     0.00000     0.00000     3.46804
    11.20000     0.00000     0.00000     3.46814     0.00000     0.00000     3.46814
    11.30000     0.00000     0.00000     3.46825     0.00000     0.00000     3.46825
    11.40000     0.00000     0.00000     3.46836     0.00000     0.00000     3.46836
    11.50000     0.00000     0.00000     3.46847     0.00000     0.00000     3.46847
    11.60000     0.00000     0.00000     3.46857     0.00000     0.00000     3.46857
    11.70000     0.00000     0.00000     3.46868     0.00000     0.00000     3.46868
    11.80000     0.00000     0.00000     3.46879     0.00000     0.00000     3.46879
    11.90000     0.00000     0.00000     3.46890     0.00000     0.00000     3.46890
    12.00000     0.00000     0.00000     3.46900     0.00000     0.00000     3.46900
    12.10000     0.00000     0.00000     3.46911     0.00000     0.00000     3.46911
    12.20000     0.00000     0.00000     3.46922     0.00000     0.00000     3.46922
    12.30000     0.00000     0.00000     3.46932     0.00000     0.00000     3.46932
    12.40000     0.00000     0.00000     3.46943     0.00000     0.00000     3.46943
    12.50000     0.00000     0.00000     3.46954     0.00000     0.00000     3.46954
    12.60000     0.00000     0.00000     3.46965     0.00000     0.00000     3.46965
    12.70000     0.00000     0.00000     3.46975     0.00000     0.00000     3.46975
    12.80000     0.00000     0.00000     3.46986     0.00000     0.00000     3.46986
    12.90000     0.00000     0.00000     3.46997     0.00000     0.00000     3.46997
    13.00000     0.00000     0.00000     3.47007     0.00000     0.00000     3.47007
    13.10000     0.00000     0.00000     3.47018     0.00000     0.00000     3.47018
    13.20000     0.00000     0.00000     3.47029     0.00000     0.00000     3.47029
    13.30000     0.00000     0.00000     3.47039     0.00000     0.00000     3.47039
    13.40000     0.00000     0.00000     3.47050     0.00000     0.00000     3.47050
    13.50000     0.00000     0.00000     3.47061     0.00000     0.00000     3.47061
    13.60000     0.00000     0.00000     3.47071     0.00000     0.00000     3.47071
    13.70000     0.00000     0.00000     3.47082     0.00000     0.00000     3.47082
    13.80000     0.00000     0.00000     3.47093     0.00000     0.00000     3.47093
    13.90000     0.00000     0.00000     3.47103     0.00000     0.00000     3.47103
    14.00000     0.00000     0.00000     3.47114     0.00000     0.00000     3.47114
    14.10000     0.00000     0.00000     3.47125     0.00000     0.00000     3.47125
    14.20000     0.00000     0.00000     3.47135     0.00000     0.00000     3.47135
    14.30000     0.00000     0.00000     3.47146     0.00000     0.00000     3.47146
    14.40000     0.00000     0.00000     3.47157     0.00000     0.00000     3.47157
    14.50000     0.00000     0.00000     3.47167     0.00000     0.00000     3.47167
    14.60000     0.00000     0.00000     3.47178     0.00000     0.00000     3.47178
    14.70000     0.00000     0.00000     3.47189     0.00000     0.00000     3.47189
    14.80000     0.00000     0.00000     3.47199     0.00000     0.00000     3.47199
    14.90000     0.00000     0.00000     3.47210     0.00000     0.00000     3.47210
    15.00000     0.00000     0.00000     3.47220     0.00000     0.00000     3.47220
    15.10000     0.00000     0.00000     3.47231     0.00000     0.00000     3.47231
    15.20000     0.00000     0.00000     3.47242     0.00000     0.00000     3.47242
    15.30000     0.00000     0.00000     3.47252     0.00000     0.00000     3.47252
    15.40000     0.00000     0.00000     3.47263     0.00000     0.00000     3.47263
    15.50000     0.00000     0.00000     3.47274     0.00000     0.00000     3.47274
    15.60000     0.00000     0.00000     3.47284     0.00000     0.00000     3.47284
    15.70000     0.00000     0.00000     3.47295     0.00000     0.00000     3.47295
    15.80000     0.00000     0.00000     3.47305     0.00000     0.00000     3.47305
    15.90000     0.00000     0.00000     3.47316     0.00000     0.00000     3.47316
    16.00000     0.00000     0.00000     3.47327     0.00000     0.00000     3.47327
    16.10000     0.00000     0.00000     3.47337     0.00000     0.00000     3.47337
    16.20000     0.00000     0.00000     3.47348     0.00000     0.00000     3.47348
    16.30000     0.00000     0.00000     3.47358     0.00000     0.00000     3.47358
    16.40000     0.00000     0.00000     3.47369     0.00000     0.00000     3.47369
    16.50000     0.00000     0.00000     3.47379     0.00000     0.00000     3.47379
    16.60000     0.00000     0.00000     3.47390     0.00000     0.00000     3.47390
    16.70000     0.00000     0.00000     3.47401     0.00000     0.00000     3.47401
    16.80000     0.00000     0.00000     3.47411     0.00000     0.00000     3.47411
    16.90000     0.00000     0.00000     3.47422     0.00000     0.00000     3.47422
    17.00000     0.00000     0.00000     3.47432     0.00000     0.00000     3.47432
    17.10000     0.00000     0.00000     3.47443     0.00000     0.00000     3.47443
    17.20000     0.00000     0.00000     3.47453     0.00000     0.00000     3.47453
    17.30000     0.00000     0.00000     3.47464     0.00000     0.00000     3.47464
    17.40000     0.00000     0.00000     3.47474     0.00000     0.00000     3.47474
    17.50000     0.00000     0.00000     3.47485     0.00000     0.00000     3.47485
    17.60000     0.00000     0.00000     3.47496     0.00000     0.00000     3.47496
    17.70000     0.00000     0.00000     3.47506     0.00000     0.00000     3.47506
    17.80000     0.00000     0.00000     3.47517     0.00000     0.00000     3.47517
    17.90000     0.00000     0.00000     3.47527     0.00000     0.00000     3.47527
    18.00000     0.00000     0.00000     3.47538     0.00000     0.00000     3.47538
    18.10000     0.00000     0.00000     3.47548     0.00000     0.00000     3.47548
    18.20000     0.00000     0.00000     3.47559     0.00000     0.00000     3.47559
    18.30000     0.00000     0.00000     3.47569     0.00000     0.00000     3.47569
    18.40000     0.00000     0.00000     3.47580     0.00000     0.00000     3.47580
    18.50000     0.00000     0.00000     3.47590     0.00000     0.00000     3.47590
    18.60000     0.00000     0.00000     3.47601     0.00000     0.00000     3.47601
    18.70000     0.00000     0.00000     3.47611     0.00000     0.00000     3.47611
    18.80000     0.00000     0.00000     3.47622     0.00000     0.00000     3.47622
    18.90000     0.00000     0.00000     3.47632     0.00000     0.00000     3.47632
    19.00000     0.00000     0.00000     3.47643     0.00000     0.00000     3.47643
    19.10000     0.00000     0.00000     3.47653     0.00000     0.00000     3.47653
    19.20000     0.00000     0.00000     3.47664     0.00000     0.00000     3.47664
    19.30000     0.00000     0.00000     3.47674     0.00000     0.00000     3.47674
    19.40000     0.00000     0.00000     3.47685     0.00000     0.00000     3.47685
    19.50000     0.00000     0.00000     3.47695     0.00000     0.00000     3.47695
    19.60000     0.00000     0.00000     3.47706     0.00000     0.00000     3.47706
    19.70000     0.00000     0.00000     3.47716     0.00000     0.00000     3.47716
    19.80000     0.00000     0.00000     3.47727     0.00000     0.00000     3.47727
    19.90000     0.00000     0.00000     3.47737     0.00000     0.00000     3.47737
    20.00000     0.00000     0.00000     3.47748     0.00000     0.00000     3.47748
    20.10000     0.00000     0.00000     3.47758     0.00000     0.00000     3.47758
    20.20000     0.00000     0.00000     3.47768     0.00000     0.00000     3.47768
    20.30000     0.00000     0.00000     3.47779     0.00000     0.00000     3.47779
    20.40000     0.00000     0.00000     3.47789     0.00000     0.00000     3.47789
    20.50000     0.00000     0.00000     3.47800     0.00000     0.00000     3.47800
    20.60000     0.00000     0.00000     3.47810     0.00000     0.00000     3.47810
    20.70000     0.00000     0.00000     3.47821     0.00000     0.00000     3.47821
    20.80000     0.00000     0.00000     3.47831     0.00000     0.00000     3.47831
    20.90000     0.00000     0.00000     3.47842     0.00000     0.00000     3.47842
    21.00000     0.00000     0.00000     3.47852     0.00000     0.00000     3.47852
    21.10000     0.00000     0.00000     3.47862     0.00000     0.00000     3.47862
    21.20000     0.00000     0.00000     3.47873     0.00000     0.00000     3.47873
    21.30000     0.00000     0.00000     3.47883     0.00000     0.00000     3.47883
    21.40000     0.00000     0.00000     3.47894     0.00000     0.00000     3.47894
    21.50000     0.00000     0.00000     3.47904     0.00000     0.00000     3.47904
    21.60000     0.00000     0.00000     3.47915     0.00000     0.00000     3.47915
    21.70000     0.00000     0.00000     3.47925     0.00000     0.00000     3.47925
    21.80000     0.00000     0.00000     3.47935     0.00000     0.00000     3.47935
    21.90000     0.00000     0.00000     3.47946     0.00000     0.00000     3.47946
    22.00000     0.00000     0.00000     3.47956     0.00000     0.00000     3.47956
    22.10000     0.00000     0.00000     3.47967     0.00000     0.00000     3.47967
    22.20000     0.00000     0.00000     3.47977     0.00000     0.00000     3.47977
    22.30000     0.00000     0.00000     3.47987     0.00000     0.00000     3.47987
    22.40000     0.00000     0.00000     3.47998     0.00000     0.00000     3.47998
    22.50000     0.00000     0.00000     3.48008     0.00000     0.00000     3.48008
    22.60000     0.00000     0.00000     3.48018     0.00000     0.00000     3.48018
    22.70000     0.00000     0.00000     3.48029     0.00000     0.00000     3.48029
    22.80000     0.00000     0.00000     3.48039     0.00000     0.00000     3.48039
    22.90000     0.00000     0.00000     3.48050     0.00000     0.00000     3.48050
    23.00000     0.00000     0.00000     3.48060     0.00000     0.00000     3.48060
    23.10000     0.00000     0.00000     3.48070     0.00000     0.00000     3.48070
    23.20000     0.00000     0.00000     3.48081     0.00000     0.00000     3.48081
    23.30000     0.00000     0.00000     3.48091     0.00000     0.00000     3.48091
    23.40000     0.00000     0.00000     3.48101     0.00000     0.00000     3.48101
    23.50000     0.00000     0.00000     3.48112     0.00000     0.00000     3.48112
    23.60000     0.00000     0.00000     3.48122     0.00000     0.00000     3.48122
    23.70000     0.00000     0.00000     3.48132     0.00000     0.00000     3.48132
    23.80000     0.00000     0.00000     3.48143     0.00000     0.00000     3.48143
    23.90000     0.00000     0.00000     3.48153     0.00000     0.00000     3.48153
    24.00000     0.00000     0.00000     3.48163     0.00000     0.00000     3.48163
    24.10000     0.00000     0.00000     3.48174     0.00000     0.00000     3.48174
    24.20000     0.00000     0.00000     3.48184     0.00000     0.00000     3.48184
    24.30000     0.00000     0.00000     3.48194     0.00000     0.00000     3.48194
    24.40000     0.00000     0.00000     3.48205     0.00000     0.00000     3.48205
    24.50000     0.00000     0.00000     3.48215     0.00000     0.00000     3.48215
    24.60000     0.00000     0.00000     3.48225     0.00000     0.00000     3.48225
    24.70000     0.00000     0.00000     3.48236     0.00000     0.00000     3.48236
    24.80000     0.00000     0.00000     3.48246     0.00000     0.00000     3.48246
    24.90000     0.00000     0.00000     3.48256     0.00000     0.00000     3.48256
    25.00000     0.00000     0.00000     3.48267     0.00000     0.00000     3.48267
    25.10000     0.00000     0.00000     3.48277     0.00000     0.00000     3.48277
    25.20000     0.00000     0.00000     3.48287     0.00000     0.00000     3.48287
    25.30000     0.00000     0.00000     3.48298     0.00000     0.00000     3.48298
    25.40000     0.00000     0.00000     3.48308     0.00000     0.00000     3.48308
    25.50000     0.00000     0.00000     3.48318     0.00000     0.00000     3.48318
    25.60000     0.00000     0.00000     3.48328     0.00000     0.00000     3.48328
    25.70000     0.00000     0.00000     3.48339     0.00000     0.00000     3.48339
    25.80000     0.00000     0.00000     3.48349     0.00000     0.00000     3.48349
    25.90000     0.00000     0.00000     3.48359     0.00000     0.00000     3.48359
    26.00000     0.00000     0.00000     3.48369     0.00000     0.00000     3.48369
    26.10000     0.00000     0.00000     3.48380     0.00000     0.00000     3.48380
    26.20000     0.00000     0.00000     3.48390     0.00000     0.00000     3.48390
    26.30000     0.00000     0.00000     3.48400     0.00000     0.00000     3.48400
    26.40000     0.00000     0.00000     3.48411     0.00000     0.00000     3.48411
    26.50000     0.00000     0.00000     3.48421     0.00000     0.00000     3.48421
    26.60000     0.00000     0.00000     3.48431     0.00000     0.00000     3.48431
    26.70000     0.00000     0.00000     3.48441     0.00000     0.00000     3.48441
    26.80000     0.00000     0.00000     3.48452     0.00000     0.00000     3.48452
    26.90000     0.00000     0.00000     3.48462     0.00000     0.00000     3.48462
    27.00000     0.00000     0.00000     3.48472     0.00000     0.00000     3.48472
    27.10000     0.00000     0.00000     3.48482     0.00000     0.00000     3.48482
    27.20000     0.00000     0.00000     3.48493     0.00000     0.00000     3.48493
    27.30000     0.00000     0.00000     3.48503     0.00000     0.00000     3.48503
    27.40000     0.00000     0.00000     3.48513     0.00000     0.00000     3.48513
    27.50000     0.00000     0.00000     3.48523     0.00000     0.00000     3.48523
    27.60000     0.00000     0.00000     3.48533     0.00000     0.00000     3.48533
    27.70000     0.00000     0.00000     3.48544     0.00000     0.00000     3.48544
    27.80000     0.00000     0.00000     3.48554     0.00000     0.00000     3.48554
    27.90000     0.00000     0.00000     3.48564     0.00000     0.00000     3.48564
    28.00000     0.00000     0.00000     3.48574     0.00000     0.00000     3.48574
    28.10000     0.00000     0.00000     3.48584     0.00000     0.00000     3.48584
    28.20000     0.00000     0.00000     3.48595     0.00000     0.00000     3.48595
    28.30000     0.00000     0.00000     3.48605     0.00000     0.00000     3.48605
    28.40000     0.00000     0.00000     3.48615     0.00000     0.00000     3.48615
    28.50000     0.00000     0.00000     3.48625     0.00000     0.00000     3.48625
    28.60000     0.00000     0.00000     3.48635     0.00000     0.00000     3.48635
    28.70000     0.00000     0.00000     3.48646     0.00000     0.00000     3.48646
    28.80000     0.00000     0.00000     3.48656     0.00000     0.00000     3.48656
    28.90000     0.00000     0.00000     3.48666     0.00000     0.00000     3.48666
    29.00000     0.00000     0.00000     3.48676     0.00000     0.00000     3.48676
    29.10000     0.00000     0.00000     3.48686     0.00000     0.00000     3.48686
    29.20000     0.00000     0.00000     3.48697     0.00000     0.00000     3.48697
    29.30000     0.00000     0.00000     3.48707     0.00000     0.00000     3.48707
    29.40000     0.00000     0.00000     3.48717     0.00000     0.00000     3.48717
    29.50000     0.00000     0.00000     3.48727     0.00000     0.00000     3.48727
    29.60000     0.00000     0.00000     3.48737     0.00000     0.00000     3.48737
    29.70000     0.00000     0.00000     3.48747     0.00000     0.00000     3.48747
    29.80000     0.00000     0.00000     3.48757     0.00000     0.00000     3.48757
    29.90000     0.00000     0.00000     3.48768     0.00000     0.00000     3.48768
    30.00000     0.00000     0.00000     3.48778     0.00000     0.00000     3.48778
    30.10000     0.00000     0.00000     3.48788     0.00000     0.00000     3.48788
    30.20000     0.00000     0.00000     3.48798     0.00000     0.00000     3.48798
    30.30000     0.00000     0.00000     3.48808     0.00000     0.00000     3.48808
    30.40000     0.00000     0.00000     3.48818     0.00000     0.00000     3.48818
    30.50000     0.00000     0.00000     3.48828     0.00000     0.00000     3.48828
    30.60000     0.00000     0.00000     3.48839     0.00000     0.00000     3.48839
    30.70000     0.00000     0.00000     3.48849     0.00000     0.00000     3.48849
    30.80000     0.00000     0.00000     3.48859     0.00000     0.00000     3.48859
    30.90000     0.00000     0.00000     3.48869     0.00000     0.00000     3.48869
    31.00000     0.00000     0.00000     3.48879     0.00000     0.00000     3.48879
    31.10000     0.00000     0.00000     3.48889     0.00000     0.00000     3.48889
    31.20000     0.00000     0.00000     3.48899     0.00000     0.00000     3.48899
    31.30000     0.00000     0.00000     3.48909     0.00000     0.00000     3.48909
    31.40000     0.00000     0.00000     3.48919     0.00000     0.00000     3.48919
    31.50000     0.00000     0.00000     3.48930     0.00000     0.00000     3.48930
    31.60000     0.00000     0.00000     3.48940     0.00000     0.00000     3.48940
    31.70000     0.00000     0.00000     3.48950     0.00000     0.00000     3.48950
    31.80000     0.00000     0.00000     3.48960     0.00000     0.00000     3.48960
    31.90000     0.00000     0.00000     3.48970     0.00000     0.00000     3.48970
    32.00000     0.00000     0.00000     3.48980     0.00000     0.00000     3.48980
    32.10000     0.00000     0.00000     3.48990     0.00000     0.00000     3.48990
    32.20000     0.00000     0.00000     3.49000     0.00000     0.00000     3.49000
    32.30000     0.00000     0.00000     3.49010     0.00000     0.00000     3.49010
    32.40000     0.00000     0.00000     3.49020     0.00000     0.00000     3.49020
    32.50000     0.00000     0.00000     3.49030     0.00000     0.00000     3.49030
    32.60000     0.00000     0.00000     3.49040     0.00000     0.00000     3.49040
    32.70000     0.00000     0.00000     3.49051     0.00000     0.00000     3.49051
    32.80000     0.00000     0.00000     3.49061     0.00000     0.00000     3.49061
    32.90000     0.00000     0.00000     3.49071     0.00000     0.00000     3.49071
    33.00000     0.00000     0.00000     3.49081     0.00000     0.00000     3.49081
    33.10000     0.00000     0.00000     3.49091     0.00000     0.00000     3.49091
    33.20000     0.00000     0.00000     3.49101     0.00000     0.00000     3.49101
    33.30000     0.00000     0.00000     3.49111     0.00000     0.00000     3.49111
    33.40000     0.00000     0.00000     3.49121     0.00000     0.00000     3.49121
    33.50000     0.00000     0.00000     3.49131     0.00000     0.00000     3.49131
    33.60000     0.00000     0.00000     3.49141     0.00000     0.00000     3.49141
    33.70000     0.00000     0.00000     3.49151     0.00000     0.00000     3.49151
    33.80000     0.00000     0.00000     3.49161     0.00000     0.00000     3.49161
    33.90000     0.00000     0.00000     3.49171     0.00000     0.00000     3.49171
    34.00000     0.00000     0.00000     3.49181     0.00000     0.00000     3.49181
    34.10000     0.00000     0.00000     3.49191     0.00000     0.00000     3.49191
    34.20000     0.00000     0.00000     3.49201     0.00000     0.00000     3.49201
    34.30000     0.00000     0.00000     3.49211     0.00000     0.00000     3.49211
    34.40000     0.00000     0.00000     3.49221     0.00000     0.00000     3.49221
    34.50000     0.00000     0.00000     3.49231     0.00000     0.00000     3.49231
    34.60000     0.00000     0.00000     3.49241     0.00000     0.00000     3.49241
    34.70000     0.00000     0.00000     3.49251     0.00000     0.00000     3.49251
    34.80000     0.00000     0.00000     3.49261     0.00000     0.00000     3.49261
    34.90000     0.00000     0.00000     3.49271     0.00000     0.00000     3.49271
    35.00000     0.00000     0.00000     3.49281     0.00000     0.00000     3.49281
    35.10000     0.00000     0.00000     3.49291     0.00000     0.00000     3.49291
    35.20000     0.00000     0.00000     3.49301     0.00000     0.00000     3.49301
    35.30000     0.00000     0.00000     3.49311     0.00000     0.00000     3.49311
    35.40000     0.00000     0.00000     3.49321     0.00000     0.00000     3.49321
    35.50000     0.00000     0.00000     3.49331     0.00000     0.00000     3.49331
    35.60000     0.00000     0.00000     3.49341     0.00000     0.00000     3.49341
    35.70000     0.00000     0.00000     3.49351     0.00000     0.00000     3.49351
    35.80000     0.00000     0.00000     3.49361     0.00000     0.00000     3.49361
    35.90000     0.00000     0.00000     3.49371     0.00000     0.00000     3.49371
    36.00000     0.00000     0.00000     3.49381     0.00000     0.00000     3.49381
    36.10000     0.00000     0.00000     3.49391     0.00000     0.00000     3.49391
    36.20000     0.00000     0.00000     3.49401     0.00000     0.00000     3.49401
    36.30000     0.00000     0.00000     3.49411     0.00000     0.00000     3.49411
    36.40000     0.00000     0.00000     3.49421     0.00000     0.00000     3.49421
    36.50000     0.00000     0.00000     3.49430     0.00000     0.00000     3.49430
    36.60000     0.00000     0.00000     3.49440     0.00000     0.00000     3.49440
    36.70000     0.00000     0.00000     3.49450     0.00000     0.00000     3.49450
    36.80000     0.00000     0.00000     3.49460     0.00000     0.00000     3.49460
    36.90000     0.00000     0.00000     3.49470     0.00000     0.00000     3.49470
    37.00000     0.00000     0.00000     3.49480     0.00000     0.00000     3.49480
    37.10000     0.00000     0.00000     3.49490     0.00000     0.00000     3.49490
    37.20000     0.00000     0.00000     3.49500     0.00000     0.00000     3.49500
    37.30000     0.00000     0.00000     3.49510     0.00000     0.00000     3.49510
    37.40000     0.00000     0.00000     3.49520     0.00000     0.00000     3.49520
    37.50000     0.00000     0.00000     3.49530     0.00000     0.00000     3.49530
    37.60000     0.00000     0.00000     3.49540     0.00000     0.00000     3.49540
    37.70000     0.00000     0.00000     3.49550     0.00000     0.00000     3.49550
    37.80000     0.00000     0.00000     3.49559     0.00000     0.00000     3.49559
    37.90000     0.00000     0.00000     3.49569     0.00000     0.00000     3.49569
    38.00000     0.00000     0.00000     3.49579     0.00000     0.00000     3.49579
    38.10000     0.00000     0.00000     3.49589     0.00000     0.00000     3.49589
    38.20000     0.00000     0.00000     3.49599     0.00000     0.00000     3.49599
    38.30000     0.00000     0.00000     3.49609     0.00000     0.00000     3.49609
    38.40000     0.00000     0.00000     3.49619     0.00000     0.00000     3.49619
    38.50000     0.00000     0.00000     3.49629     0.00000     0.00000     3.49629
    38.60000     0.00000     0.00000     3.49639     0.00000     0.00000     3.49639
    38.70000     0.00000     0.00000     3.49648     0.00000     0.00000     3.49648
    38.80000     0.00000     0.00000     3.49658     0.00000     0.00000     3.49658
    38.90000     0.00000     0.00000     3.49668     0.00000     0.00000     3.49668
    39.00000     0.00000     0.00000     3.49678     0.00000     0.00000     3.49678
    39.10000     0.00000     0.00000     3.49688     0.00000     0.00000     3.49688
    39.20000     0.00000     0.00000     3.49698     0.00000     0.00000     3.49698
    39.30000     0.00000     0.00000     3.49708     0.00000     0.00000     3.49708
    39.40000     0.00000     0.00000     3.49717     0.00000     0.00000     3.49717
    39.50000     0.00000     0.00000     3.49727     0.00000     0.00000     3.49727
    39.60000     0.00000     0.00000     3.49737     0.00000     0.00000     3.49737
    39.70000     0.00000     0.00000     3.49747     0.00000     0.00000     3.49747
    39.80000     0.00000     0.00000     3.49757     0.00000     0.00000     3.49757
    39.90000     0.00000     0.00000     3.49767     0.00000     0.00000     3.49767
    40.00000     0.00000     0.00000     3.49776     0.00000     0.00000     3.49776
