  0.000000000000000E+000  9.068945048646289E-017  0.000000000000000E+000
  0.100000000000000       1.333622086796265E-002 -5.563745522098394E-004
  0.200000000000000       2.815292886802678E-002 -2.229400220886997E-003
  0.300000000000000       4.148559883529841E-002 -5.018093980547102E-003
  0.400000000000000       5.629568452262506E-002 -8.924360753816769E-003
  0.500000000000000       6.961998575665332E-002 -1.395321946321997E-002
  0.600000000000000       8.441809742651236E-002 -2.010510522903973E-002
  0.700000000000000       9.772921511883190E-002 -2.738825763849241E-002
  0.800000000000000       0.112510005393369      -3.580515348524609E-002
  0.900000000000000       0.125803129499459      -4.536289338987735E-002
   1.00000000000000       0.140561257260001      -5.607104361414365E-002
   1.10000000000000       0.155305314749630      -6.793572861825162E-002
   1.20000000000000       0.170033826078851      -8.096713100457403E-002
   1.30000000000000       0.184745316914346      -9.517636764799364E-002
   1.40000000000000       0.199438314626562      -0.110575464455154     
   1.50000000000000       0.214111348437118      -0.127177329034247     
   1.60000000000000       0.230226874396630      -0.145000104562998     
   1.70000000000000       0.246314514919230      -0.164056519449540     
   1.80000000000000       0.260913804832686      -0.184369721875247     
   1.90000000000000       0.276942801679937      -0.205958225635771     
   2.00000000000000       0.294390656568555      -0.228846557010836     
   2.10000000000000       0.310347307056037      -0.253062009417580     
   2.20000000000000        1.48107112270419      -0.325395379205383     
   2.30000000000000        1.48107112270419      -0.444080781379387     
   2.40000000000000        1.48107112270419      -0.562766183553391     
   2.50000000000000        1.48107112270419      -0.681451585727395     
   2.60000000000000        1.48107112270419      -0.800136987901398     
   2.70000000000000        1.48107112270419      -0.918822390075402     
   2.80000000000000        1.48107112270419       -1.03750779224941     
   2.90000000000000        1.48107112270419       -1.15619319442341     
   3.00000000000000        1.48107112270419       -1.27487859659741     
   3.10000000000000        1.48107112270419       -1.39356399877142     
   3.20000000000000        1.48107112270419       -1.51224940094542     
   3.30000000000000        1.48107112270419       -1.63093480311942     
   3.40000000000000        1.48107112270419       -1.74962020529343     
   3.50000000000000        1.48107112270419       -1.86830560746743     
   3.60000000000000        1.48107112270419       -1.98699100964144     
   3.70000000000000        1.48107112270419       -2.10567641181544     
   3.80000000000000        1.48107112270419       -2.22436181398944     
   3.90000000000000        1.48107112270419       -2.34304721616345     
   4.00000000000000        1.48107112270419       -2.46173261833745     
   4.10000000000000        1.48107112270419       -2.58041802051145     
   4.20000000000000        1.48107112270419       -2.69910342268546     
   4.30000000000000        1.48107112270419       -2.81778882485946     
   4.40000000000000        1.48107112270419       -2.93647422703347     
   4.50000000000000        1.48107112270419       -3.05515962920747     
   4.60000000000000        1.48107112270419       -3.17384503138147     
   4.70000000000000        1.48107112270419       -3.29253043355548     
   4.80000000000000        1.48107112270419       -3.41121583572948     
   4.90000000000000        1.48107112270419       -3.52990123790348     
   5.00000000000000        1.48107112270419       -3.64858664007749     
   5.10000000000000        1.48107112270419       -3.76727204225149     
   5.20000000000000        1.48107112270419       -3.88595744442550     
   5.30000000000000        1.48107112270419       -4.00464284659950     
   5.40000000000000        1.48107112270419       -4.12332824877350     
   5.50000000000000        1.48107112270419       -4.24201365094751     
   5.60000000000000        1.48107112270419       -4.36069905312151     
   5.70000000000000        1.48107112270419       -4.47938445529551     
   5.80000000000000        1.48107112270419       -4.59806985746952     
   5.90000000000000        1.48107112270419       -4.71675525964352     
   6.00000000000000        1.48107112270419       -4.83544066181753     
   6.10000000000000        1.48107112270419       -4.95412606399153     
   6.20000000000000        1.48107112270419       -5.07281146616553     
   6.30000000000000        1.48107112270419       -5.19149686833954     
   6.40000000000000        1.48107112270419       -5.31018227051354     
   6.50000000000000        1.48107112270419       -5.42886767268755     
   6.60000000000000        1.48107112270419       -5.54755307486155     
   6.70000000000000        1.48107112270419       -5.66623847703555     
   6.80000000000000        1.48107112270419       -5.78492387920956     
   6.90000000000000        1.48107112270419       -5.90360928138356     
   7.00000000000000        1.48107112270419       -6.02229468355756     
   7.10000000000000        1.48107112270419       -6.14098008573157     
   7.20000000000000        1.48107112270419       -6.25966548790557     
   7.30000000000000        1.48107112270419       -6.37835089007957     
   7.40000000000000        1.48107112270419       -6.49703629225358     
   7.50000000000000        1.48107112270419       -6.61572169442758     
   7.60000000000000        1.48107112270419       -6.73440709660159     
   7.70000000000000        1.48107112270419       -6.85309249877559     
   7.80000000000000        1.48107112270419       -6.97177790094959     
   7.90000000000000        1.48107112270419       -7.09046330312360     
   8.00000000000000        1.48107112270419       -7.20914870529760     
   8.10000000000000        1.48107112270419       -7.32783410747160     
   8.20000000000000        1.48107112270419       -7.44651950964561     
   8.30000000000000        1.48107112270419       -7.56520491181961     
   8.40000000000000        1.48107112270419       -7.68389031399362     
   8.50000000000000        1.48107112270419       -7.80257571616762     
   8.60000000000000        1.48107112270419       -7.92126111834162     
   8.70000000000000        1.48107112270419       -8.03994652051563     
   8.80000000000000        1.48107112270419       -8.15863192268963     
   8.90000000000000        1.48107112270419       -8.27731732486363     
   9.00000000000000        1.48107112270419       -8.39600272703764     
   9.10000000000000        1.48107112270419       -8.51468812921164     
   9.20000000000000        1.48107112270419       -8.63337353138565     
   9.30000000000000        1.48107112270419       -8.75205893355965     
   9.40000000000000        1.48107112270419       -8.87074433573365     
   9.50000000000000        1.48107112270419       -8.98942973790766     
   9.60000000000000        1.48107112270419       -9.10811514008166     
   9.70000000000000        1.48107112270419       -9.22680054225566     
   9.80000000000000        1.48107112270419       -9.34548594442967     
   9.90000000000000        1.48107112270419       -9.46417134660367     
   10.0000000000000        1.48107112270419       -9.58285674877768     
   10.1000000000000        1.48107112270419       -9.70154215095168     
   10.2000000000000        1.48107112270419       -9.82022755312568     
   10.3000000000000        1.48107112270419       -9.93891295529969     
   10.4000000000000        1.48107112270419       -10.0575983574737     
   10.5000000000000        1.48107112270419       -10.1762837596477     
   10.6000000000000        1.48107112270419       -10.2949691618217     
   10.7000000000000        1.48107112270419       -10.4136545639957     
   10.8000000000000        1.48107112270419       -10.5323399661697     
   10.9000000000000        1.48107112270419       -10.6510253683437     
   11.0000000000000        1.48107112270419       -10.7697107705177     
   11.1000000000000        1.48107112270419       -10.8883961726917     
   11.2000000000000        1.48107112270419       -11.0070815748657     
   11.3000000000000        1.48107112270419       -11.1257669770397     
   11.4000000000000        1.48107112270419       -11.2444523792137     
   11.5000000000000        1.48107112270419       -11.3631377813877     
   11.6000000000000        1.48107112270419       -11.4818231835617     
   11.7000000000000        1.48107112270419       -11.6005085857357     
   11.8000000000000        1.48107112270419       -11.7191939879097     
   11.9000000000000        1.48107112270419       -11.8378793900837     
   12.0000000000000        1.48107112270419       -11.9565647922578     
   12.1000000000000        1.48107112270419       -12.0752501944318     
   12.2000000000000        1.48107112270419       -12.1939355966058     
   12.3000000000000        1.48107112270419       -12.3126209987798     
   12.4000000000000        1.48107112270419       -12.4313064009538     
   12.5000000000000        1.48107112270419       -12.5499918031278     
   12.6000000000000        1.48107112270419       -12.6686772053018     
   12.7000000000000        1.48107112270419       -12.7873626074758     
   12.8000000000000        1.48107112270419       -12.9060480096498     
   12.9000000000000        1.48107112270419       -13.0247334118238     
   13.0000000000000        1.48107112270419       -13.1434188139978     
   13.1000000000000        1.48107112270419       -13.2621042161718     
   13.2000000000000        1.48107112270419       -13.3807896183458     
   13.3000000000000        1.48107112270419       -13.4994750205198     
   13.4000000000000        1.48107112270419       -13.6181604226938     
   13.5000000000000        1.48107112270419       -13.7368458248678     
   13.6000000000000        1.48107112270419       -13.8555312270418     
   13.7000000000000        1.48107112270419       -13.9742166292158     
   13.8000000000000        1.48107112270419       -14.0929020313898     
   13.9000000000000        1.48107112270419       -14.2115874335638     
   14.0000000000000        1.48107112270419       -14.3302728357378     
   14.1000000000000        1.48107112270419       -14.4489582379118     
   14.2000000000000        1.48107112270419       -14.5676436400858     
   14.3000000000000        1.48107112270419       -14.6863290422598     
   14.4000000000000        1.48107112270419       -14.8050144444338     
   14.5000000000000        1.48107112270419       -14.9236998466078     
   14.6000000000000        1.48107112270419       -15.0423852487818     
   14.7000000000000        1.48107112270419       -15.1610706509558     
   14.8000000000000        1.48107112270419       -15.2797560531299     
   14.9000000000000        1.48107112270419       -15.3984414553039     
   15.0000000000000        1.48107112270419       -15.5171268574779     
   15.1000000000000        1.48107112270419       -15.6358122596519     
   15.2000000000000        1.48107112270419       -15.7544976618259     
   15.3000000000000        1.48107112270419       -15.8731830639999     
   15.4000000000000        1.48107112270419       -15.9918684661739     
   15.5000000000000        1.48107112270419       -16.1105538683479     
   15.6000000000000        1.48107112270419       -16.2292392705219     
   15.7000000000000        1.48107112270419       -16.3479246726959     
   15.8000000000000        1.48107112270419       -16.4666100748699     
   15.9000000000000        1.48107112270419       -16.5852954770439     
   16.0000000000000        1.48107112270419       -16.7039808792179     
   16.1000000000000        1.48107112270419       -16.8226662813919     
   16.2000000000000        1.48107112270419       -16.9413516835659     
   16.3000000000000        1.48107112270419       -17.0600370857399     
   16.4000000000000        1.48107112270419       -17.1787224879139     
   16.5000000000000        1.48107112270419       -17.2974078900879     
   16.6000000000000        1.48107112270419       -17.4160932922619     
   16.7000000000000        1.48107112270419       -17.5347786944359     
   16.8000000000000        1.48107112270419       -17.6534640966099     
   16.9000000000000        1.48107112270419       -17.7721494987839     
   17.0000000000000        1.48107112270419       -17.8908349009579     
   17.1000000000000        1.48107112270419       -18.0095203031319     
   17.2000000000000        1.48107112270419       -18.1282057053059     
   17.3000000000000        1.48107112270419       -18.2468911074800     
   17.4000000000000        1.48107112270419       -18.3655765096540     
   17.5000000000000        1.48107112270419       -18.4842619118280     
   17.6000000000000        1.48107112270419       -18.6029473140020     
   17.7000000000000        1.48107112270419       -18.7216327161760     
   17.8000000000000        1.48107112270419       -18.8403181183500     
   17.9000000000000        1.48107112270419       -18.9590035205240     
   18.0000000000000        1.48107112270419       -19.0776889226980     
   18.1000000000000        1.48107112270419       -19.1963743248720     
   18.2000000000000        1.48107112270419       -19.3150597270460     
   18.3000000000000        1.48107112270419       -19.4337451292200     
   18.4000000000000        1.48107112270419       -19.5524305313940     
   18.5000000000000        1.48107112270419       -19.6711159335680     
   18.6000000000000        1.48107112270419       -19.7898013357420     
   18.7000000000000        1.48107112270419       -19.9084867379160     
   18.8000000000000        1.48107112270419       -20.0271721400900     
   18.9000000000000        1.48107112270419       -20.1458575422640     
   19.0000000000000        1.48107112270419       -20.2645429444380     
   19.1000000000000        1.48107112270419       -20.3832283466120     
   19.2000000000000        1.48107112270419       -20.5019137487860     
   19.3000000000000        1.48107112270419       -20.6205991509600     
   19.4000000000000        1.48107112270419       -20.7392845531340     
   19.5000000000000        1.48107112270419       -20.8579699553080     
   19.6000000000000        1.48107112270419       -20.9766553574820     
   19.7000000000000        1.48107112270419       -21.0953407596560     
   19.8000000000000        1.48107112270419       -21.2140261618301     
   19.9000000000000        1.48107112270419       -21.3327115640040     
   20.0000000000000        1.48107112270419       -21.4513969661781     
   20.1000000000000        1.48107112270419       -21.5700823683521     
   20.2000000000000        1.48107112270419       -21.6887677705261     
   20.3000000000000        1.48107112270419       -21.8074531727001     
   20.4000000000000        1.48107112270419       -21.9261385748741     
   20.5000000000000        1.48107112270419       -22.0448239770481     
   20.6000000000000        1.48107112270419       -22.1635093792221     
   20.7000000000000        1.48107112270419       -22.2821947813961     
   20.8000000000000        1.48107112270419       -22.4008801835701     
   20.9000000000000        1.48107112270419       -22.5195655857441     
   21.0000000000000        1.48107112270419       -22.6382509879181     
   21.1000000000000        1.48107112270419       -22.7569363900921     
   21.2000000000000        1.48107112270419       -22.8756217922661     
   21.3000000000000        1.48107112270419       -22.9943071944401     
   21.4000000000000        1.48107112270419       -23.1129925966141     
   21.5000000000000        1.48107112270419       -23.2316779987881     
   21.6000000000000        1.48107112270419       -23.3503634009621     
   21.7000000000000        1.48107112270419       -23.4690488031361     
   21.8000000000000        1.48107112270419       -23.5877342053101     
   21.9000000000000        1.48107112270419       -23.7064196074841     
   22.0000000000000        1.48107112270419       -23.8251050096581     
   22.1000000000000        1.48107112270419       -23.9437904118321     
   22.2000000000000        1.48107112270419       -24.0624758140061     
   22.3000000000000        1.48107112270419       -24.1811612161801     
   22.4000000000000        1.48107112270419       -24.2998466183541     
   22.5000000000000        1.48107112270419       -24.4185320205281     
   22.6000000000000        1.48107112270419       -24.5372174227022     
   22.7000000000000        1.48107112270419       -24.6559028248762     
   22.8000000000000        1.48107112270419       -24.7745882270502     
   22.9000000000000        1.48107112270419       -24.8932736292242     
   23.0000000000000        1.48107112270419       -25.0119590313982     
   23.1000000000000        1.48107112270419       -25.1306444335722     
   23.2000000000000        1.48107112270419       -25.2493298357462     
   23.3000000000000        1.48107112270419       -25.3680152379202     
   23.4000000000000        1.48107112270419       -25.4867006400942     
   23.5000000000000        1.48107112270419       -25.6053860422682     
   23.6000000000000        1.48107112270419       -25.7240714444422     
   23.7000000000000        1.48107112270419       -25.8427568466162     
   23.8000000000000        1.48107112270419       -25.9614422487902     
   23.9000000000000        1.48107112270419       -26.0801276509642     
   24.0000000000000        1.48107112270419       -26.1988130531382     
   24.1000000000000        1.48107112270419       -26.3174984553122     
   24.2000000000000        1.48107112270419       -26.4361838574862     
   24.3000000000000        1.48107112270419       -26.5548692596602     
   24.4000000000000        1.48107112270419       -26.6735546618342     
   24.5000000000000        1.48107112270419       -26.7922400640082     
   24.6000000000000        1.48107112270419       -26.9109254661822     
   24.7000000000000        1.48107112270419       -27.0296108683562     
   24.8000000000000        1.48107112270419       -27.1482962705302     
   24.9000000000000        1.48107112270419       -27.2669816727042     
   25.0000000000000        1.48107112270419       -27.3856670748782     
   25.1000000000000        1.48107112270419       -27.5043524770523     
   25.2000000000000        1.48107112270419       -27.6230378792263     
   25.3000000000000        1.48107112270419       -27.7417232814003     
   25.4000000000000        1.48107112270419       -27.8604086835743     
   25.5000000000000        1.48107112270419       -27.9790940857483     
   25.6000000000000        1.48107112270419       -28.0977794879223     
   25.7000000000000        1.48107112270419       -28.2164648900963     
   25.8000000000000        1.48107112270419       -28.3351502922703     
   25.9000000000000        1.48107112270419       -28.4538356944443     
   26.0000000000000        1.48107112270419       -28.5725210966183     
   26.1000000000000        1.48107112270419       -28.6912064987923     
   26.2000000000000        1.48107112270419       -28.8098919009663     
   26.3000000000000        1.48107112270419       -28.9285773031403     
   26.4000000000000        1.48107112270419       -29.0472627053143     
   26.5000000000000        1.48107112270419       -29.1659481074883     
   26.6000000000000        1.48107112270419       -29.2846335096623     
   26.7000000000000        1.48107112270419       -29.4033189118363     
   26.8000000000000        1.48107112270419       -29.5220043140103     
   26.9000000000000        1.48107112270419       -29.6406897161843     
   27.0000000000000        1.48107112270419       -29.7593751183583     
   27.1000000000000        1.48107112270419       -29.8780605205323     
   27.2000000000000        1.48107112270419       -29.9967459227063     
   27.3000000000000        1.48107112270419       -30.1154313248803     
   27.4000000000000        1.48107112270419       -30.2341167270543     
   27.5000000000000        1.48107112270419       -30.3528021292283     
   27.6000000000000        1.48107112270419       -30.4714875314023     
   27.7000000000000        1.48107112270419       -30.5901729335763     
   27.8000000000000        1.48107112270419       -30.7088583357503     
   27.9000000000000        1.48107112270419       -30.8275437379244     
   28.0000000000000        1.48107112270419       -30.9462291400984     
   28.1000000000000        1.48107112270419       -31.0649145422724     
   28.2000000000000        1.48107112270419       -31.1835999444464     
   28.3000000000000        1.48107112270419       -31.3022853466204     
   28.4000000000000        1.48107112270419       -31.4209707487944     
   28.5000000000000        1.48107112270419       -31.5396561509684     
   28.6000000000000        1.48107112270419       -31.6583415531424     
   28.7000000000000        1.48107112270419       -31.7770269553164     
   28.8000000000000        1.48107112270419       -31.8957123574904     
   28.9000000000000        1.48107112270419       -32.0143977596644     
   29.0000000000000        1.48107112270419       -32.1330831618384     
   29.1000000000000        1.48107112270419       -32.2517685640124     
   29.2000000000000        1.48107112270419       -32.3704539661864     
   29.3000000000000        1.48107112270419       -32.4891393683604     
   29.4000000000000        1.48107112270419       -32.6078247705344     
   29.5000000000000        1.48107112270419       -32.7265101727084     
   29.6000000000000        1.48107112270419       -32.8451955748824     
   29.7000000000000        1.48107112270419       -32.9638809770564     
   29.8000000000000        1.48107112270419       -33.0825663792304     
   29.9000000000000        1.48107112270419       -33.2012517814044     
   30.0000000000000        1.48107112270419       -33.3199371835784     
   30.1000000000000        1.48107112270419       -33.4386225857524     
   30.2000000000000        1.48107112270419       -33.5573079879264     
   30.3000000000000        1.48107112270419       -33.6759933901004     
   30.4000000000000        1.48107112270419       -33.7946787922744     
   30.5000000000000        1.48107112270419       -33.9133641944485     
   30.6000000000000        1.48107112270419       -34.0320495966225     
   30.7000000000000        1.48107112270419       -34.1507349987965     
   30.8000000000000        1.48107112270419       -34.2694204009705     
   30.9000000000000        1.48107112270419       -34.3881058031445     
   31.0000000000000        1.48107112270419       -34.5067912053185     
   31.1000000000000        1.48107112270419       -34.6254766074925     
   31.2000000000000        1.48107112270419       -34.7441620096665     
   31.3000000000000        1.48107112270419       -34.8628474118405     
   31.4000000000000        1.48107112270419       -34.9815328140145     
   31.5000000000000        1.48107112270419       -35.1002182161885     
   31.6000000000000        1.48107112270419       -35.2189036183625     
   31.7000000000000        1.48107112270419       -35.3375890205365     
   31.8000000000000        1.48107112270419       -35.4562744227105     
   31.9000000000000        1.48107112270419       -35.5749598248845     
   32.0000000000000        1.48107112270419       -35.6936452270585     
   32.1000000000000        1.48107112270419       -35.8123306292325     
   32.2000000000000        1.48107112270419       -35.9310160314065     
   32.3000000000000        1.48107112270419       -36.0497014335805     
   32.4000000000000        1.48107112270419       -36.1683868357545     
   32.5000000000000        1.48107112270419       -36.2870722379285     
   32.6000000000000        1.48107112270419       -36.4057576401025     
   32.7000000000000        1.48107112270419       -36.5244430422765     
   32.8000000000000        1.48107112270419       -36.6431284444505     
   32.9000000000000        1.48107112270419       -36.7618138466245     
   33.0000000000000        1.48107112270419       -36.8804992487986     
   33.1000000000000        1.48107112270419       -36.9991846509726     
   33.2000000000000        1.48107112270419       -37.1178700531466     
   33.3000000000000        1.48107112270419       -37.2365554553206     
   33.4000000000000        1.48107112270419       -37.3552408574946     
   33.5000000000000        1.48107112270419       -37.4739262596686     
   33.6000000000000        1.48107112270419       -37.5926116618426     
   33.7000000000000        1.48107112270419       -37.7112970640166     
   33.8000000000000        1.48107112270419       -37.8299824661906     
   33.9000000000000        1.48107112270419       -37.9486678683646     
   34.0000000000000        1.48107112270419       -38.0673532705386     
   34.1000000000000        1.48107112270419       -38.1860386727126     
   34.2000000000000        1.48107112270419       -38.3047240748866     
   34.3000000000000        1.48107112270419       -38.4234094770606     
   34.4000000000000        1.48107112270419       -38.5420948792346     
   34.5000000000000        1.48107112270419       -38.6607802814086     
   34.6000000000000        1.48107112270419       -38.7794656835826     
   34.7000000000000        1.48107112270419       -38.8981510857566     
   34.8000000000000        1.48107112270419       -39.0168364879306     
   34.9000000000000        1.48107112270419       -39.1355218901046     
   35.0000000000000        1.48107112270419       -39.2542072922786     
   35.1000000000000        1.48107112270419       -39.3728926944526     
   35.2000000000000        1.48107112270419       -39.4915780966266     
   35.3000000000000        1.48107112270419       -39.6102634988006     
   35.4000000000000        1.48107112270419       -39.7289489009746     
   35.5000000000000        1.48107112270419       -39.8476343031486     
   35.6000000000000        1.48107112270419       -39.9663197053226     
   35.7000000000000        1.48107112270419       -40.0850051074966     
   35.8000000000000        1.48107112270419       -40.2036905096706     
   35.9000000000000        1.48107112270419       -40.3223759118447     
   36.0000000000000        1.48107112270419       -40.4410613140187     
   36.1000000000000        1.48107112270419       -40.5597467161927     
   36.2000000000000        1.48107112270419       -40.6784321183667     
   36.3000000000000        1.48107112270419       -40.7971175205407     
   36.4000000000000        1.48107112270419       -40.9158029227147     
   36.5000000000000        1.48107112270419       -41.0344883248887     
   36.6000000000000        1.48107112270419       -41.1531737270627     
   36.7000000000000        1.48107112270419       -41.2718591292367     
   36.8000000000000        1.48107112270419       -41.3905445314107     
   36.9000000000000        1.48107112270419       -41.5092299335847     
   37.0000000000000        1.48107112270419       -41.6279153357587     
   37.1000000000000        1.48107112270419       -41.7466007379327     
   37.2000000000000        1.48107112270419       -41.8652861401067     
   37.3000000000000        1.48107112270419       -41.9839715422807     
   37.4000000000000        1.48107112270419       -42.1026569444547     
   37.5000000000000        1.48107112270419       -42.2213423466287     
   37.6000000000000        1.48107112270419       -42.3400277488027     
   37.7000000000000        1.48107112270419       -42.4587131509767     
   37.8000000000000        1.48107112270419       -42.5773985531507     
   37.9000000000000        1.48107112270419       -42.6960839553247     
   38.0000000000000        1.48107112270419       -42.8147693574987     
   38.1000000000000        1.48107112270419       -42.9334547596727     
   38.2000000000000        1.48107112270419       -43.0521401618467     
   38.3000000000000        1.48107112270419       -43.1708255640207     
   38.4000000000000        1.48107112270419       -43.2895109661947     
   38.5000000000000        1.48107112270419       -43.4081963683687     
   38.6000000000000        1.48107112270419       -43.5268817705428     
   38.7000000000000        1.48107112270419       -43.6455671727167     
   38.8000000000000        1.48107112270419       -43.7642525748908     
   38.9000000000000        1.48107112270419       -43.8829379770648     
   39.0000000000000        1.48107112270419       -44.0016233792388     
   39.1000000000000        1.48107112270419       -44.1203087814128     
   39.2000000000000        1.48107112270419       -44.2389941835868     
   39.3000000000000        1.48107112270419       -44.3576795857608     
   39.4000000000000        1.48107112270419       -44.4763649879348     
   39.5000000000000        1.48107112270419       -44.5950503901088     
   39.6000000000000        1.48107112270419       -44.7137357922828     
   39.7000000000000        1.48107112270419       -44.8324211944568     
   39.8000000000000        1.48107112270419       -44.9511065966308     
   39.9000000000000        1.48107112270419       -45.0697919988048     
   40.0000000000000        1.48107112270419       -45.1884774009788     
