 # applied field (T), magnetization (2 f.u.), magnetization (T)
  0.000000000000000E+000  7.671639340707326E-015  2.639768217002996E-016
  0.100000000000000       0.307426085130816       1.057835975551949E-002
  0.200000000000000       0.614841805718773       2.115636287291241E-002
  0.300000000000000       0.922236797449913       3.173365272192854E-002
  0.400000000000000        1.17846799593530       4.055042504303132E-002
  0.500000000000000        1.48579805659768       5.112548065026416E-002
  0.600000000000000        1.79307802345040       6.169881255750637E-002
  0.700000000000000        2.10029753516834       7.227006423735149E-002
  0.800000000000000        2.40744623175581       8.283887920813900E-002
  0.900000000000000        2.71451375477250       9.340490104172758E-002
   1.00000000000000        3.02148974755826       0.103967773371230     
   1.10000000000000        3.32836385545674       0.114527139898709     
   1.20000000000000        3.63512572603777       0.125082644402829     
   1.30000000000000        3.89075923851481       0.133878850682457     
   1.40000000000000        4.19728842645011       0.144426348706794     
   1.50000000000000        4.50367605649617       0.154968975803284     
   1.60000000000000        4.80991178677722       0.165506376113765     
   1.70000000000000        5.11598527869431       0.176038193892823     
   1.80000000000000        5.42188619713717       0.186564073515092     
   1.90000000000000        5.72760421069368       0.197083659482455     
   2.00000000000000        6.03312899185702       0.207596596431176     
   2.10000000000000        6.33845021723027       0.218102529138935     
   2.20000000000000        6.64355756772829       0.228601102531782     
   2.30000000000000        6.94844072877694       0.239091961690985     
   2.40000000000000        7.25308939050923       0.249574751859784     
   2.50000000000000        7.55749324795860       0.260049118450040     
   2.60000000000000        7.86164200124905       0.270514707048776     
   2.70000000000000        8.16552535578188       0.280971163424605     
   2.80000000000000        8.46913302241938       0.291418133534050     
   2.90000000000000        8.77245471766477       0.301855263527734     
   3.00000000000000        9.07548016383884       0.312282199756461     
   3.10000000000000        9.37819908925292       0.322698588777164     
   3.20000000000000        9.68060122837801       0.333104077358729     
   3.30000000000000        9.98267632201038       0.343498312487690     
   3.40000000000000        10.2844141174332       0.353880941373788     
   3.50000000000000        10.5858043685740       0.364251611455403     
   3.60000000000000        10.8868368361589       0.374609970404840     
   3.70000000000000        11.1875012878620       0.384955666133481     
   3.80000000000000        11.5377076210938       0.397006070314413     
   3.90000000000000        11.8375397444763       0.407323126090767     
   4.00000000000000        12.1369715002809       0.417626405442553     
   4.10000000000000        12.4359926866831       0.427915557330684     
   4.20000000000000        12.7345931095153       0.438190230979556     
   4.30000000000000        13.0823253858998       0.450155504247227     
   4.40000000000000        13.3799793447557       0.460397610599696     
   4.50000000000000        13.6771803137757       0.470624129825105     
   4.60000000000000        14.0232396038904       0.482531836570337     
   4.70000000000000        14.3194243838703       0.492723389298869     
   4.80000000000000        14.6151240296401       0.502898248830392     
   4.90000000000000        14.9593916250701       0.514744304362984     
   5.00000000000000        15.2540055381656       0.524881804440048     
   5.10000000000000        15.5969790579104       0.536683331551626     
   5.20000000000000        15.8904597663457       0.546781838689729     
   5.30000000000000        16.2320838955735       0.558536934027850     
   5.40000000000000        16.5243840175225       0.568594817844844     
   5.50000000000000        16.8646035480259       0.580301581725950     
   5.60000000000000        17.1556757936103       0.590317215003549     
   5.70000000000000        17.4944356258155       0.601973751482103     
   5.80000000000000        17.7842327987484       0.611945510222459     
   5.90000000000000        18.1214779435669       0.623549927154660     
   6.00000000000000        18.4578848508554       0.635125500801981     
   6.10000000000000        18.7934376322439       0.646671684454490     
   6.20000000000000        19.1281204172964       0.658187932019360     
   6.30000000000000        19.4143606245590       0.668037297559145     
   6.40000000000000        19.7473854534945       0.679496495780730     
   6.50000000000000        20.0794950371204       0.690924200922781     
   6.60000000000000        20.4106735753255       0.702319869312308     
   6.70000000000000        20.7409052865562       0.713682957914865     
   6.80000000000000        21.0701744079470       0.725012924339066     
   6.90000000000000        21.4452107243850       0.737917714363561     
   7.00000000000000        21.7723643976942       0.749174889401691     
   7.10000000000000        22.0985060691137       0.760397242020449     
   7.20000000000000        22.4236200547529       0.771584232545922     
   7.30000000000000        22.7938290473569       0.784322917055493     
   7.40000000000000        23.1166883843244       0.795432326380394     
   7.50000000000000        23.4842801816175       0.808080954662183     
   7.60000000000000        23.8048131590600       0.819110315256134     
   7.70000000000000        24.1697059438668       0.831666072026861     
   7.80000000000000        24.5331260304243       0.844171154073984     
   7.90000000000000        24.8950502544363       0.856624764327023     
   8.00000000000000        25.2554554879883       0.869026106967361     
   8.10000000000000        25.6143186401490       0.881374387448962     
   8.20000000000000        25.9716166576301       0.893668812521057     
   8.30000000000000        26.3273265255076       0.905908590252984     
   8.40000000000000        26.6814252680119       0.918092930061343     
   8.50000000000000        27.0777730222583       0.931731034748934     
   8.60000000000000        27.4283723548514       0.943794961818223     
   8.70000000000000        27.8207259097957       0.957295628340361     
   8.80000000000000        28.2109181748140       0.970721926084185     
   8.90000000000000        28.5989167821175       0.984072741292171     
   9.00000000000000        28.9846894378924       0.997346962752244     
   9.10000000000000        29.3682039248616        1.01054348188590     
   9.20000000000000        29.7494281050608        1.02366119284375     
   9.30000000000000        30.1702358448366        1.03814095196166     
   9.40000000000000        30.5881335053264        1.05252057687790     
   9.50000000000000        31.0030774037981        1.06679856449410     
   9.60000000000000        31.4150240000997        1.08097341661793     
   9.70000000000000        31.8239299034323        1.09504364019628     
   9.80000000000000        32.2701203296596        1.11039680336750     
   9.90000000000000        32.7125228610325        1.12561962719399     
   10.0000000000000        33.1510804675724        1.14071014930608     
   10.1000000000000        33.6250179125871        1.15701807188475     
   10.2000000000000        34.0942397454494        1.17316373288502     
   10.3000000000000        34.5586731136706        1.18914462549347     
   10.4000000000000        35.0562890023384        1.20626731008333     
   10.5000000000000        35.5481097857060        1.22319058833895     
   10.6000000000000        36.0711489162548        1.24118807247177     
   10.7000000000000        36.5872507282239        1.25894684734985     
   10.8000000000000        37.1323663851068        1.27770397241429     
   10.9000000000000        37.7047297000599        1.29739867416304     
   11.0000000000000        38.2675730225729        1.31676579829306     
   11.1000000000000        38.8891512403266        1.33815395733882     
   11.2000000000000        39.5317073754708        1.36026395479651     
   11.3000000000000        40.1927686294081        1.38301070304856     
   11.4000000000000        40.8696653551405        1.40630234103395     
   11.5000000000000        41.6212221365818        1.43216298980551     
   11.6000000000000        42.4083721912608        1.45924838321456     
   11.7000000000000        43.2524666022420        1.48829320009529     
   11.8000000000000        44.1685642312714        1.51981560746331     
   11.9000000000000        45.1635177837640        1.55405140308170     
   12.0000000000000        46.2567029975457        1.59166729525909     
   12.1000000000000        47.4642629913215        1.63321875968702     
   12.2000000000000        48.7735870750949        1.67827186957140     
   12.3000000000000        50.1401409819550        1.72529422567994     
   12.4000000000000        51.4755081201548        1.77124346251053     
   12.5000000000000        51.7072803881804        1.77921861670567     
   12.6000000000000        51.7073253263468        1.77922016300286     
   12.7000000000000        51.7073702698388        1.77922170948330     
   12.8000000000000        51.7074152186576        1.77922325614703     
   12.9000000000000        51.7074601728042        1.77922480299409     
   13.0000000000000        51.7075051322797        1.77922635002451     
   13.1000000000000        51.7075500970852        1.77922789723833     
   13.2000000000000        51.7075950672217        1.77922944463559     
   13.3000000000000        51.7076400426903        1.77923099221633     
   13.4000000000000        51.7076850234921        1.77923253998058     
   13.5000000000000        51.7077300096281        1.77923408792837     
   13.6000000000000        51.7077750010995        1.77923563605976     
   13.7000000000000        51.7078199979072        1.77923718437476     
   13.8000000000000        51.7078650000524        1.77923873287342     
   13.9000000000000        51.7079100075362        1.77924028155578     
   14.0000000000000        51.7079550203596        1.77924183042188     
   14.1000000000000        51.7080000385237        1.77924337947174     
   14.2000000000000        51.7080450620295        1.77924492870541     
   14.3000000000000        51.7080900908781        1.77924647812292     
   14.4000000000000        51.7081351250707        1.77924802772432     
   14.5000000000000        51.7081801646083        1.77924957750963     
   14.6000000000000        51.7082252094919        1.77925112747890     
   14.7000000000000        51.7082702597226        1.77925267763216     
   14.8000000000000        51.7083153153015        1.77925422796944     
   14.9000000000000        51.7083603762297        1.77925577849080     
   15.0000000000000        51.7084054425083        1.77925732919625     
   15.1000000000000        51.7084505141382        1.77925888008585     
   15.2000000000000        51.7084955911207        1.77926043115962     
   15.3000000000000        51.7085406734567        1.77926198241760     
   15.4000000000000        51.7085857611474        1.77926353385984     
   15.5000000000000        51.7086308541938        1.77926508548636     
   15.6000000000000        51.7086759525970        1.77926663729720     
   15.7000000000000        51.7087210563580        1.77926818929241     
   15.8000000000000        51.7087661654780        1.77926974147202     
   15.9000000000000        51.7088112799580        1.77927129383606     
   16.0000000000000        51.7088563997991        1.77927284638457     
   16.1000000000000        51.7089015250024        1.77927439911759     
   16.2000000000000        51.7089466555689        1.77927595203516     
   16.3000000000000        51.7089917914997        1.77927750513731     
   16.4000000000000        51.7090369327959        1.77927905842408     
   16.5000000000000        51.7090820794585        1.77928061189551     
   16.6000000000000        51.7091272314887        1.77928216555163     
   16.7000000000000        51.7091723888875        1.77928371939248     
   16.8000000000000        51.7092175516560        1.77928527341810     
   16.9000000000000        51.7092627197953        1.77928682762853     
   17.0000000000000        51.7093078933064        1.77928838202380     
   17.1000000000000        51.7093530721904        1.77928993660394     
   17.2000000000000        51.7093982564485        1.77929149136901     
   17.3000000000000        51.7094434460815        1.77929304631902     
   17.4000000000000        51.7094886410908        1.77929460145403     
   17.5000000000000        51.7095338414772        1.77929615677406     
   17.6000000000000        51.7095790472420        1.77929771227916     
   17.7000000000000        51.7096242583861        1.77929926796936     
   17.8000000000000        51.7096694749106        1.77930082384469     
   17.9000000000000        51.7097146968167        1.77930237990521     
   18.0000000000000        51.7097599241054        1.77930393615093     
   18.1000000000000        51.7098051567778        1.77930549258190     
   18.2000000000000        51.7098503948349        1.77930704919817     
   18.3000000000000        51.7098956382779        1.77930860599975     
   18.4000000000000        51.7099408871077        1.77931016298669     
   18.5000000000000        51.7099861413256        1.77931172015903     
   18.6000000000000        51.7100314009325        1.77931327751681     
   18.7000000000000        51.7100766659296        1.77931483506006     
   18.8000000000000        51.7101219363179        1.77931639278882     
   18.9000000000000        51.7101672120984        1.77931795070312     
   19.0000000000000        51.7102124932724        1.77931950880301     
   19.1000000000000        51.7102577798408        1.77932106708851     
   19.2000000000000        51.7103030718047        1.77932262555968     
   19.3000000000000        51.7103483691653        1.77932418421653     
   19.4000000000000        51.7103936719235        1.77932574305912     
   19.5000000000000        51.7104389800805        1.77932730208748     
   19.6000000000000        51.7104842936373        1.77932886130164     
   19.7000000000000        51.7105296125950        1.77933042070165     
   19.8000000000000        51.7105749369548        1.77933198028753     
   19.9000000000000        51.7106202667176        1.77933354005933     
   20.0000000000000        51.7106656018846        1.77933510001709     
   20.1000000000000        51.7107109424568        1.77933666016084     
   20.2000000000000        51.7107562884353        1.77933822049061     
   20.3000000000000        51.7108016398213        1.77933978100645     
   20.4000000000000        51.7108469966157        1.77934134170840     
   20.5000000000000        51.7108923588196        1.77934290259648     
   20.6000000000000        51.7109377264342        1.77934446367074     
   20.7000000000000        51.7109830994604        1.77934602493121     
   20.8000000000000        51.7110284778995        1.77934758637794     
   20.9000000000000        51.7110738617524        1.77934914801095     
   21.0000000000000        51.7111192510203        1.77935070983029     
   21.1000000000000        51.7111646457042        1.77935227183599     
   21.2000000000000        51.7112100458053        1.77935383402809     
   21.3000000000000        51.7112554513245        1.77935539640662     
   21.4000000000000        51.7113008622629        1.77935695897163     
   21.5000000000000        51.7113462786218        1.77935852172316     
   21.6000000000000        51.7113917004020        1.77936008466123     
   21.7000000000000        51.7114371276048        1.77936164778588     
   21.8000000000000        51.7114825602311        1.77936321109716     
   21.9000000000000        51.7115279982821        1.77936477459510     
   22.0000000000000        51.7115734417589        1.77936633827973     
   22.1000000000000        51.7116188906625        1.77936790215110     
   22.2000000000000        51.7116643449940        1.77936946620924     
   22.3000000000000        51.7117098047545        1.77937103045419     
   22.4000000000000        51.7117552699451        1.77937259488599     
   22.5000000000000        51.7118007405668        1.77937415950467     
   22.6000000000000        51.7118462166208        1.77937572431027     
   22.7000000000000        51.7118916981081        1.77937728930282     
   22.8000000000000        51.7119371850298        1.77937885448237     
   22.9000000000000        51.7119826773870        1.77938041984895     
   23.0000000000000        51.7120281751807        1.77938198540261     
   23.1000000000000        51.7120736784121        1.77938355114337     
   23.2000000000000        51.7121191870822        1.77938511707127     
   23.3000000000000        51.7121647011921        1.77938668318635     
   23.4000000000000        51.7122102207429        1.77938824948865     
   23.5000000000000        51.7122557457357        1.77938981597820     
   23.6000000000000        51.7123012761716        1.77939138265505     
   23.7000000000000        51.7123468120515        1.77939294951923     
   23.8000000000000        51.7123923533767        1.77939451657078     
   23.9000000000000        51.7124379001482        1.77939608380973     
   24.0000000000000        51.7124834523671        1.77939765123612     
   24.1000000000000        51.7125290100345        1.77939921884999     
   24.2000000000000        51.7125745731514        1.77940078665137     
   24.3000000000000        51.7126201417190        1.77940235464031     
   24.4000000000000        51.7126657157383        1.77940392281684     
   24.5000000000000        51.7127112952103        1.77940549118100     
   24.6000000000000        51.7127568801363        1.77940705973282     
   24.7000000000000        51.7128024705172        1.77940862847235     
   24.8000000000000        51.7128480663542        1.77941019739962     
   24.9000000000000        51.7128936676484        1.77941176651466     
   25.0000000000000        51.7129392744007        1.77941333581751     
   25.1000000000000        51.7129848866124        1.77941490530822     
   25.2000000000000        51.7130305042845        1.77941647498682     
   25.3000000000000        51.7130761274180        1.77941804485335     
   25.4000000000000        51.7131217560141        1.77941961490783     
   25.5000000000000        51.7131673900738        1.77942118515032     
   25.6000000000000        51.7132130295983        1.77942275558085     
   25.7000000000000        51.7132586745885        1.77942432619945     
   25.8000000000000        51.7133043250457        1.77942589700617     
   25.9000000000000        51.7133499809709        1.77942746800103     
   26.0000000000000        51.7133956423651        1.77942903918409     
   26.1000000000000        51.7134413092295        1.77943061055536     
   26.2000000000000        51.7134869815651        1.77943218211490     
   26.3000000000000        51.7135326593730        1.77943375386274     
   26.4000000000000        51.7135783426544        1.77943532579892     
   26.5000000000000        51.7136240314102        1.77943689792347     
   26.6000000000000        51.7136697256417        1.77943847023643     
   26.7000000000000        51.7137154253498        1.77944004273785     
   26.8000000000000        51.7137611305356        1.77944161542775     
   26.9000000000000        51.7138068412003        1.77944318830617     
   27.0000000000000        51.7138525573449        1.77944476137315     
   27.1000000000000        51.7138982789706        1.77944633462873     
   27.2000000000000        51.7139440060783        1.77944790807295     
   27.3000000000000        51.7139897386692        1.77944948170584     
   27.4000000000000        51.7140354767444        1.77945105552744     
   27.5000000000000        51.7140812203049        1.77945262953780     
   27.6000000000000        51.7141269693519        1.77945420373693     
   27.7000000000000        51.7141727238864        1.77945577812489     
   27.8000000000000        51.7142184839096        1.77945735270171     
   27.9000000000000        51.7142642494224        1.77945892746742     
   28.0000000000000        51.7143100204261        1.77946050242208     
   28.1000000000000        51.7143557969216        1.77946207756570     
   28.2000000000000        51.7144015789101        1.77946365289834     
   28.3000000000000        51.7144473663926        1.77946522842002     
   28.4000000000000        51.7144931593703        1.77946680413078     
   28.5000000000000        51.7145389578442        1.77946838003067     
   28.6000000000000        51.7145847618155        1.77946995611972     
   28.7000000000000        51.7146305712851        1.77947153239797     
   28.8000000000000        51.7146763862543        1.77947310886545     
   28.9000000000000        51.7147222067240        1.77947468552220     
   29.0000000000000        51.7147680326954        1.77947626236826     
   29.1000000000000        51.7148138641696        1.77947783940367     
   29.2000000000000        51.7148597011477        1.77947941662847     
   29.3000000000000        51.7149055436306        1.77948099404268     
   29.4000000000000        51.7149513916196        1.77948257164636     
   29.5000000000000        51.7149972451157        1.77948414943953     
   29.6000000000000        51.7150431041200        1.77948572742223     
   29.7000000000000        51.7150889686337        1.77948730559451     
   29.8000000000000        51.7151348386577        1.77948888395640     
   29.9000000000000        51.7151807141932        1.77949046250793     
   30.0000000000000        51.7152265952412        1.77949204124915     
   30.1000000000000        51.7152724818029        1.77949362018009     
   30.2000000000000        51.7153183738793        1.77949519930079     
   30.3000000000000        51.7153642714716        1.77949677861129     
   30.4000000000000        51.7154101745808        1.77949835811162     
   30.5000000000000        51.7154560832081        1.77949993780182     
   30.6000000000000        51.7155019973544        1.77950151768193     
   30.7000000000000        51.7155479170209        1.77950309775199     
   30.8000000000000        51.7155938422087        1.77950467801204     
   30.9000000000000        51.7156397729189        1.77950625846210     
   31.0000000000000        51.7156857091526        1.77950783910222     
   31.1000000000000        51.7157316509108        1.77950941993245     
   31.2000000000000        51.7157775981947        1.77951100095280     
   31.3000000000000        51.7158235510053        1.77951258216333     
   31.4000000000000        51.7158695093437        1.77951416356407     
   31.5000000000000        51.7159154732111        1.77951574515505     
   31.6000000000000        51.7159614426085        1.77951732693632     
   31.7000000000000        51.7160074175370        1.77951890890792     
   31.8000000000000        51.7160533979977        1.77952049106987     
   31.9000000000000        51.7160993839917        1.77952207342222     
   32.0000000000000        51.7161453755200        1.77952365596500     
   32.1000000000000        51.7161913725839        1.77952523869826     
   32.2000000000000        51.7162373751843        1.77952682162203     
   32.3000000000000        51.7162833833224        1.77952840473634     
   32.4000000000000        51.7163293969992        1.77952998804124     
   32.5000000000000        51.7163754162159        1.77953157153677     
   32.6000000000000        51.7164214409735        1.77953315522295     
   32.7000000000000        51.7164674712731        1.77953473909983     
   32.8000000000000        51.7165135071159        1.77953632316745     
   32.9000000000000        51.7165595485029        1.77953790742584     
   33.0000000000000        51.7166055954352        1.77953949187504     
   33.1000000000000        51.7166516479139        1.77954107651510     
   33.2000000000000        51.7166977059401        1.77954266134603     
   33.3000000000000        51.7167437695149        1.77954424636790     
   33.4000000000000        51.7167898386394        1.77954583158072     
   33.5000000000000        51.7168359133146        1.77954741698454     
   33.6000000000000        51.7168819935417        1.77954900257940     
   33.7000000000000        51.7169280793218        1.77955058836533     
   33.8000000000000        51.7169741706560        1.77955217434238     
   33.9000000000000        51.7170202675453        1.77955376051058     
   34.0000000000000        51.7170663699909        1.77955534686996     
   34.1000000000000        51.7171124779938        1.77955693342057     
   34.2000000000000        51.7171585915551        1.77955852016244     
   34.3000000000000        51.7172047106760        1.77956010709561     
   34.4000000000000        51.7172508353575        1.77956169422012     
   34.5000000000000        51.7172969656008        1.77956328153600     
   34.6000000000000        51.7173431014068        1.77956486904330     
   34.7000000000000        51.7173892427768        1.77956645674205     
   34.8000000000000        51.7174353897117        1.77956804463229     
   34.9000000000000        51.7174815422128        1.77956963271406     
   35.0000000000000        51.7175277002811        1.77957122098739     
   35.1000000000000        51.7175738639177        1.77957280945232     
   35.2000000000000        51.7176200331237        1.77957439810889     
   35.3000000000000        51.7176662079001        1.77957598695714     
   35.4000000000000        51.7177123882482        1.77957757599710     
   35.5000000000000        51.7177585741689        1.77957916522882     
   35.6000000000000        51.7178047656634        1.77958075465233     
   35.7000000000000        51.7178509627328        1.77958234426767     
   35.8000000000000        51.7178971653782        1.77958393407487     
   35.9000000000000        51.7179433736006        1.77958552407397     
   36.0000000000000        51.7179895874012        1.77958711426502     
   36.1000000000000        51.7180358067810        1.77958870464805     
   36.2000000000000        51.7180820317413        1.77959029522309     
   36.3000000000000        51.7181282622829        1.77959188599019     
   36.4000000000000        51.7181744984072        1.77959347694938     
   36.5000000000000        51.7182207401150        1.77959506810070     
   36.6000000000000        51.7182669874077        1.77959665944419     
   36.7000000000000        51.7183132402861        1.77959825097989     
   36.8000000000000        51.7183594987516        1.77959984270783     
   36.9000000000000        51.7184057628050        1.77960143462805     
   37.0000000000000        51.7184520324476        1.77960302674059     
   37.1000000000000        51.7184983076805        1.77960461904548     
   37.2000000000000        51.7185445885046        1.77960621154278     
   37.3000000000000        51.7185908749213        1.77960780423250     
   37.4000000000000        51.7186371669314        1.77960939711470     
   37.5000000000000        51.7186834645362        1.77961099018940     
   37.6000000000000        51.7187297677367        1.77961258345665     
   37.7000000000000        51.7187760765341        1.77961417691648     
   37.8000000000000        51.7188223909294        1.77961577056894     
   37.9000000000000        51.7188687109237        1.77961736441405     
   38.0000000000000        51.7189150365181        1.77961895845186     
   38.1000000000000        51.7189613677138        1.77962055268241     
   38.2000000000000        51.7190077045118        1.77962214710573     
   38.3000000000000        51.7190540469133        1.77962374172186     
   38.4000000000000        51.7191003949192        1.77962533653084     
   38.5000000000000        51.7191467485308        1.77962693153270     
   38.6000000000000        51.7191931077492        1.77962852672749     
   38.7000000000000        51.7192394725753        1.77963012211525     
   38.8000000000000        51.7192858430104        1.77963171769600     
   38.9000000000000        51.7193322190555        1.77963331346979     
   39.0000000000000        51.7193786007118        1.77963490943666     
   39.1000000000000        51.7194249879803        1.77963650559664     
   39.2000000000000        51.7194713808621        1.77963810194977     
   39.3000000000000        51.7195177793584        1.77963969849609     
   39.4000000000000        51.7195641834701        1.77964129523564     
   39.5000000000000        51.7196105931986        1.77964289216846     
   39.6000000000000        51.7196570085448        1.77964448929458     
   39.7000000000000        51.7197034295098        1.77964608661404     
   39.8000000000000        51.7197498560947        1.77964768412687     
   39.9000000000000        51.7197962883007        1.77964928183313     
   40.0000000000000        51.7198427261289        1.77965087973284     
