  0.000000000000000E+000  7.255367264682663E-017  0.000000000000000E+000
  0.100000000000000       3.556471824075294E-003 -1.584345794969346E-004
  0.200000000000000       8.298378877222776E-003 -6.388436248485770E-004
  0.300000000000000       1.185472609911358E-002 -1.440751466232957E-003
  0.400000000000000       1.541096652029022E-002 -2.559530885317402E-003
  0.500000000000000       2.015239890553717E-002 -4.000791163749055E-003
  0.600000000000000       2.370826553263332E-002 -5.763064714381363E-003
  0.700000000000000       2.726391856899195E-002 -7.842217074234967E-003
  0.800000000000000       3.200440166595240E-002 -1.024442790126960E-002
  0.900000000000000       3.555943175375150E-002 -1.296711601621299E-002
   1.00000000000000       3.911414148217031E-002 -1.600669491091847E-002
   1.10000000000000       4.385320076548264E-002 -1.937002144056122E-002
   1.20000000000000       4.740703845322039E-002 -2.305319823638185E-002
   1.30000000000000       5.096044904500326E-002 -2.705328239864473E-002
   1.40000000000000       5.569761013183051E-002 -3.137795506608347E-002
   1.50000000000000       5.924989967810264E-002 -3.602171945124894E-002
   1.60000000000000       6.280165543459784E-002 -4.098241223386978E-002
   1.70000000000000       6.753644413211372E-002 -4.626872597623069E-002
   1.80000000000000       7.108682995048589E-002 -5.187320101768960E-002
   1.90000000000000       7.463657533869182E-002 -5.779462971145324E-002
   2.00000000000000       7.936851769154769E-002 -6.404294296764133E-002
   2.10000000000000       8.291664438614994E-002 -7.060827509442277E-002
   2.20000000000000       8.764631244498192E-002 -7.749197766891223E-002
   2.30000000000000       9.119264641207223E-002 -8.470132357413269E-002
   2.40000000000000       9.473815881317427E-002 -9.222768161896737E-002
   2.50000000000000       9.946417548253893E-002 -0.100074164764329     
   2.60000000000000       0.103007646690911      -0.108244690663945     
   2.70000000000000       0.106550189890475      -0.116732264744169     
   2.80000000000000       0.111272082093109      -0.125542055471212     
   2.90000000000000       0.114812335839049      -0.134673968499660     
   3.00000000000000       0.118351555226256      -0.144122968738826     
   3.10000000000000       0.123068850297758      -0.153896651959265     
   3.20000000000000       0.126605532199623      -0.163990178265796     
   3.30000000000000       0.131319328288540      -0.174400835631147     
   3.40000000000000       0.134853299232516      -0.185139049866756     
   3.50000000000000       0.138386055266206      -0.196194433069842     
   3.60000000000000       0.143094451775927      -0.207570148022678     
   3.70000000000000       0.146624249266576      -0.219270432935686     
   3.80000000000000       0.150152725800975      -0.231287932423004     
   3.90000000000000       0.154855251418025      -0.243629439350183     
   4.00000000000000       0.158380522120382      -0.256292067131624     
   4.10000000000000       0.163078657993855      -0.269272089994905     
   4.20000000000000       0.166600549951338      -0.282580038887256     
   4.30000000000000       0.170120940983573      -0.296205294255580     
   4.40000000000000       0.174812406105431      -0.310152523380588     
   4.50000000000000       0.178329171664042      -0.324423346960821     
   4.60000000000000       0.181844330632781      -0.339011525056079     
   4.70000000000000       0.186528655384393      -0.353926825497667     
   4.80000000000000       0.190039942513672      -0.369160827717499     
   4.90000000000000       0.194718989963891      -0.384716467539354     
   5.00000000000000       0.198226233026765      -0.400596510089122     
   5.10000000000000       0.201731690244645      -0.416794001405309     
   5.20000000000000       0.206402800638447      -0.433319340646889     
   5.30000000000000       0.209903968097613      -0.450163141298195     
   5.40000000000000       0.214569244292008      -0.467330110915249     
   5.50000000000000       0.218065950261880      -0.484820447837866     
   5.60000000000000       0.222725163427315      -0.502629633949702     
   5.70000000000000       0.226217236396147      -0.520766738203452     
   5.80000000000000       0.229707271345524      -0.539221428579389     
   5.90000000000000       0.234357426683746      -0.558002848850243     
   6.00000000000000       0.237842584011588      -0.577104586073487     
   6.10000000000000       0.242486121852261      -0.596529633863374     
   6.20000000000000       0.245966230613276      -0.616278654143125     
   6.30000000000000       0.250602923193100      -0.636347963260035     
   6.40000000000000       0.254077812689627      -0.656744504496856     
   6.50000000000000       0.257550413167274      -0.677458754852917     
   6.60000000000000       0.262176932371441      -0.698503022269402     
   6.70000000000000       0.265644070176957      -0.719865071745174     
   6.80000000000000       0.270263192400794      -0.741555104203269     
   6.90000000000000       0.273724697472735      -0.763565189646899     
   7.00000000000000       0.278336196150518      -0.785901656782530     
   7.10000000000000       0.281791898703725      -0.808560014054223     
   7.20000000000000       0.286395547643661      -0.831543594319802     
   7.30000000000000       0.289845278177587      -0.854850457465518     
   7.40000000000000       0.294440851572909      -0.878481836997548     
   7.50000000000000       0.297884440879929      -0.902437437403702     
   7.60000000000000       0.302471713319972      -0.926717308864892     
   7.70000000000000       0.305908992493687      -0.951321874394567     
   7.80000000000000       0.310487738974944      -0.976250935791059     
   7.90000000000000       0.313918539418462       -1.00150468990222     
   8.00000000000000       0.318488535355620       -1.02708364337670     
   8.10000000000000       0.321912688789830       -1.05298680422296     
   8.20000000000000       0.326473710026785       -1.07921635482429     
   8.30000000000000       0.329891048498608       -1.10576913433868     
   8.40000000000000       0.334442871319462       -1.13264998876876     
   8.50000000000000       0.337853227210088       -1.15985259173119     
   8.60000000000000       0.342395628350121       -1.18738545706980     
   8.70000000000000       0.346932545608632       -1.21523879164919     
   8.80000000000000       0.350331591039853       -1.24342366256685     
   8.90000000000000       0.354858736710878       -1.27193022973208     
   9.00000000000000       0.358250370133506       -1.30076549679823     
   9.10000000000000       0.362767522162726       -1.32992600116421     
   9.20000000000000       0.366151577218772       -1.35941183768574     
   9.30000000000000       0.370658514042052       -1.38922697951658     
   9.40000000000000       0.375159514319396       -1.41936450160609     
   9.50000000000000       0.378531325299499       -1.44983402102817     
   9.60000000000000       0.383021763215193       -1.48062739096544     
   9.70000000000000       0.386385569777461       -1.51174796220735     
   9.80000000000000       0.390865225077683       -1.54319786529553     
   9.90000000000000       0.395338620196971       -1.57497154277722     
   10.0000000000000       0.398689515188836       -1.60707672962738     
   10.1000000000000       0.403151782652212       -1.63950812637352     
   10.2000000000000       0.406494249770982       -1.67226476294870     
   10.3000000000000       0.410945170706373       -1.70535453994117     
   10.4000000000000       0.415389509856131       -1.73876947021702     
   10.5000000000000       0.418718402097519       -1.77251152090043     
   10.6000000000000       0.423151051906026       -1.80658597830422     
   10.7000000000000       0.427576924436898       -1.84098644849716     
   10.8000000000000       0.430891838600301       -1.87571438570948     
   10.9000000000000       0.435305680392488       -1.91077549993685     
   11.0000000000000       0.439712550235915       -1.94616347387116     
   11.1000000000000       0.444112377549213       -1.98187866348976     
   11.2000000000000       0.447407583978265       -2.01792740517212     
   11.3000000000000       0.451794917367320       -2.05430479490734     
   11.4000000000000       0.456175014712473       -2.09101022605328     
   11.5000000000000       0.459455296861980       -2.12804581417995     
   11.6000000000000       0.463822562396024       -2.16541447069835     
   11.7000000000000       0.468182399248833       -2.20311197371656     
   11.8000000000000       0.472534737592331       -2.24113866534158     
   11.9000000000000       0.475794028514964       -2.27949634519535     
   12.0000000000000       0.480133076805213       -2.31818767647934     
   12.1000000000000       0.484464435181545       -2.35720896913877     
   12.2000000000000       0.488788034272000       -2.39656055426338     
   12.3000000000000       0.493103804828891       -2.43624275997424     
   12.4000000000000       0.496335453685277       -2.47625839149384     
   12.5000000000000       0.500637358058939       -2.51660695561198     
   12.6000000000000       0.504931244117736       -2.55728686378890     
   12.7000000000000       0.509217043089872       -2.59829843008469     
   12.8000000000000       0.513494686333075       -2.63964196477170     
   12.9000000000000       0.517764105335697       -2.68131777416061     
   13.0000000000000       0.520960731289999       -2.72332764848256     
   13.1000000000000       0.525215593412262       -2.76567170422639     
   13.2000000000000       0.529462043569393       -2.80834868507158     
   13.3000000000000       0.533700013749338       -2.85135887954470     
   13.4000000000000       0.537929436075863       -2.89470257138451     
   13.5000000000000       0.542150242809635       -2.93838003936696     
   13.6000000000000       0.546362366349313       -2.98239155713017     
   13.7000000000000       0.550565739232627       -3.02673739299927     
   13.8000000000000       0.554760294137457       -3.07141780981124     
   13.9000000000000       0.558945963882918       -3.11643306473964     
   14.0000000000000       0.563122681430427       -3.16178340911952     
   14.1000000000000       0.567290379884786       -3.20746908827212     
   14.2000000000000       0.571448992495244       -3.25349034132985     
   14.3000000000000       0.575598452656575       -3.29984740106115     
   14.4000000000000       0.579738693910138       -3.34654049369565     
   14.5000000000000       0.583869649944945       -3.39356983874927     
   14.6000000000000       0.587991254598721       -3.44093564884963     
   14.7000000000000       0.592103441858966       -3.48863812956152     
   14.8000000000000       0.596206145864010       -3.53667747921267     
   14.9000000000000       0.600299300904070       -3.58505388871965     
   15.0000000000000       0.604382841422300       -3.63376754141412     
   15.1000000000000       0.608456702015844       -3.68281861286931     
   15.2000000000000       0.612520817436878       -3.73220727072676     
   15.3000000000000       0.616575122593664       -3.78193367452342     
   15.4000000000000       0.620619552551583       -3.83199797551916     
   15.5000000000000       0.625661104332841       -3.88240172308466     
   15.6000000000000       0.629683078497031       -3.93314547009592     
   15.7000000000000       0.633694967522533       -3.98422775059856     
   15.8000000000000       0.637696707154075       -4.03564868005797     
   15.9000000000000       0.641688233298941       -4.08740836475980     
   16.0000000000000       0.646663180888001       -4.13950777815796     
   16.1000000000000       0.650631493197806       -4.19194975551749     
   16.2000000000000       0.654589384854639       -4.24473097882513     
   16.3000000000000       0.658536792468062       -4.29785151474542     
   16.4000000000000       0.663456212499299       -4.35131312858994     
   16.5000000000000       0.667379800115141       -4.40511796707829     
   16.6000000000000       0.671292698833550       -4.45926248058390     
   16.7000000000000       0.676168695512370       -4.51374745662611     
   16.8000000000000       0.680057315337447       -4.56857767517576     
   16.9000000000000       0.683935043219299       -4.62374782730021     
   17.0000000000000       0.688766791677744       -4.67926040622091     
   17.1000000000000       0.692619785877752       -4.73511743907075     
   17.2000000000000       0.696461686931322       -4.79131455445959     
   17.3000000000000       0.701248369786870       -4.84785859150673     
   17.4000000000000       0.705065086554258       -4.90474352354373     
   17.5000000000000       0.709820095326904       -4.96197410515731     
   17.6000000000000       0.713611318342448       -5.01954751323561     
   17.7000000000000       0.718334267488274       -5.07746654834746     
   17.8000000000000       0.722099689353388       -5.13572897045395     
   17.9000000000000       0.726790195927924       -5.19433822760550     
   18.0000000000000       0.730529511336021       -5.25329007614209     
   18.1000000000000       0.735187195025294       -5.31259117819595     
   18.2000000000000       0.739826480423450       -5.37223558894411     
   18.3000000000000       0.743524583937910       -5.43222715476268     
   18.4000000000000       0.748130460152379       -5.49256593327868     
   18.5000000000000       0.752717614166445       -5.55324978671486     
   18.6000000000000       0.756373780235370       -5.61428199870321     
   18.7000000000000       0.760926945322062       -5.67566236869277     
   18.8000000000000       0.765461067972279       -5.73738937476175     
   18.9000000000000       0.769976034718174       -5.79946363341741     
   19.0000000000000       0.773574139919350       -5.86188792813542     
   19.1000000000000       0.778054341630484       -5.92466118787021     
   19.2000000000000       0.782515072286656       -5.98778296792862     
   19.3000000000000       0.786956220256677       -6.05125377906657     
   19.4000000000000       0.791377674399419       -6.11507410355689     
   19.5000000000000       0.795779324066600       -6.17924439472319     
   19.6000000000000       0.800161059105551       -6.24376507647802     
   19.7000000000000       0.804522769861972       -6.30863654286499     
   19.8000000000000       0.808864347182678       -6.37385915760520     
   19.9000000000000       0.813185682418329       -6.43943325364783     
   20.0000000000000       0.817486667426149       -6.50535913272508     
   20.1000000000000       0.821767194572635       -6.57163706491138     
   20.2000000000000       0.826027156736245       -6.63826728818697     
   20.3000000000000       0.830266447310086       -6.70525000800603     
   20.4000000000000       0.834484960204575       -6.77258539686905     
   20.5000000000000       0.838682589850098       -6.84027359389995     
   20.6000000000000       0.843692031666857       -6.90831648460951     
   20.7000000000000       0.847843349138922       -6.97671402437861     
   20.8000000000000       0.851973449064130       -7.04546493162260     
   20.9000000000000       0.856901416323336       -7.11456996462532     
   21.0000000000000       0.860984474580077       -7.18403216302068     
   21.1000000000000       0.865045986429158       -7.25384793941916     
   21.2000000000000       0.869891216318073       -7.32402079155317     
   21.3000000000000       0.873904969058306       -7.39454904262195     
   21.4000000000000       0.878692595479714       -7.46543442820404     
   21.5000000000000       0.882658102959128       -7.53667575284988     
   21.6000000000000       0.887387546028274       -7.60827588135160     
   21.7000000000000       0.892085010826676       -7.68023210044482     
   21.8000000000000       0.895975014817826       -7.75254713664775     
   21.9000000000000       0.900613413964834       -7.82522107159802     
   22.0000000000000       0.905219358228159       -7.89825309682932     
   22.1000000000000       0.909792681626058       -7.97164393288272     
   22.2000000000000       0.914333219352324       -8.04539422711566     
   22.3000000000000       0.918091838097794       -8.11950480648170     
   22.4000000000000       0.922571844646081       -8.19397593814553     
   22.5000000000000       0.927018605007445       -8.26880750861854     
   22.6000000000000       0.932164258892237       -8.34400032088811     
   22.7000000000000       0.936538437724484       -8.41955499191273     
   22.8000000000000       0.940878867063786       -8.49547141833957     
   22.9000000000000       0.945185390496607       -8.57174971051402     
   23.0000000000000       0.949457852831256       -8.64838989870859     
   23.1000000000000       0.954399137442182       -8.72539431030486     
   23.2000000000000       0.958597274193127       -8.80276172799303     
   23.3000000000000       0.963451429547420       -8.88049262034805     
   23.4000000000000       0.967574530519656       -8.95858821707115     
   23.5000000000000       0.972340735444237       -9.03704841186836     
   23.6000000000000       0.977059247523306       -9.11587278556857     
   23.7000000000000       0.981065551336783       -9.19506368306284     
   23.8000000000000       0.985694878743532       -9.27462039380444     
   23.9000000000000       0.990275858290461       -9.35454315640394     
   24.0000000000000       0.994808265282725       -9.43483253029398     
   24.1000000000000       0.999291877407940       -9.51548892255569     
   24.2000000000000        1.00372647474709       -9.59651258642450     
   24.3000000000000        1.00873428896917       -9.67790463837574     
   24.4000000000000        1.01306312527408       -9.75966542034878     
   24.5000000000000        1.01734227131984       -9.84179382637737     
   24.6000000000000        1.02217160959361       -9.92429296478949     
   24.7000000000000        1.02693546285423       -10.0071607957830     
   24.8000000000000        1.03163352590735       -10.0903984729659     
   24.9000000000000        1.03569012583546       -10.1740073101734     
   25.0000000000000        1.04026402434377       -10.2579868779975     
   25.1000000000000        1.04532998521609       -10.3423381185456     
   25.2000000000000        1.04976192007986       -10.4270613667590     
   25.3000000000000        1.05412660236834       -10.5121561952589     
   25.4000000000000        1.05895613410550       -10.5976244111361     
   25.5000000000000        1.06369980394079       -10.6834652689687     
   25.6000000000000        1.06835722724967       -10.7696798305574     
   25.7000000000000        1.07292802640060       -10.8562687174280     
   25.8000000000000        1.07741183078570       -10.9432321070184     
   25.9000000000000        1.08229136281595       -11.0305699103898     
   26.0000000000000        1.08659032630622       -11.1182838433173     
   26.1000000000000        1.09126360738158       -11.2063734207497     
   26.2000000000000        1.09582765227841       -11.2948390599245     
   26.3000000000000        1.10072138893917       -11.3836820472219     
   26.4000000000000        1.10548180451424       -11.4729018503939     
   26.5000000000000        1.11010832241470       -11.5624996110365     
   26.6000000000000        1.11460038226949       -11.6524754593298     
   26.7000000000000        1.11934682346205       -11.7428300681399     
   26.8000000000000        1.12393191709701       -11.8335635749573     
   26.9000000000000        1.12871625965306       -11.9246770025572     
   27.0000000000000        1.13330965829861       -12.0161701585027     
   27.1000000000000        1.13804196388982       -12.1080441372279     
   27.2000000000000        1.14286449643059       -12.2002992426459     
   27.3000000000000        1.14772479296160       -12.2929356054337     
   27.4000000000000        1.15229098009374       -12.3859541475367     
   27.5000000000000        1.15707493400093       -12.4793550988959     
   27.6000000000000        1.16171752030000       -12.5731389219580     
   27.7000000000000        1.16656859366432       -12.6673063285007     
   27.8000000000000        1.17121602653907       -12.7618575434066     
   27.9000000000000        1.17607543870735       -12.8567932995069     
   28.0000000000000        1.18080824150131       -12.9521139142941     
   28.1000000000000        1.18489139394871       -13.0478158439330     
   28.2000000000000        1.18489139394871       -13.1436585398746     
   28.3000000000000        1.18489139394871       -13.2395012358162     
   28.4000000000000        1.18489139394871       -13.3353439317577     
   28.5000000000000        1.18489139394871       -13.4311866276993     
   28.6000000000000        1.18489139394871       -13.5270293236408     
   28.7000000000000        1.18489139394871       -13.6228720195824     
   28.8000000000000        1.18489139394871       -13.7187147155240     
   28.9000000000000        1.18489139394871       -13.8145574114655     
   29.0000000000000        1.18489139394871       -13.9104001074071     
   29.1000000000000        1.18489139394871       -14.0062428033487     
   29.2000000000000        1.18489139394871       -14.1020854992902     
   29.3000000000000        1.18489139394871       -14.1979281952318     
   29.4000000000000        1.18489139394871       -14.2937708911734     
   29.5000000000000        1.18489139394871       -14.3896135871149     
   29.6000000000000        1.18489139394871       -14.4854562830565     
   29.7000000000000        1.18489139394871       -14.5812989789981     
   29.8000000000000        1.18489139394871       -14.6771416749396     
   29.9000000000000        1.18489139394871       -14.7729843708812     
   30.0000000000000        1.18489139394871       -14.8688270668228     
   30.1000000000000        1.18489139394871       -14.9646697627643     
   30.2000000000000        1.18489139394871       -15.0605124587059     
   30.3000000000000        1.18489139394871       -15.1563551546475     
   30.4000000000000        1.18489139394871       -15.2521978505890     
   30.5000000000000        1.18489139394871       -15.3480405465306     
   30.6000000000000        1.18489139394871       -15.4438832424722     
   30.7000000000000        1.18489139394871       -15.5397259384137     
   30.8000000000000        1.18489139394871       -15.6355686343553     
   30.9000000000000        1.18489139394871       -15.7314113302969     
   31.0000000000000        1.18489139394871       -15.8272540262384     
   31.1000000000000        1.18489139394871       -15.9230967221800     
   31.2000000000000        1.18489139394871       -16.0189394181216     
   31.3000000000000        1.18489139394871       -16.1147821140631     
   31.4000000000000        1.18489139394871       -16.2106248100047     
   31.5000000000000        1.18489139394871       -16.3064675059463     
   31.6000000000000        1.18489139394871       -16.4023102018878     
   31.7000000000000        1.18489139394871       -16.4981528978294     
   31.8000000000000        1.18489139394871       -16.5939955937710     
   31.9000000000000        1.18489139394871       -16.6898382897125     
   32.0000000000000        1.18489139394871       -16.7856809856541     
   32.1000000000000        1.18489139394871       -16.8815236815956     
   32.2000000000000        1.18489139394871       -16.9773663775372     
   32.3000000000000        1.18489139394871       -17.0732090734788     
   32.4000000000000        1.18489139394871       -17.1690517694203     
   32.5000000000000        1.18489139394871       -17.2648944653619     
   32.6000000000000        1.18489139394871       -17.3607371613035     
   32.7000000000000        1.18489139394871       -17.4565798572450     
   32.8000000000000        1.18489139394871       -17.5524225531866     
   32.9000000000000        1.18489139394871       -17.6482652491282     
   33.0000000000000        1.18489139394871       -17.7441079450697     
   33.1000000000000        1.18489139394871       -17.8399506410113     
   33.2000000000000        1.18489139394871       -17.9357933369529     
   33.3000000000000        1.18489139394871       -18.0316360328944     
   33.4000000000000        1.18489139394871       -18.1274787288360     
   33.5000000000000        1.18489139394871       -18.2233214247776     
   33.6000000000000        1.18489139394871       -18.3191641207191     
   33.7000000000000        1.18489139394871       -18.4150068166607     
   33.8000000000000        1.18489139394871       -18.5108495126023     
   33.9000000000000        1.18489139394871       -18.6066922085438     
   34.0000000000000        1.18489139394871       -18.7025349044854     
   34.1000000000000        1.18489139394871       -18.7983776004270     
   34.2000000000000        1.18489139394871       -18.8942202963685     
   34.3000000000000        1.18489139394871       -18.9900629923101     
   34.4000000000000        1.18489139394871       -19.0859056882517     
   34.5000000000000        1.18489139394871       -19.1817483841932     
   34.6000000000000        1.18489139394871       -19.2775910801348     
   34.7000000000000        1.18489139394871       -19.3734337760764     
   34.8000000000000        1.18489139394871       -19.4692764720179     
   34.9000000000000        1.18489139394871       -19.5651191679595     
   35.0000000000000        1.18489139394871       -19.6609618639011     
   35.1000000000000        1.18489139394871       -19.7568045598426     
   35.2000000000000        1.18489139394871       -19.8526472557842     
   35.3000000000000        1.18489139394871       -19.9484899517258     
   35.4000000000000        1.18489139394871       -20.0443326476673     
   35.5000000000000        1.18489139394871       -20.1401753436089     
   35.6000000000000        1.18489139394871       -20.2360180395505     
   35.7000000000000        1.18489139394871       -20.3318607354920     
   35.8000000000000        1.18489139394871       -20.4277034314336     
   35.9000000000000        1.18489139394871       -20.5235461273752     
   36.0000000000000        1.18489139394871       -20.6193888233167     
   36.1000000000000        1.18489139394871       -20.7152315192583     
   36.2000000000000        1.18489139394871       -20.8110742151999     
   36.3000000000000        1.18489139394871       -20.9069169111414     
   36.4000000000000        1.18489139394871       -21.0027596070830     
   36.5000000000000        1.18489139394871       -21.0986023030245     
   36.6000000000000        1.18489139394871       -21.1944449989661     
   36.7000000000000        1.18489139394871       -21.2902876949077     
   36.8000000000000        1.18489139394871       -21.3861303908492     
   36.9000000000000        1.18489139394871       -21.4819730867908     
   37.0000000000000        1.18489139394871       -21.5778157827324     
   37.1000000000000        1.18489139394871       -21.6736584786739     
   37.2000000000000        1.18489139394871       -21.7695011746155     
   37.3000000000000        1.18489139394871       -21.8653438705571     
   37.4000000000000        1.18489139394871       -21.9611865664986     
   37.5000000000000        1.18489139394871       -22.0570292624402     
   37.6000000000000        1.18489139394871       -22.1528719583818     
   37.7000000000000        1.18489139394871       -22.2487146543233     
   37.8000000000000        1.18489139394871       -22.3445573502649     
   37.9000000000000        1.18489139394871       -22.4404000462065     
   38.0000000000000        1.18489139394871       -22.5362427421480     
   38.1000000000000        1.18489139394871       -22.6320854380896     
   38.2000000000000        1.18489139394871       -22.7279281340312     
   38.3000000000000        1.18489139394871       -22.8237708299727     
   38.4000000000000        1.18489139394871       -22.9196135259143     
   38.5000000000000        1.18489139394871       -23.0154562218559     
   38.6000000000000        1.18489139394871       -23.1112989177974     
   38.7000000000000        1.18489139394871       -23.2071416137390     
   38.8000000000000        1.18489139394871       -23.3029843096806     
   38.9000000000000        1.18489139394871       -23.3988270056221     
   39.0000000000000        1.18489139394871       -23.4946697015637     
   39.1000000000000        1.18489139394871       -23.5905123975053     
   39.2000000000000        1.18489139394871       -23.6863550934468     
   39.3000000000000        1.18489139394871       -23.7821977893884     
   39.4000000000000        1.18489139394871       -23.8780404853300     
   39.5000000000000        1.18489139394871       -23.9738831812715     
   39.6000000000000        1.18489139394871       -24.0697258772131     
   39.7000000000000        1.18489139394871       -24.1655685731547     
   39.8000000000000        1.18489139394871       -24.2614112690962     
   39.9000000000000        1.18489139394871       -24.3572539650378     
   40.0000000000000        1.18489139394871       -24.4530966609794     
