 # applied field (T), theta (degree), phi (degree), abs for RE 3-4
     0.00000     0.00000     0.00000     0.29517     0.00000     0.00000     0.27904
     0.10000     0.22774   360.00000     0.29517     0.03348   180.00000     0.27905
     0.20000     0.45558   360.00000     0.29518     0.06689   180.00000     0.27906
     0.30000     0.68362   360.00000     0.29519     0.10016   180.00000     0.27909
     0.40000     0.91197   360.00000     0.29521     0.13322   180.00000     0.27913
     0.50000     1.16966   360.00000     0.29523     0.18063   180.00000     0.27918
     0.60000     1.39903   360.00000     0.29526     0.21299   180.00000     0.27924
     0.70000     1.62902   360.00000     0.29529     0.24491   180.00000     0.27931
     0.80000     1.85974   360.00000     0.29533     0.27634   180.00000     0.27939
     0.90000     2.09130   360.00000     0.29538     0.30718   180.00000     0.27947
     1.00000     2.32378   360.00000     0.29542     0.33739   180.00000     0.27957
     1.10000     2.55730   360.00000     0.29548     0.36689   180.00000     0.27968
     1.20000     2.82196   360.00000     0.29554     0.40949   180.00000     0.27982
     1.30000     3.05806   360.00000     0.29561     0.43721   180.00000     0.27995
     1.40000     3.29551   360.00000     0.29567     0.46400   180.00000     0.28009
     1.50000     3.53441   360.00000     0.29574     0.48980   180.00000     0.28024
     1.60000     3.80588   360.00000     0.29583     0.52769   180.00000     0.28043
     1.70000     4.04825   360.00000     0.29592     0.55111   180.00000     0.28061
     1.80000     4.29238   360.00000     0.29600     0.57332   180.00000     0.28079
     1.90000     4.57035   360.00000     0.29611     0.60673   180.00000     0.28101
     2.00000     4.81861   360.00000     0.29620     0.62610   180.00000     0.28121
     2.10000     5.10168   360.00000     0.29632     0.65600   180.00000     0.28146
     2.20000     5.35452   360.00000     0.29642     0.67224   180.00000     0.28168
     2.30000     5.64320   360.00000     0.29655     0.69828   180.00000     0.28196
     2.40000     5.90106   360.00000     0.29666     0.71109   180.00000     0.28220
     2.50000     6.19586   360.00000     0.29680     0.73294   180.00000     0.28250
     2.60000     6.45916   360.00000     0.29692     0.74203   180.00000     0.28275
     2.70000     6.76056   360.00000     0.29707     0.75935   180.00000     0.28307
     2.80000     7.06573   360.00000     0.29722     0.77408   180.00000     0.28340
     2.90000     7.37480   360.00000     0.29737     0.78614   180.00000     0.28375
     3.00000     7.68790   360.00000     0.29753     0.79544   180.00000     0.28410
     3.10000     8.00517   360.00000     0.29769     0.80189   180.00000     0.28446
     3.20000     8.32673   360.00000     0.29786     0.80540   180.00000     0.28484
     3.30000     8.65273   360.00000     0.29803     0.80588   180.00000     0.28523
     3.40000     8.98327   360.00000     0.29821     0.80326   180.00000     0.28562
     3.50000     9.31849   360.00000     0.29838     0.79745   180.00000     0.28603
     3.60000     9.69972   360.00000     0.29859     0.79433   180.00000     0.28651
     3.70000    10.04537   360.00000     0.29878     0.78140   180.00000     0.28694
     3.80000    10.43883   360.00000     0.29899     0.76990   180.00000     0.28745
     3.90000    10.79542   360.00000     0.29918     0.74949   180.00000     0.28789
     4.00000    11.20170   360.00000     0.29941     0.72920   180.00000     0.28842
     4.10000    11.61504   360.00000     0.29963     0.70407   180.00000     0.28896
     4.20000    12.03559   360.00000     0.29986     0.67398   180.00000     0.28951
     4.30000    12.51079   360.00000     0.30012     0.64053   180.00000     0.29015
     4.40000    12.94714   360.00000     0.30035     0.59957   180.00000     0.29072
     4.50000    13.44047   360.00000     0.30061     0.55358   180.00000     0.29138
     4.60000    13.94365   360.00000     0.30088     0.50077   180.00000     0.29206
     4.70000    14.45683   360.00000     0.30114     0.44099   180.00000     0.29274
     4.80000    14.98018   360.00000     0.30141     0.37413   180.00000     0.29344
     4.90000    90.00000   360.00000     0.29786    90.00000   360.00000     0.31195
     5.00000    90.00000   360.00000     0.29788    90.00000   360.00000     0.31197
     5.10000    90.00000   360.00000     0.29790    90.00000   360.00000     0.31199
     5.20000    90.00000   360.00000     0.29792    90.00000   360.00000     0.31201
     5.30000    90.00000   360.00000     0.29794    90.00000   360.00000     0.31204
     5.40000    90.00000   360.00000     0.29796    90.00000   360.00000     0.31206
     5.50000    90.00000   360.00000     0.29798    90.00000   360.00000     0.31208
     5.60000    90.00000   360.00000     0.29800    90.00000   360.00000     0.31211
     5.70000    90.00000   360.00000     0.29802    90.00000   360.00000     0.31213
     5.80000    90.00000   360.00000     0.29804    90.00000   360.00000     0.31215
     5.90000    90.00000   360.00000     0.29806    90.00000   360.00000     0.31217
     6.00000    90.00000   360.00000     0.29807    90.00000   360.00000     0.31220
     6.10000    90.00000   360.00000     0.29809    90.00000   360.00000     0.31222
     6.20000    90.00000   360.00000     0.29811    90.00000   360.00000     0.31224
     6.30000    90.00000   360.00000     0.29813    90.00000   360.00000     0.31227
     6.40000    90.00000   360.00000     0.29815    90.00000   360.00000     0.31229
     6.50000    90.00000   360.00000     0.29817    90.00000   360.00000     0.31231
     6.60000    90.00000   360.00000     0.29819    90.00000   360.00000     0.31233
     6.70000    90.00000   360.00000     0.29821    90.00000   360.00000     0.31236
     6.80000    90.00000   360.00000     0.29823    90.00000   360.00000     0.31238
     6.90000    90.00000   360.00000     0.29825    90.00000   360.00000     0.31240
     7.00000    90.00000   360.00000     0.29827    90.00000   360.00000     0.31243
     7.10000    90.00000   360.00000     0.29829    90.00000   360.00000     0.31245
     7.20000    90.00000   360.00000     0.29831    90.00000   360.00000     0.31247
     7.30000    90.00000   360.00000     0.29833    90.00000   360.00000     0.31249
     7.40000    90.00000   360.00000     0.29835    90.00000   360.00000     0.31252
     7.50000    90.00000   360.00000     0.29837    90.00000   360.00000     0.31254
     7.60000    90.00000   360.00000     0.29839    90.00000   360.00000     0.31256
     7.70000    90.00000   360.00000     0.29840    90.00000   360.00000     0.31259
     7.80000    90.00000   360.00000     0.29842    90.00000   360.00000     0.31261
     7.90000    90.00000   360.00000     0.29844    90.00000   360.00000     0.31263
     8.00000    90.00000   360.00000     0.29846    90.00000   360.00000     0.31265
     8.10000    90.00000   360.00000     0.29848    90.00000   360.00000     0.31268
     8.20000    90.00000   360.00000     0.29850    90.00000   360.00000     0.31270
     8.30000    90.00000   360.00000     0.29852    90.00000   360.00000     0.31272
     8.40000    90.00000   360.00000     0.29854    90.00000   360.00000     0.31275
     8.50000    90.00000   360.00000     0.29856    90.00000   360.00000     0.31277
     8.60000    90.00000   360.00000     0.29858    90.00000   360.00000     0.31279
     8.70000    90.00000   360.00000     0.29860    90.00000   360.00000     0.31281
     8.80000    90.00000   360.00000     0.29862    90.00000   360.00000     0.31284
     8.90000    90.00000   360.00000     0.29864    90.00000   360.00000     0.31286
     9.00000    90.00000   360.00000     0.29866    90.00000   360.00000     0.31288
     9.10000    90.00000   360.00000     0.29868    90.00000   360.00000     0.31291
     9.20000    90.00000   360.00000     0.29870    90.00000   360.00000     0.31293
     9.30000    90.00000   360.00000     0.29872    90.00000   360.00000     0.31295
     9.40000    90.00000   360.00000     0.29874    90.00000   360.00000     0.31297
     9.50000    90.00000   360.00000     0.29876    90.00000   360.00000     0.31300
     9.60000    90.00000   360.00000     0.29877    90.00000   360.00000     0.31302
     9.70000    90.00000   360.00000     0.29879    90.00000   360.00000     0.31304
     9.80000    90.00000   360.00000     0.29881    90.00000   360.00000     0.31307
     9.90000    90.00000   360.00000     0.29883    90.00000   360.00000     0.31309
    10.00000    90.00000   360.00000     0.29885    90.00000   360.00000     0.31311
    10.10000    90.00000   360.00000     0.29887    90.00000   360.00000     0.31314
    10.20000    90.00000   360.00000     0.29889    90.00000   360.00000     0.31316
    10.30000    90.00000   360.00000     0.29891    90.00000   360.00000     0.31318
    10.40000    90.00000   360.00000     0.29893    90.00000   360.00000     0.31320
    10.50000    90.00000   360.00000     0.29895    90.00000   360.00000     0.31323
    10.60000    90.00000   360.00000     0.29897    90.00000   360.00000     0.31325
    10.70000    90.00000   360.00000     0.29899    90.00000   360.00000     0.31327
    10.80000    90.00000   360.00000     0.29901    90.00000   360.00000     0.31330
    10.90000    90.00000   360.00000     0.29903    90.00000   360.00000     0.31332
    11.00000    90.00000   360.00000     0.29905    90.00000   360.00000     0.31334
    11.10000    90.00000   360.00000     0.29907    90.00000   360.00000     0.31336
    11.20000    90.00000   360.00000     0.29909    90.00000   360.00000     0.31339
    11.30000    90.00000   360.00000     0.29911    90.00000   360.00000     0.31341
    11.40000    90.00000   360.00000     0.29913    90.00000   360.00000     0.31343
    11.50000    90.00000   360.00000     0.29914    90.00000   360.00000     0.31346
    11.60000    90.00000   360.00000     0.29916    90.00000   360.00000     0.31348
    11.70000    90.00000   360.00000     0.29918    90.00000   360.00000     0.31350
    11.80000    90.00000   360.00000     0.29920    90.00000   360.00000     0.31353
    11.90000    90.00000   360.00000     0.29922    90.00000   360.00000     0.31355
    12.00000    90.00000   360.00000     0.29924    90.00000   360.00000     0.31357
    12.10000    90.00000   360.00000     0.29926    90.00000   360.00000     0.31359
    12.20000    90.00000   360.00000     0.29928    90.00000   360.00000     0.31362
    12.30000    90.00000   360.00000     0.29930    90.00000   360.00000     0.31364
    12.40000    90.00000   360.00000     0.29932    90.00000   360.00000     0.31366
    12.50000    90.00000   360.00000     0.29934    90.00000   360.00000     0.31369
    12.60000    90.00000   360.00000     0.29936    90.00000   360.00000     0.31371
    12.70000    90.00000   360.00000     0.29938    90.00000   360.00000     0.31373
    12.80000    90.00000   360.00000     0.29940    90.00000   360.00000     0.31375
    12.90000    90.00000   360.00000     0.29942    90.00000   360.00000     0.31378
    13.00000    90.00000   360.00000     0.29944    90.00000   360.00000     0.31380
    13.10000    90.00000   360.00000     0.29946    90.00000   360.00000     0.31382
    13.20000    90.00000   360.00000     0.29948    90.00000   360.00000     0.31385
    13.30000    90.00000   360.00000     0.29950    90.00000   360.00000     0.31387
    13.40000    90.00000   360.00000     0.29952    90.00000   360.00000     0.31389
    13.50000    90.00000   360.00000     0.29954    90.00000   360.00000     0.31392
    13.60000    90.00000   360.00000     0.29956    90.00000   360.00000     0.31394
    13.70000    90.00000   360.00000     0.29957    90.00000   360.00000     0.31396
    13.80000    90.00000   360.00000     0.29959    90.00000   360.00000     0.31398
    13.90000    90.00000   360.00000     0.29961    90.00000   360.00000     0.31401
    14.00000    90.00000   360.00000     0.29963    90.00000   360.00000     0.31403
    14.10000    90.00000   360.00000     0.29965    90.00000   360.00000     0.31405
    14.20000    90.00000   360.00000     0.29967    90.00000   360.00000     0.31408
    14.30000    90.00000   360.00000     0.29969    90.00000   360.00000     0.31410
    14.40000    90.00000   360.00000     0.29971    90.00000   360.00000     0.31412
    14.50000    90.00000   360.00000     0.29973    90.00000   360.00000     0.31415
    14.60000    90.00000   360.00000     0.29975    90.00000   360.00000     0.31417
    14.70000    90.00000   360.00000     0.29977    90.00000   360.00000     0.31419
    14.80000    90.00000   360.00000     0.29979    90.00000   360.00000     0.31421
    14.90000    90.00000   360.00000     0.29981    90.00000   360.00000     0.31424
    15.00000    90.00000   360.00000     0.29983    90.00000   360.00000     0.31426
    15.10000    90.00000   360.00000     0.29985    90.00000   360.00000     0.31428
    15.20000    90.00000   360.00000     0.29987    90.00000   360.00000     0.31431
    15.30000    90.00000   360.00000     0.29989    90.00000   360.00000     0.31433
    15.40000    90.00000   360.00000     0.29991    90.00000   360.00000     0.31435
    15.50000    90.00000   360.00000     0.29993    90.00000   360.00000     0.31438
    15.60000    90.00000   360.00000     0.29995    90.00000   360.00000     0.31440
    15.70000    90.00000   360.00000     0.29997    90.00000   360.00000     0.31442
    15.80000    90.00000   360.00000     0.29999    90.00000   360.00000     0.31445
    15.90000    90.00000   360.00000     0.30001    90.00000   360.00000     0.31447
    16.00000    90.00000   360.00000     0.30003    90.00000   360.00000     0.31449
    16.10000    90.00000   360.00000     0.30005    90.00000   360.00000     0.31451
    16.20000    90.00000   360.00000     0.30006    90.00000   360.00000     0.31454
    16.30000    90.00000   360.00000     0.30008    90.00000   360.00000     0.31456
    16.40000    90.00000   360.00000     0.30010    90.00000   360.00000     0.31458
    16.50000    90.00000   360.00000     0.30012    90.00000   360.00000     0.31461
    16.60000    90.00000   360.00000     0.30014    90.00000   360.00000     0.31463
    16.70000    90.00000   360.00000     0.30016    90.00000   360.00000     0.31465
    16.80000    90.00000   360.00000     0.30018    90.00000   360.00000     0.31468
    16.90000    90.00000   360.00000     0.30020    90.00000   360.00000     0.31470
    17.00000    90.00000   360.00000     0.30022    90.00000   360.00000     0.31472
    17.10000    90.00000   360.00000     0.30024    90.00000   360.00000     0.31474
    17.20000    90.00000   360.00000     0.30026    90.00000   360.00000     0.31477
    17.30000    90.00000   360.00000     0.30028    90.00000   360.00000     0.31479
    17.40000    90.00000   360.00000     0.30030    90.00000   360.00000     0.31481
    17.50000    90.00000   360.00000     0.30032    90.00000   360.00000     0.31484
    17.60000    90.00000   360.00000     0.30034    90.00000   360.00000     0.31486
    17.70000    90.00000   360.00000     0.30036    90.00000   360.00000     0.31488
    17.80000    90.00000   360.00000     0.30038    90.00000   360.00000     0.31491
    17.90000    90.00000   360.00000     0.30040    90.00000   360.00000     0.31493
    18.00000    90.00000   360.00000     0.30042    90.00000   360.00000     0.31495
    18.10000    90.00000   360.00000     0.30044    90.00000   360.00000     0.31498
    18.20000    90.00000   360.00000     0.30046    90.00000   360.00000     0.31500
    18.30000    90.00000   360.00000     0.30048    90.00000   360.00000     0.31502
    18.40000    90.00000   360.00000     0.30050    90.00000   360.00000     0.31504
    18.50000    90.00000   360.00000     0.30052    90.00000   360.00000     0.31507
    18.60000    90.00000   360.00000     0.30054    90.00000   360.00000     0.31509
    18.70000    90.00000   360.00000     0.30056    90.00000   360.00000     0.31511
    18.80000    90.00000   360.00000     0.30058    90.00000   360.00000     0.31514
    18.90000    90.00000   360.00000     0.30060    90.00000   360.00000     0.31516
    19.00000    90.00000   360.00000     0.30062    90.00000   360.00000     0.31518
    19.10000    90.00000   360.00000     0.30064    90.00000   360.00000     0.31521
    19.20000    90.00000   360.00000     0.30065    90.00000   360.00000     0.31523
    19.30000    90.00000   360.00000     0.30067    90.00000   360.00000     0.31525
    19.40000    90.00000   360.00000     0.30069    90.00000   360.00000     0.31528
    19.50000    90.00000   360.00000     0.30071    90.00000   360.00000     0.31530
    19.60000    90.00000   360.00000     0.30073    90.00000   360.00000     0.31532
    19.70000    90.00000   360.00000     0.30075    90.00000   360.00000     0.31535
    19.80000    90.00000   360.00000     0.30077    90.00000   360.00000     0.31537
    19.90000    90.00000   360.00000     0.30079    90.00000   360.00000     0.31539
    20.00000    90.00000   360.00000     0.30081    90.00000   360.00000     0.31541
    20.10000    90.00000   360.00000     0.30083    90.00000   360.00000     0.31544
    20.20000    90.00000   360.00000     0.30085    90.00000   360.00000     0.31546
    20.30000    90.00000   360.00000     0.30087    90.00000   360.00000     0.31548
    20.40000    90.00000   360.00000     0.30089    90.00000   360.00000     0.31551
    20.50000    90.00000   360.00000     0.30091    90.00000   360.00000     0.31553
    20.60000    90.00000   360.00000     0.30093    90.00000   360.00000     0.31555
    20.70000    90.00000   360.00000     0.30095    90.00000   360.00000     0.31558
    20.80000    90.00000   360.00000     0.30097    90.00000   360.00000     0.31560
    20.90000    90.00000   360.00000     0.30099    90.00000   360.00000     0.31562
    21.00000    90.00000   360.00000     0.30101    90.00000   360.00000     0.31565
    21.10000    90.00000   360.00000     0.30103    90.00000   360.00000     0.31567
    21.20000    90.00000   360.00000     0.30105    90.00000   360.00000     0.31569
    21.30000    90.00000   360.00000     0.30107    90.00000   360.00000     0.31572
    21.40000    90.00000   360.00000     0.30109    90.00000   360.00000     0.31574
    21.50000    90.00000   360.00000     0.30111    90.00000   360.00000     0.31576
    21.60000    90.00000   360.00000     0.30113    90.00000   360.00000     0.31578
    21.70000    90.00000   360.00000     0.30115    90.00000   360.00000     0.31581
    21.80000    90.00000   360.00000     0.30117    90.00000   360.00000     0.31583
    21.90000    90.00000   360.00000     0.30119    90.00000   360.00000     0.31585
    22.00000    90.00000   360.00000     0.30121    90.00000   360.00000     0.31588
    22.10000    90.00000   360.00000     0.30123    90.00000   360.00000     0.31590
    22.20000    90.00000   360.00000     0.30125    90.00000   360.00000     0.31592
    22.30000    90.00000   360.00000     0.30127    90.00000   360.00000     0.31595
    22.40000    90.00000   360.00000     0.30129    90.00000   360.00000     0.31597
    22.50000    90.00000   360.00000     0.30131    90.00000   360.00000     0.31599
    22.60000    90.00000   360.00000     0.30133    90.00000   360.00000     0.31602
    22.70000    90.00000   360.00000     0.30135    90.00000   360.00000     0.31604
    22.80000    90.00000   360.00000     0.30137    90.00000   360.00000     0.31606
    22.90000    90.00000   360.00000     0.30139    90.00000   360.00000     0.31609
    23.00000    90.00000   360.00000     0.30141    90.00000   360.00000     0.31611
    23.10000    90.00000   360.00000     0.30142    90.00000   360.00000     0.31613
    23.20000    90.00000   360.00000     0.30144    90.00000   360.00000     0.31616
    23.30000    90.00000   360.00000     0.30146    90.00000   360.00000     0.31618
    23.40000    90.00000   360.00000     0.30148    90.00000   360.00000     0.31620
    23.50000    90.00000   360.00000     0.30150    90.00000   360.00000     0.31623
    23.60000    90.00000   360.00000     0.30152    90.00000   360.00000     0.31625
    23.70000    90.00000   360.00000     0.30154    90.00000   360.00000     0.31627
    23.80000    90.00000   360.00000     0.30156    90.00000   360.00000     0.31629
    23.90000    90.00000   360.00000     0.30158    90.00000   360.00000     0.31632
    24.00000    90.00000   360.00000     0.30160    90.00000   360.00000     0.31634
    24.10000    90.00000   360.00000     0.30162    90.00000   360.00000     0.31636
    24.20000    90.00000   360.00000     0.30164    90.00000   360.00000     0.31639
    24.30000    90.00000   360.00000     0.30166    90.00000   360.00000     0.31641
    24.40000    90.00000   360.00000     0.30168    90.00000   360.00000     0.31643
    24.50000    90.00000   360.00000     0.30170    90.00000   360.00000     0.31646
    24.60000    90.00000   360.00000     0.30172    90.00000   360.00000     0.31648
    24.70000    90.00000   360.00000     0.30174    90.00000   360.00000     0.31650
    24.80000    90.00000   360.00000     0.30176    90.00000   360.00000     0.31653
    24.90000    90.00000   360.00000     0.30178    90.00000   360.00000     0.31655
    25.00000    90.00000   360.00000     0.30180    90.00000   360.00000     0.31657
    25.10000    90.00000   360.00000     0.30182    90.00000   360.00000     0.31660
    25.20000    90.00000   360.00000     0.30184    90.00000   360.00000     0.31662
    25.30000    90.00000   360.00000     0.30186    90.00000   360.00000     0.31664
    25.40000    90.00000   360.00000     0.30188    90.00000   360.00000     0.31667
    25.50000    90.00000   360.00000     0.30190    90.00000   360.00000     0.31669
    25.60000    90.00000   360.00000     0.30192    90.00000   360.00000     0.31671
    25.70000    90.00000   360.00000     0.30194    90.00000   360.00000     0.31674
    25.80000    90.00000   360.00000     0.30196    90.00000   360.00000     0.31676
    25.90000    90.00000   360.00000     0.30198    90.00000   360.00000     0.31678
    26.00000    90.00000   360.00000     0.30200    90.00000   360.00000     0.31681
    26.10000    90.00000   360.00000     0.30202    90.00000   360.00000     0.31683
    26.20000    90.00000   360.00000     0.30204    90.00000   360.00000     0.31685
    26.30000    90.00000   360.00000     0.30206    90.00000   360.00000     0.31688
    26.40000    90.00000   360.00000     0.30208    90.00000   360.00000     0.31690
    26.50000    90.00000   360.00000     0.30210    90.00000   360.00000     0.31692
    26.60000    90.00000   360.00000     0.30212    90.00000   360.00000     0.31695
    26.70000    90.00000   360.00000     0.30214    90.00000   360.00000     0.31697
    26.80000    90.00000   360.00000     0.30216    90.00000   360.00000     0.31699
    26.90000    90.00000   360.00000     0.30218    90.00000   360.00000     0.31702
    27.00000    90.00000   360.00000     0.30220    90.00000   360.00000     0.31704
    27.10000    90.00000   360.00000     0.30222    90.00000   360.00000     0.31706
    27.20000    90.00000   360.00000     0.30224    90.00000   360.00000     0.31709
    27.30000    90.00000   360.00000     0.30226    90.00000   360.00000     0.31711
    27.40000    90.00000   360.00000     0.30228    90.00000   360.00000     0.31713
    27.50000    90.00000   360.00000     0.30230    90.00000   360.00000     0.31715
    27.60000    90.00000   360.00000     0.30232    90.00000   360.00000     0.31718
    27.70000    90.00000   360.00000     0.30234    90.00000   360.00000     0.31720
    27.80000    90.00000   360.00000     0.30236    90.00000   360.00000     0.31722
    27.90000    90.00000   360.00000     0.30238    90.00000   360.00000     0.31725
    28.00000    90.00000   360.00000     0.30240    90.00000   360.00000     0.31727
    28.10000    90.00000   360.00000     0.30242    90.00000   360.00000     0.31729
    28.20000    90.00000   360.00000     0.30244    90.00000   360.00000     0.31732
    28.30000    90.00000   360.00000     0.30246    90.00000   360.00000     0.31734
    28.40000    90.00000   360.00000     0.30248    90.00000   360.00000     0.31736
    28.50000    90.00000   360.00000     0.30250    90.00000   360.00000     0.31739
    28.60000    90.00000   360.00000     0.30252    90.00000   360.00000     0.31741
    28.70000    90.00000   360.00000     0.30254    90.00000   360.00000     0.31743
    28.80000    90.00000   360.00000     0.30256    90.00000   360.00000     0.31746
    28.90000    90.00000   360.00000     0.30258    90.00000   360.00000     0.31748
    29.00000    90.00000   360.00000     0.30260    90.00000   360.00000     0.31750
    29.10000    90.00000   360.00000     0.30262    90.00000   360.00000     0.31753
    29.20000    90.00000   360.00000     0.30264    90.00000   360.00000     0.31755
    29.30000    90.00000   360.00000     0.30266    90.00000   360.00000     0.31757
    29.40000    90.00000   360.00000     0.30268    90.00000   360.00000     0.31760
    29.50000    90.00000   360.00000     0.30270    90.00000   360.00000     0.31762
    29.60000    90.00000   360.00000     0.30272    90.00000   360.00000     0.31764
    29.70000    90.00000   360.00000     0.30274    90.00000   360.00000     0.31767
    29.80000    90.00000   360.00000     0.30276    90.00000   360.00000     0.31769
    29.90000    90.00000   360.00000     0.30278    90.00000   360.00000     0.31771
    30.00000    90.00000   360.00000     0.30280    90.00000   360.00000     0.31774
    30.10000    90.00000   360.00000     0.30282    90.00000   360.00000     0.31776
    30.20000    90.00000   360.00000     0.30284    90.00000   360.00000     0.31778
    30.30000    90.00000   360.00000     0.30286    90.00000   360.00000     0.31781
    30.40000    90.00000   360.00000     0.30288    90.00000   360.00000     0.31783
    30.50000    90.00000   360.00000     0.30290    90.00000   360.00000     0.31785
    30.60000    90.00000   360.00000     0.30292    90.00000   360.00000     0.31788
    30.70000    90.00000   360.00000     0.30294    90.00000   360.00000     0.31790
    30.80000    90.00000   360.00000     0.30296    90.00000   360.00000     0.31792
    30.90000    90.00000   360.00000     0.30298    90.00000   360.00000     0.31795
    31.00000    90.00000   360.00000     0.30300    90.00000   360.00000     0.31797
    31.10000    90.00000   360.00000     0.30302    90.00000   360.00000     0.31799
    31.20000    90.00000   360.00000     0.30304    90.00000   360.00000     0.31802
    31.30000    90.00000   360.00000     0.30306    90.00000   360.00000     0.31804
    31.40000    90.00000   360.00000     0.30308    90.00000   360.00000     0.31806
    31.50000    90.00000   360.00000     0.30310    90.00000   360.00000     0.31809
    31.60000    90.00000   360.00000     0.30312    90.00000   360.00000     0.31811
    31.70000    90.00000   360.00000     0.30314    90.00000   360.00000     0.31813
    31.80000    90.00000   360.00000     0.30316    90.00000   360.00000     0.31816
    31.90000    90.00000   360.00000     0.30318    90.00000   360.00000     0.31818
    32.00000    90.00000   360.00000     0.30320    90.00000   360.00000     0.31820
    32.10000    90.00000   360.00000     0.30322    90.00000   360.00000     0.31823
    32.20000    90.00000   360.00000     0.30324    90.00000   360.00000     0.31825
    32.30000    90.00000   360.00000     0.30326    90.00000   360.00000     0.31827
    32.40000    90.00000   360.00000     0.30328    90.00000   360.00000     0.31830
    32.50000    90.00000   360.00000     0.30330    90.00000   360.00000     0.31832
    32.60000    90.00000   360.00000     0.30332    90.00000   360.00000     0.31834
    32.70000    90.00000   360.00000     0.30334    90.00000   360.00000     0.31837
    32.80000    90.00000   360.00000     0.30336    90.00000   360.00000     0.31839
    32.90000    90.00000   360.00000     0.30338    90.00000   360.00000     0.31842
    33.00000    90.00000   360.00000     0.30340    90.00000   360.00000     0.31844
    33.10000    90.00000   360.00000     0.30342    90.00000   360.00000     0.31846
    33.20000    90.00000   360.00000     0.30344    90.00000   360.00000     0.31849
    33.30000    90.00000   360.00000     0.30346    90.00000   360.00000     0.31851
    33.40000    90.00000   360.00000     0.30348    90.00000   360.00000     0.31853
    33.50000    90.00000   360.00000     0.30350    90.00000   360.00000     0.31856
    33.60000    90.00000   360.00000     0.30352    90.00000   360.00000     0.31858
    33.70000    90.00000   360.00000     0.30354    90.00000   360.00000     0.31860
    33.80000    90.00000   360.00000     0.30356    90.00000   360.00000     0.31863
    33.90000    90.00000   360.00000     0.30358    90.00000   360.00000     0.31865
    34.00000    90.00000   360.00000     0.30360    90.00000   360.00000     0.31867
    34.10000    90.00000   360.00000     0.30362    90.00000   360.00000     0.31870
    34.20000    90.00000   360.00000     0.30364    90.00000   360.00000     0.31872
    34.30000    90.00000   360.00000     0.30366    90.00000   360.00000     0.31874
    34.40000    90.00000   360.00000     0.30368    90.00000   360.00000     0.31877
    34.50000    90.00000   360.00000     0.30370    90.00000   360.00000     0.31879
    34.60000    90.00000   360.00000     0.30372    90.00000   360.00000     0.31881
    34.70000    90.00000   360.00000     0.30374    90.00000   360.00000     0.31884
    34.80000    90.00000   360.00000     0.30376    90.00000   360.00000     0.31886
    34.90000    90.00000   360.00000     0.30378    90.00000   360.00000     0.31888
    35.00000    90.00000   360.00000     0.30380    90.00000   360.00000     0.31891
    35.10000    90.00000   360.00000     0.30382    90.00000   360.00000     0.31893
    35.20000    90.00000   360.00000     0.30384    90.00000   360.00000     0.31895
    35.30000    90.00000   360.00000     0.30386    90.00000   360.00000     0.31898
    35.40000    90.00000   360.00000     0.30388    90.00000   360.00000     0.31900
    35.50000    90.00000   360.00000     0.30390    90.00000   360.00000     0.31902
    35.60000    90.00000   360.00000     0.30392    90.00000   360.00000     0.31905
    35.70000    90.00000   360.00000     0.30394    90.00000   360.00000     0.31907
    35.80000    90.00000   360.00000     0.30396    90.00000   360.00000     0.31909
    35.90000    90.00000   360.00000     0.30398    90.00000   360.00000     0.31912
    36.00000    90.00000   360.00000     0.30400    90.00000   360.00000     0.31914
    36.10000    90.00000   360.00000     0.30402    90.00000   360.00000     0.31916
    36.20000    90.00000   360.00000     0.30404    90.00000   360.00000     0.31919
    36.30000    90.00000   360.00000     0.30406    90.00000   360.00000     0.31921
    36.40000    90.00000   360.00000     0.30408    90.00000   360.00000     0.31924
    36.50000    90.00000   360.00000     0.30410    90.00000   360.00000     0.31926
    36.60000    90.00000   360.00000     0.30412    90.00000   360.00000     0.31928
    36.70000    90.00000   360.00000     0.30414    90.00000   360.00000     0.31931
    36.80000    90.00000   360.00000     0.30416    90.00000   360.00000     0.31933
    36.90000    90.00000   360.00000     0.30418    90.00000   360.00000     0.31935
    37.00000    90.00000   360.00000     0.30420    90.00000   360.00000     0.31938
    37.10000    90.00000   360.00000     0.30422    90.00000   360.00000     0.31940
    37.20000    90.00000   360.00000     0.30424    90.00000   360.00000     0.31942
    37.30000    90.00000   360.00000     0.30426    90.00000   360.00000     0.31945
    37.40000    90.00000   360.00000     0.30428    90.00000   360.00000     0.31947
    37.50000    90.00000   360.00000     0.30430    90.00000   360.00000     0.31949
    37.60000    90.00000   360.00000     0.30432    90.00000   360.00000     0.31952
    37.70000    90.00000   360.00000     0.30434    90.00000   360.00000     0.31954
    37.80000    90.00000   360.00000     0.30436    90.00000   360.00000     0.31956
    37.90000    90.00000   360.00000     0.30438    90.00000   360.00000     0.31959
    38.00000    90.00000   360.00000     0.30440    90.00000   360.00000     0.31961
    38.10000    90.00000   360.00000     0.30442    90.00000   360.00000     0.31963
    38.20000    90.00000   360.00000     0.30444    90.00000   360.00000     0.31966
    38.30000    90.00000   360.00000     0.30446    90.00000   360.00000     0.31968
    38.40000    90.00000   360.00000     0.30448    90.00000   360.00000     0.31971
    38.50000    90.00000   360.00000     0.30450    90.00000   360.00000     0.31973
    38.60000    90.00000   360.00000     0.30452    90.00000   360.00000     0.31975
    38.70000    90.00000   360.00000     0.30454    90.00000   360.00000     0.31978
    38.80000    90.00000   360.00000     0.30456    90.00000   360.00000     0.31980
    38.90000    90.00000   360.00000     0.30458    90.00000   360.00000     0.31982
    39.00000    90.00000   360.00000     0.30460    90.00000   360.00000     0.31985
    39.10000    90.00000   360.00000     0.30462    90.00000   360.00000     0.31987
    39.20000    90.00000   360.00000     0.30464    90.00000   360.00000     0.31989
    39.30000    90.00000   360.00000     0.30466    90.00000   360.00000     0.31992
    39.40000    90.00000   360.00000     0.30468    90.00000   360.00000     0.31994
    39.50000    90.00000   360.00000     0.30470    90.00000   360.00000     0.31996
    39.60000    90.00000   360.00000     0.30472    90.00000   360.00000     0.31999
    39.70000    90.00000   360.00000     0.30474    90.00000   360.00000     0.32001
    39.80000    90.00000   360.00000     0.30476    90.00000   360.00000     0.32003
    39.90000    90.00000   360.00000     0.30478    90.00000   360.00000     0.32006
    40.00000    90.00000   360.00000     0.30480    90.00000   360.00000     0.32008
