 # applied field (T), magnetization (2 f.u.), magnetization (T)
  0.000000000000000E+000   37.0862856658725        1.29144697228995     
  0.100000000000000        37.0865153601427        1.29145497087930     
  0.200000000000000        37.0867450320371        1.29146296868947     
  0.300000000000000        37.0869746815660        1.29147096572081     
  0.400000000000000        37.0872043087392        1.29147896197367     
  0.500000000000000        37.0874339135670        1.29148695744839     
  0.600000000000000        37.0876634960593        1.29149495214533     
  0.700000000000000        37.0878930562262        1.29150294606484     
  0.800000000000000        37.0881225940779        1.29151093920727     
  0.900000000000000        37.0883521096242        1.29151893157297     
   1.00000000000000        37.0885816028755        1.29152692316229     
   1.10000000000000        37.0888110738416        1.29153491397558     
   1.20000000000000        37.0890405225326        1.29154290401320     
   1.30000000000000        37.0892699489587        1.29155089327548     
   1.40000000000000        37.0894993531298        1.29155888176278     
   1.50000000000000        37.0897287350561        1.29156686947546     
   1.60000000000000        37.0899580947476        1.29157485641386     
   1.70000000000000        37.0901874322144        1.29158284257834     
   1.80000000000000        37.0904167474665        1.29159082796924     
   1.90000000000000        37.0906460405140        1.29159881258691     
   2.00000000000000        37.0908753113669        1.29160679643171     
   2.10000000000000        37.0911045600354        1.29161477950398     
   2.20000000000000        37.0913337865295        1.29162276180408     
   2.30000000000000        37.0915629908592        1.29163074333235     
   2.40000000000000        37.0917921730346        1.29163872408915     
   2.50000000000000        37.0920213330658        1.29164670407483     
   2.60000000000000        37.0922504709628        1.29165468328974     
   2.70000000000000        37.0924795867357        1.29166266173422     
   2.80000000000000        37.0927086803945        1.29167063940863     
   2.90000000000000        37.0929377519494        1.29167861631331     
   3.00000000000000        37.0931668014103        1.29168659244863     
   3.10000000000000        37.0933958287874        1.29169456781492     
   3.20000000000000        37.0936248340906        1.29170254241255     
   3.30000000000000        37.0938538173301        1.29171051624185     
   3.40000000000000        37.0940827785159        1.29171848930318     
   3.50000000000000        37.0943117176581        1.29172646159689     
   3.60000000000000        37.0945406347667        1.29173443312334     
   3.70000000000000        37.0947695298518        1.29174240388286     
   3.80000000000000        37.0949984029235        1.29175037387581     
   3.90000000000000        37.0952272539917        1.29175834310255     
   4.00000000000000        37.0954560830666        1.29176631156341     
   4.10000000000000        37.0956848901582        1.29177427925876     
   4.20000000000000        37.0959136752766        1.29178224618893     
   4.30000000000000        37.0961424384319        1.29179021235429     
   4.40000000000000        37.0963711796340        1.29179817775519     
   4.50000000000000        37.0965998988930        1.29180614239196     
   4.60000000000000        37.0968285962191        1.29181410626497     
   4.70000000000000        37.0970572716222        1.29182206937456     
   4.80000000000000        37.0972859251125        1.29183003172108     
   4.90000000000000        37.0975145566999        1.29183799330488     
   5.00000000000000        37.0977431663945        1.29184595412632     
   5.10000000000000        37.0979717542064        1.29185391418574     
   5.20000000000000        37.0982003201457        1.29186187348349     
   5.30000000000000        37.0984288642223        1.29186983201993     
   5.40000000000000        37.0986573864464        1.29187778979540     
   5.50000000000000        37.0988858868280        1.29188574681026     
   5.60000000000000        37.0991143653771        1.29189370306485     
   5.70000000000000        37.0993428221039        1.29190165855952     
   5.80000000000000        37.0995712570183        1.29190961329463     
   5.90000000000000        37.0997996701304        1.29191756727052     
   6.00000000000000        37.1000280614503        1.29192552048754     
   6.10000000000000        37.1002564309880        1.29193347294605     
   6.20000000000000        37.1004847787536        1.29194142464640     
   6.30000000000000        37.1007131047571        1.29194937558893     
   6.40000000000000        37.1009414090085        1.29195732577399     
   6.50000000000000        37.1011696915181        1.29196527520194     
   6.60000000000000        37.1013979522956        1.29197322387312     
   6.70000000000000        37.1016261913514        1.29198117178788     
   6.80000000000000        37.1018544086952        1.29198911894658     
   6.90000000000000        37.1020826043374        1.29199706534957     
   7.00000000000000        37.1023107782878        1.29200501099719     
   7.10000000000000        37.1025389305565        1.29201295588979     
   7.20000000000000        37.1027670611537        1.29202090002773     
   7.30000000000000        37.1029951700893        1.29202884341135     
   7.40000000000000        37.1032232573733        1.29203678604101     
   7.50000000000000        37.1034513230159        1.29204472791705     
   7.60000000000000        37.1036793670271        1.29205266903983     
   7.70000000000000        37.1039073894169        1.29206060940969     
   7.80000000000000        37.1041353901954        1.29206854902698     
   7.90000000000000        37.1043633693726        1.29207648789206     
   8.00000000000000        37.1045913269586        1.29208442600527     
   8.10000000000000        37.1048192629634        1.29209236336697     
   8.20000000000000        37.1050471773971        1.29210029997750     
   8.30000000000000        37.1052750702697        1.29210823583721     
   8.40000000000000        37.1055029415913        1.29211617094646     
   8.50000000000000        37.1057307913719        1.29212410530559     
   8.60000000000000        37.1059586196215        1.29213203891495     
   8.70000000000000        37.1061864263503        1.29213997177490     
   8.80000000000000        37.1064142115682        1.29214790388578     
   8.90000000000000        37.1066419752853        1.29215583524794     
   9.00000000000000        37.1068697175117        1.29216376586174     
   9.10000000000000        37.1070974382574        1.29217169572752     
   9.20000000000000        37.1073251375324        1.29217962484563     
   9.30000000000000        37.1075528153468        1.29218755321642     
   9.40000000000000        37.1077804717106        1.29219548084024     
   9.50000000000000        37.1080081066339        1.29220340771745     
   9.60000000000000        37.1082357201267        1.29221133384838     
   9.70000000000000        37.1084633121990        1.29221925923340     
   9.80000000000000        37.1086908828610        1.29222718387285     
   9.90000000000000        37.1089184321226        1.29223510776708     
   10.0000000000000        37.1091459599940        1.29224303091644     
   10.1000000000000        37.1093734664850        1.29225095332128     
   10.2000000000000        37.1096009516058        1.29225887498195     
   10.3000000000000        37.1098284153665        1.29226679589880     
   10.4000000000000        37.1100558577770        1.29227471607217     
   10.5000000000000        37.1102832788474        1.29228263550243     
   10.6000000000000        37.1105106785878        1.29229055418992     
   10.7000000000000        37.1107380570082        1.29229847213498     
   10.8000000000000        37.1109654141186        1.29230638933798     
   10.9000000000000        37.1111927499291        1.29231430579925     
   11.0000000000000        37.1114200644496        1.29232222151914     
   11.1000000000000        37.1116473576904        1.29233013649802     
   11.2000000000000        37.1118746296613        1.29233805073622     
   11.3000000000000        37.1121018803725        1.29234596423410     
   11.4000000000000        37.1123291098340        1.29235387699200     
   11.5000000000000        37.1125563180557        1.29236178901028     
   11.6000000000000        37.1127835050479        1.29236970028928     
   11.7000000000000        37.1130106708204        1.29237761082936     
   11.8000000000000        37.1132378153833        1.29238552063086     
   11.9000000000000        37.1134649387468        1.29239342969414     
   12.0000000000000        37.1136920409207        1.29240133801954     
   12.1000000000000        37.1139191219152        1.29240924560741     
   12.2000000000000        37.1141461817403        1.29241715245811     
   12.3000000000000        37.1143732204060        1.29242505857198     
   12.4000000000000        37.1146002379224        1.29243296394937     
   12.5000000000000        37.1148272342995        1.29244086859063     
   12.6000000000000        37.1150542095473        1.29244877249611     
   12.7000000000000        37.1152811636759        1.29245667566616     
   12.8000000000000        37.1155080966953        1.29246457810114     
   12.9000000000000        37.1157350086155        1.29247247980138     
   13.0000000000000        37.1159618994467        1.29248038076724     
   13.1000000000000        37.1161887691988        1.29248828099907     
   13.2000000000000        37.1164156178818        1.29249618049721     
   13.3000000000000        37.1166424455058        1.29250407926203     
   13.4000000000000        37.1168692520808        1.29251197729386     
   13.5000000000000        37.1170960376170        1.29251987459305     
   13.6000000000000        37.1173228021242        1.29252777115996     
   13.7000000000000        37.1175495456125        1.29253566699494     
   13.8000000000000        37.1177762680921        1.29254356209833     
   13.9000000000000        37.1180029695728        1.29255145647049     
   14.0000000000000        37.1182296500647        1.29255935011175     
   14.1000000000000        37.1184563095780        1.29256724302249     
   14.2000000000000        37.1186829481225        1.29257513520303     
   14.3000000000000        37.1189095657084        1.29258302665373     
   14.4000000000000        37.1191361623456        1.29259091737495     
   14.5000000000000        37.1193627380442        1.29259880736702     
   14.6000000000000        37.1195892928143        1.29260669663031     
   14.7000000000000        37.1198158266658        1.29261458516515     
   14.8000000000000        37.1200423396089        1.29262247297190     
   14.9000000000000        37.1202688316535        1.29263036005091     
   15.0000000000000        37.1204953028096        1.29263824640253     
   15.1000000000000        37.1207217530873        1.29264613202710     
   15.2000000000000        37.1209481824967        1.29265401692498     
   15.3000000000000        37.1211745910477        1.29266190109651     
   15.4000000000000        37.1214009787504        1.29266978454205     
   15.5000000000000        37.1216273456148        1.29267766726194     
   15.6000000000000        37.1218536916510        1.29268554925653     
   15.7000000000000        37.1220800168689        1.29269343052618     
   15.8000000000000        37.1223063212786        1.29270131107122     
   15.9000000000000        37.1225326048902        1.29270919089202     
   16.0000000000000        37.1227588677137        1.29271706998892     
   16.1000000000000        37.1229851097590        1.29272494836226     
   16.2000000000000        37.1232113310362        1.29273282601240     
   16.3000000000000        37.1234375315555        1.29274070293969     
   16.4000000000000        37.1236637113266        1.29274857914448     
   16.5000000000000        37.1238898703598        1.29275645462711     
   16.6000000000000        37.1241160086651        1.29276432938794     
   16.7000000000000        37.1243421262523        1.29277220342731     
   16.8000000000000        37.1245682231317        1.29278007674558     
   16.9000000000000        37.1247942993132        1.29278794934309     
   17.0000000000000        37.1250203548068        1.29279582122018     
   17.1000000000000        37.1252463896227        1.29280369237722     
   17.2000000000000        37.1254724037707        1.29281156281455     
   17.3000000000000        37.1256983972609        1.29281943253252     
   17.4000000000000        37.1259243701033        1.29282730153148     
   17.5000000000000        37.1261503223081        1.29283516981177     
   17.6000000000000        37.1263762538851        1.29284303737375     
   17.7000000000000        37.1266021648445        1.29285090421777     
   17.8000000000000        37.1268280551962        1.29285877034417     
   17.9000000000000        37.1270539249503        1.29286663575331     
   18.0000000000000        37.1272797741168        1.29287450044552     
   18.1000000000000        37.1275056027057        1.29288236442117     
   18.2000000000000        37.1277314107270        1.29289022768060     
   18.3000000000000        37.1279571981908        1.29289809022416     
   18.4000000000000        37.1281829651071        1.29290595205220     
   18.5000000000000        37.1284087114859        1.29291381316507     
   18.6000000000000        37.1286344373373        1.29292167356311     
   18.7000000000000        37.1288601426712        1.29292953324668     
   18.8000000000000        37.1290858274977        1.29293739221613     
   18.9000000000000        37.1293114918268        1.29294525047180     
   19.0000000000000        37.1295371356685        1.29295310801404     
   19.1000000000000        37.1297627590329        1.29296096484320     
   19.2000000000000        37.1299883619300        1.29296882095964     
   19.3000000000000        37.1302139443697        1.29297667636369     
   19.4000000000000        37.1304395063622        1.29298453105572     
   19.5000000000000        37.1306650479173        1.29299238503606     
   19.6000000000000        37.1308905690453        1.29300023830507     
   19.7000000000000        37.1311160697560        1.29300809086309     
   19.8000000000000        37.1313415500595        1.29301594271048     
   19.9000000000000        37.1315670099658        1.29302379384758     
   20.0000000000000        37.1317924494850        1.29303164427475     
   20.1000000000000        37.1320178686270        1.29303949399232     
   20.2000000000000        37.1322432674019        1.29304734300066     
   20.3000000000000        37.1324686458196        1.29305519130011     
   20.4000000000000        37.1326940038903        1.29306303889101     
   20.5000000000000        37.1329193416239        1.29307088577372     
   20.6000000000000        37.1331446590305        1.29307873194859     
   20.7000000000000        37.1333699561200        1.29308657741596     
   20.8000000000000        37.1335952329025        1.29309442217618     
   20.9000000000000        37.1338204893880        1.29310226622961     
   21.0000000000000        37.1340457255865        1.29311010957659     
   21.1000000000000        37.1342709415080        1.29311795221747     
   21.2000000000000        37.1344961371626        1.29312579415260     
   21.3000000000000        37.1347213125603        1.29313363538232     
   21.4000000000000        37.1349464677110        1.29314147590699     
   21.5000000000000        37.1351716026248        1.29314931572696     
   21.6000000000000        37.1353967173118        1.29315715484257     
   21.7000000000000        37.1356218117819        1.29316499325417     
   21.8000000000000        37.1358468860451        1.29317283096211     
   21.9000000000000        37.1360719401115        1.29318066796675     
   22.0000000000000        37.1362969739910        1.29318850426842     
   22.1000000000000        37.1365219876938        1.29319633986748     
   22.2000000000000        37.1367469812297        1.29320417476428     
   22.3000000000000        37.1369719546089        1.29321200895916     
   22.4000000000000        37.1371969078413        1.29321984245248     
   22.5000000000000        37.1374218409369        1.29322767524458     
   22.6000000000000        37.1376467539058        1.29323550733581     
   22.7000000000000        37.1378716467580        1.29324333872652     
   22.8000000000000        37.1380965195034        1.29325116941705     
   22.9000000000000        37.1383213721522        1.29325899940777     
   23.0000000000000        37.1385462047142        1.29326682869901     
   23.1000000000000        37.1387710171996        1.29327465729113     
   23.2000000000000        37.1389958096183        1.29328248518447     
   23.3000000000000        37.1392205819804        1.29329031237938     
   23.4000000000000        37.1394453342958        1.29329813887621     
   23.5000000000000        37.1396700665746        1.29330596467531     
   23.6000000000000        37.1398947788267        1.29331378977703     
   23.7000000000000        37.1401194710623        1.29332161418171     
   23.8000000000000        37.1403441432912        1.29332943788971     
   23.9000000000000        37.1405687955236        1.29333726090137     
   24.0000000000000        37.1407934277694        1.29334508321705     
   24.1000000000000        37.1410180400386        1.29335290483708     
   24.2000000000000        37.1412426323412        1.29336072576183     
   24.3000000000000        37.1414672046873        1.29336854599163     
   24.4000000000000        37.1416917570869        1.29337636552684     
   24.5000000000000        37.1419162895499        1.29338418436780     
   24.6000000000000        37.1421408020864        1.29339200251487     
   24.7000000000000        37.1423652947064        1.29339981996839     
   24.8000000000000        37.1425897674198        1.29340763672871     
   24.9000000000000        37.1428142202368        1.29341545279618     
   25.0000000000000        37.1430386531673        1.29342326817114     
   25.1000000000000        37.1432630662213        1.29343108285395     
   25.2000000000000        37.1434874594088        1.29343889684496     
   25.3000000000000        37.1437118327398        1.29344671014451     
   25.4000000000000        37.1439361862244        1.29345452275295     
   25.5000000000000        37.1441605198725        1.29346233467062     
   25.6000000000000        37.1443848336942        1.29347014589789     
   25.7000000000000        37.1446091276994        1.29347795643510     
   25.8000000000000        37.1448334018982        1.29348576628258     
   25.9000000000000        37.1450576563005        1.29349357544071     
   26.0000000000000        37.1452818909164        1.29350138390981     
   26.1000000000000        37.1455061057559        1.29350919169024     
   26.2000000000000        37.1457303008290        1.29351699878236     
   26.3000000000000        37.1459544761456        1.29352480518650     
   26.4000000000000        37.1461786317159        1.29353261090301     
   26.5000000000000        37.1464027675497        1.29354041593225     
   26.6000000000000        37.1466268836572        1.29354822027456     
   26.7000000000000        37.1468509800482        1.29355602393029     
   26.8000000000000        37.1470750567328        1.29356382689980     
   26.9000000000000        37.1472991137211        1.29357162918341     
   27.0000000000000        37.1475231510229        1.29357943078150     
   27.1000000000000        37.1477471686484        1.29358723169439     
   27.2000000000000        37.1479711666075        1.29359503192245     
   27.3000000000000        37.1481951449102        1.29360283146602     
   27.4000000000000        37.1484191035665        1.29361063032545     
   27.5000000000000        37.1486430425865        1.29361842850109     
   27.6000000000000        37.1488669619801        1.29362622599328     
   27.7000000000000        37.1490908617573        1.29363402280237     
   27.8000000000000        37.1493147419281        1.29364181892872     
   27.9000000000000        37.1495386025025        1.29364961437266     
   28.0000000000000        37.1497624434906        1.29365740913456     
   28.1000000000000        37.1499862649023        1.29366520321475     
   28.2000000000000        37.1502100667476        1.29367299661359     
   28.3000000000000        37.1504338490366        1.29368078933141     
   28.4000000000000        37.1506576117792        1.29368858136859     
   28.5000000000000        37.1508813549854        1.29369637272545     
   28.6000000000000        37.1511050786652        1.29370416340234     
   28.7000000000000        37.1513287828287        1.29371195339963     
   28.8000000000000        37.1515524674858        1.29371974271764     
   28.9000000000000        37.1517761326465        1.29372753135674     
   29.0000000000000        37.1519997783208        1.29373531931727     
   29.1000000000000        37.1522234045187        1.29374310659958     
   29.2000000000000        37.1524470112503        1.29375089320402     
   29.3000000000000        37.1526705985254        1.29375867913093     
   29.4000000000000        37.1528941663542        1.29376646438066     
   29.5000000000000        37.1531177147466        1.29377424895356     
   29.6000000000000        37.1533412437126        1.29378203284999     
   29.7000000000000        37.1535647532622        1.29378981607028     
   29.8000000000000        37.1537882434054        1.29379759861478     
   29.9000000000000        37.1540117141521        1.29380538048385     
   30.0000000000000        37.1542351655125        1.29381316167783     
   30.1000000000000        37.1544585974965        1.29382094219707     
   30.2000000000000        37.1546820101140        1.29382872204192     
   30.3000000000000        37.1549054033751        1.29383650121273     
   30.4000000000000        37.1551287772898        1.29384427970983     
   30.5000000000000        37.1553521318680        1.29385205753359     
   30.6000000000000        37.1555754671198        1.29385983468435     
   30.7000000000000        37.1557987830552        1.29386761116246     
   30.8000000000000        37.1560220796841        1.29387538696827     
   30.9000000000000        37.1562453570165        1.29388316210211     
   31.0000000000000        37.1564686150625        1.29389093656435     
   31.1000000000000        37.1566918538320        1.29389871035533     
   31.2000000000000        37.1569150733350        1.29390648347540     
   31.3000000000000        37.1571382735816        1.29391425592490     
   31.4000000000000        37.1573614545816        1.29392202770419     
   31.5000000000000        37.1575846163451        1.29392979881361     
   31.6000000000000        37.1578077588822        1.29393756925351     
   31.7000000000000        37.1580308822027        1.29394533902424     
   31.8000000000000        37.1582539863167        1.29395310812614     
   31.9000000000000        37.1584770712342        1.29396087655956     
   32.0000000000000        37.1587001369651        1.29396864432486     
   32.1000000000000        37.1589231835194        1.29397641142238     
   32.2000000000000        37.1591462109072        1.29398417785246     
   32.3000000000000        37.1593692191385        1.29399194361546     
   32.4000000000000        37.1595922082231        1.29399970871173     
   32.5000000000000        37.1598151781712        1.29400747314160     
   32.6000000000000        37.1600381289926        1.29401523690543     
   32.7000000000000        37.1602610606975        1.29402300000357     
   32.8000000000000        37.1604839732957        1.29403076243637     
   32.9000000000000        37.1607068667973        1.29403852420416     
   33.0000000000000        37.1609297412123        1.29404628530731     
   33.1000000000000        37.1611525965506        1.29405404574616     
   33.2000000000000        37.1613754328222        1.29406180552105     
   33.3000000000000        37.1615982500372        1.29406956463233     
   33.4000000000000        37.1618210482054        1.29407732308036     
   33.5000000000000        37.1620438273370        1.29408508086547     
   33.6000000000000        37.1622665874418        1.29409283798803     
   33.7000000000000        37.1624893285300        1.29410059444837     
   33.8000000000000        37.1627120506113        1.29410835024684     
   33.9000000000000        37.1629347536959        1.29411610538379     
   34.0000000000000        37.1631574377938        1.29412385985957     
   34.1000000000000        37.1633801029149        1.29413161367452     
   34.2000000000000        37.1636027490692        1.29413936682900     
   34.3000000000000        37.1638253762666        1.29414711932335     
   34.4000000000000        37.1640479845173        1.29415487115792     
   34.5000000000000        37.1642705738311        1.29416262233306     
   34.6000000000000        37.1644931442180        1.29417037284911     
   34.7000000000000        37.1647156956881        1.29417812270643     
   34.8000000000000        37.1649382282513        1.29418587190535     
   34.9000000000000        37.1651607419176        1.29419362044623     
   35.0000000000000        37.1653832366970        1.29420136832942     
   35.1000000000000        37.1656057125995        1.29420911555526     
   35.2000000000000        37.1658281696350        1.29421686212410     
   35.3000000000000        37.1660506078135        1.29422460803629     
   35.4000000000000        37.1662730271451        1.29423235329218     
   35.5000000000000        37.1664954276397        1.29424009789211     
   35.6000000000000        37.1667178093072        1.29424784183643     
   35.7000000000000        37.1669401721577        1.29425558512549     
   35.8000000000000        37.1671625162012        1.29426332775963     
   35.9000000000000        37.1673848414476        1.29427106973921     
   36.0000000000000        37.1676071479069        1.29427881106457     
   36.1000000000000        37.1678294355892        1.29428655173607     
   36.2000000000000        37.1680517045043        1.29429429175403     
   36.3000000000000        37.1682739546622        1.29430203111883     
   36.4000000000000        37.1684961860730        1.29430976983079     
   36.5000000000000        37.1687183987466        1.29431750789028     
   36.6000000000000        37.1689405926931        1.29432524529763     
   36.7000000000000        37.1691627679223        1.29433298205320     
   36.8000000000000        37.1693849244442        1.29434071815732     
   36.9000000000000        37.1696070622689        1.29434845361036     
   37.0000000000000        37.1698291814064        1.29435618841266     
   37.1000000000000        37.1700512818665        1.29436392256456     
   37.2000000000000        37.1702733636593        1.29437165606641     
   37.3000000000000        37.1704954267948        1.29437938891857     
   37.4000000000000        37.1707174712829        1.29438712112137     
   37.5000000000000        37.1709394971336        1.29439485267516     
   37.6000000000000        37.1711615043569        1.29440258358030     
   37.7000000000000        37.1713834929628        1.29441031383713     
   37.8000000000000        37.1716054629613        1.29441804344599     
   37.9000000000000        37.1718274143623        1.29442577240724     
   38.0000000000000        37.1720493471757        1.29443350072122     
   38.1000000000000        37.1722712614117        1.29444122838828     
   38.2000000000000        37.1724931570801        1.29444895540877     
   38.3000000000000        37.1727150341910        1.29445668178303     
   38.4000000000000        37.1729368927543        1.29446440751142     
   38.5000000000000        37.1731587327799        1.29447213259427     
   38.6000000000000        37.1733805542780        1.29447985703194     
   38.7000000000000        37.1736023572583        1.29448758082477     
   38.8000000000000        37.1738241417310        1.29449530397312     
   38.9000000000000        37.1740459077060        1.29450302647732     
   39.0000000000000        37.1742676551933        1.29451074833773     
   39.1000000000000        37.1744893842027        1.29451846955469     
   39.2000000000000        37.1747110947444        1.29452619012856     
   39.3000000000000        37.1749327868283        1.29453391005967     
   39.4000000000000        37.1751544604644        1.29454162934838     
   39.5000000000000        37.1753761156626        1.29454934799503     
   39.6000000000000        37.1755977524329        1.29455706599997     
   39.7000000000000        37.1758193707853        1.29456478336354     
   39.8000000000000        37.1760409707298        1.29457250008610     
   39.9000000000000        37.1762625522763        1.29458021616800     
   40.0000000000000        37.1764841154348        1.29458793160957     
