 # applied field (T), magnetization (2 f.u.), magnetization (T)
  0.000000000000000E+000 -6.537829518463084E-016 -2.276652942016418E-017
  0.100000000000000       0.300918312475019       1.047880736975713E-002
  0.200000000000000       0.601826771034026       2.095727159892284E-002
  0.300000000000000       0.902715522070400       3.143504955767940E-002
  0.400000000000000        1.20357471259601       4.191179813774665E-002
  0.500000000000000        1.45435214879942       5.064456160781733E-002
  0.600000000000000        1.75513155161103       6.111853175915236E-002
  0.700000000000000        2.05585348196515       7.159050056066525E-002
  0.800000000000000        2.35650809208333       8.206012508549192E-002
  0.900000000000000        2.65708553628088       9.252706247967747E-002
   1.00000000000000        2.95757597126654       0.102990969972614     
   1.10000000000000        3.25796955643907       0.113451504887368     
   1.20000000000000        3.55825645417995       0.123908324650871     
   1.30000000000000        3.85842683014314       0.134361086804011     
   1.40000000000000        4.15847085354040       0.144809449011572     
   1.50000000000000        4.40849494813226       0.153515979044514     
   1.60000000000000        4.70828178684510       0.163955385370512     
   1.70000000000000        5.00791443954832       0.174389422513489     
   1.80000000000000        5.30738309163316       0.184817748701641     
   1.90000000000000        5.60667793335648       0.195240022332599     
   2.00000000000000        5.90578878575174       0.205655888946612     
   2.10000000000000        6.20470657960659       0.216065032728640     
   2.20000000000000        6.50342116562629       0.226467100252188     
   2.30000000000000        6.80192275600020       0.236861750678636     
   2.40000000000000        7.10020156897980       0.247248643380463     
   2.50000000000000        7.39824782909442       0.257627437948763     
   2.60000000000000        7.69605176735814       0.267997794200444     
   2.70000000000000        7.99360362146728       0.278359372185109     
   2.80000000000000        8.29089363598861       0.288711832191610     
   2.90000000000000        8.58791206253714       0.299054834754236     
   3.00000000000000        8.88464915994359       0.309388040658550     
   3.10000000000000        9.23038393961032       0.321427481287322     
   3.20000000000000        9.52647816885519       0.331738300745381     
   3.30000000000000        9.82226027282782       0.342038251138755     
   3.40000000000000        10.1177205420096       0.352326994355171     
   3.50000000000000        10.4128492747812       0.362604192557427     
   3.60000000000000        10.7076367775166       0.372869508186671     
   3.70000000000000        11.0510210726770       0.384827098448262     
   3.80000000000000        11.3939117572066       0.396767499823363     
   3.90000000000000        11.6386784697088       0.405290953280696     
   4.00000000000000        11.9319400588771       0.415503132381954     
   4.10000000000000        12.2734934663170       0.427396966072596     
   4.20000000000000        12.5658953694021       0.437579208528293     
   4.30000000000000        12.8578852100040       0.447747101829393     
   4.40000000000000        13.1979165584720       0.459587933219707     
   4.50000000000000        13.4889815472587       0.469723620624342     
   4.60000000000000        13.8279067153703       0.481525931757197     
   4.70000000000000        14.1179999961116       0.491627781601914     
   4.80000000000000        14.4557664148713       0.503389741879588     
   4.90000000000000        14.7448438503338       0.513456217183933     
   5.00000000000000        15.0813980835993       0.525175965812252     
   5.10000000000000        15.3694147264128       0.535205501384561     
   5.20000000000000        15.7047063564651       0.546881282679200     
   5.30000000000000        16.0392959947310       0.558532618679551     
   5.40000000000000        16.3255931542744       0.568502277091792     
   5.50000000000000        16.6588399479217       0.580106851530940     
   5.60000000000000        16.9913404274703       0.591685437250380     
   5.70000000000000        17.3230805785226       0.603237546230056     
   5.80000000000000        17.6540453053244       0.614762652794079     
   5.90000000000000        17.9842183435449       0.626260190573497     
   6.00000000000000        18.3135869582523       0.637729716102783     
   6.10000000000000        18.6421349196833       0.649170664216725     
   6.20000000000000        18.9231582610659       0.658956673703931     
   6.30000000000000        19.3432588853538       0.673585738587421     
   6.40000000000000        19.6691297863761       0.684933464058615     
   6.50000000000000        20.0866559146116       0.699472877873731     
   6.60000000000000        20.3643557826006       0.709143154831385     
   6.70000000000000        20.7334001498778       0.721994299727768     
   6.80000000000000        21.0553812055628       0.733206570032901     
   6.90000000000000        21.4221257134352       0.745977627468067     
   7.00000000000000        21.7876092900911       0.758704775793095     
   7.10000000000000        22.1971787649036       0.772967116944064     
   7.20000000000000        22.5147067676090       0.784024319636341     
   7.30000000000000        22.9213148822737       0.798183538041852     
   7.40000000000000        23.2813677036533       0.810721572457711     
   7.50000000000000        23.6847174461217       0.824767325337300     
   7.60000000000000        24.0418197444512       0.837202614385399     
   7.70000000000000        24.4417970356090       0.851130929188998     
   7.80000000000000        24.8840106014605       0.866530027817254     
   7.90000000000000        25.2800856615630       0.880322456149856     
   8.00000000000000        25.7614799968817       0.897085937465456     
   8.10000000000000        26.1532898361262       0.910729839018836     
   8.20000000000000        26.4999671069322       0.922802099794094     
   8.30000000000000        27.0167683206698       0.940798546479813     
   8.40000000000000        27.4873546865647       0.957185664427165     
   8.50000000000000        27.9971323132424       0.974937530398472     
   8.60000000000000        28.4611562259688       0.991096125588070     
   8.70000000000000        29.0052858632769        1.01004422351747     
   8.80000000000000        29.5448093449970        1.02883192237802     
   8.90000000000000        30.1205269731223        1.04888000145596     
   9.00000000000000        30.7311393138801        1.07014321087572     
   9.10000000000000        31.3751977041323        1.09257110418278     
   9.20000000000000        31.9720934233529        1.11335666292827     
   9.30000000000000        32.8348671900010        1.14340083016431     
   9.40000000000000        33.7205355508011        1.17424225044870     
   9.50000000000000        34.8125616023799        1.21226961589261     
   9.60000000000000        36.2360320941157        1.26183879284548     
   9.70000000000000        49.0815834732573        1.70915639659389     
   9.80000000000000        49.7558662145779        1.73263678534437     
   9.90000000000000        50.2789681170379        1.75085263942632     
   10.0000000000000        50.7091580155012        1.76583304072306     
   10.1000000000000        50.8555238315367        1.77092990298823     
   10.2000000000000        50.8555720399304        1.77093158173774     
   10.3000000000000        50.8556202545005        1.77093326070234     
   10.4000000000000        50.8556684752482        1.77093493988205     
   10.5000000000000        50.8557167021745        1.77093661927693     
   10.6000000000000        50.8557649352805        1.77093829888699     
   10.7000000000000        50.8558131745672        1.77093997871229     
   10.8000000000000        50.8558614200358        1.77094165875285     
   10.9000000000000        50.8559096716872        1.77094333900872     
   11.0000000000000        50.8559579295226        1.77094501947993     
   11.1000000000000        50.8560061935429        1.77094670016652     
   11.2000000000000        50.8560544637494        1.77094838106853     
   11.3000000000000        50.8561027401431        1.77095006218599     
   11.4000000000000        50.8561510227250        1.77095174351894     
   11.5000000000000        50.8561993114962        1.77095342506743     
   11.6000000000000        50.8562476064578        1.77095510683148     
   11.7000000000000        50.8562959076109        1.77095678881113     
   11.8000000000000        50.8563442149565        1.77095847100642     
   11.9000000000000        50.8563925284957        1.77096015341739     
   12.0000000000000        50.8564408482295        1.77096183604408     
   12.1000000000000        50.8564891741591        1.77096351888652     
   12.2000000000000        50.8565375062856        1.77096520194475     
   12.3000000000000        50.8565858446099        1.77096688521881     
   12.4000000000000        50.8566341891332        1.77096856870873     
   12.5000000000000        50.8566825398565        1.77097025241456     
   12.6000000000000        50.8567308967810        1.77097193633633     
   12.7000000000000        50.8567792599076        1.77097362047407     
   12.8000000000000        50.8568276292376        1.77097530482783     
   12.9000000000000        50.8568760047718        1.77097698939764     
   13.0000000000000        50.8569243865115        1.77097867418354     
   13.1000000000000        50.8569727744577        1.77098035918557     
   13.2000000000000        50.8570211686114        1.77098204440377     
   13.3000000000000        50.8570695689738        1.77098372983816     
   13.4000000000000        50.8571179755459        1.77098541548880     
   13.5000000000000        50.8571663883288        1.77098710135571     
   13.6000000000000        50.8572148073236        1.77098878743894     
   13.7000000000000        50.8572632325314        1.77099047373852     
   13.8000000000000        50.8573116639531        1.77099216025449     
   13.9000000000000        50.8573601015900        1.77099384698688     
   14.0000000000000        50.8574085454431        1.77099553393574     
   14.1000000000000        50.8574569955134        1.77099722110111     
   14.2000000000000        50.8575054518021        1.77099890848301     
   14.3000000000000        50.8575539143102        1.77100059608149     
   14.4000000000000        50.8576023830388        1.77100228389659     
   14.5000000000000        50.8576508579890        1.77100397192834     
   14.6000000000000        50.8576993391618        1.77100566017677     
   14.7000000000000        50.8577478265584        1.77100734864194     
   14.8000000000000        50.8577963201797        1.77100903732387     
   14.9000000000000        50.8578448200270        1.77101072622261     
   15.0000000000000        50.8578933261013        1.77101241533818     
   15.1000000000000        50.8579418384036        1.77101410467063     
   15.2000000000000        50.8579903569350        1.77101579422000     
   15.3000000000000        50.8580388816967        1.77101748398633     
   15.4000000000000        50.8580874126897        1.77101917396964     
   15.5000000000000        50.8581359499151        1.77102086416998     
   15.6000000000000        50.8581844933739        1.77102255458739     
   15.7000000000000        50.8582330430672        1.77102424522190     
   15.8000000000000        50.8582815989962        1.77102593607356     
   15.9000000000000        50.8583301611619        1.77102762714239     
   16.0000000000000        50.8583787295654        1.77102931842844     
   16.1000000000000        50.8584273042078        1.77103100993175     
   16.2000000000000        50.8584758850901        1.77103270165235     
   16.3000000000000        50.8585244722135        1.77103439359028     
   16.4000000000000        50.8585730655790        1.77103608574557     
   16.5000000000000        50.8586216651877        1.77103777811828     
   16.6000000000000        50.8586702710407        1.77103947070842     
   16.7000000000000        50.8587188831390        1.77104116351605     
   16.8000000000000        50.8587675014839        1.77104285654120     
   16.9000000000000        50.8588161260762        1.77104454978390     
   17.0000000000000        50.8588647569172        1.77104624324420     
   17.1000000000000        50.8589133940080        1.77104793692213     
   17.2000000000000        50.8589620373495        1.77104963081773     
   17.3000000000000        50.8590106869429        1.77105132493104     
   17.4000000000000        50.8590593427893        1.77105301926209     
   17.5000000000000        50.8591080048898        1.77105471381093     
   17.6000000000000        50.8591566732454        1.77105640857759     
   17.7000000000000        50.8592053478572        1.77105810356211     
   17.8000000000000        50.8592540287263        1.77105979876453     
   17.9000000000000        50.8593027158539        1.77106149418488     
   18.0000000000000        50.8593514092409        1.77106318982320     
   18.1000000000000        50.8594001088886        1.77106488567954     
   18.2000000000000        50.8594488147979        1.77106658175392     
   18.3000000000000        50.8594975269699        1.77106827804639     
   18.4000000000000        50.8595462454058        1.77106997455699     
   18.5000000000000        50.8595949701066        1.77107167128574     
   18.6000000000000        50.8596437010735        1.77107336823270     
   18.7000000000000        50.8596924383075        1.77107506539789     
   18.8000000000000        50.8597411818097        1.77107676278137     
   18.9000000000000        50.8597899315811        1.77107846038315     
   19.0000000000000        50.8598386876230        1.77108015820329     
   19.1000000000000        50.8598874499363        1.77108185624182     
   19.2000000000000        50.8599362185222        1.77108355449877     
   19.3000000000000        50.8599849933817        1.77108525297419     
   19.4000000000000        50.8600337745160        1.77108695166812     
   19.5000000000000        50.8600825619261        1.77108865058058     
   19.6000000000000        50.8601313556131        1.77109034971163     
   19.7000000000000        50.8601801555781        1.77109204906129     
   19.8000000000000        50.8602289618223        1.77109374862962     
   19.9000000000000        50.8602777743467        1.77109544841663     
   20.0000000000000        50.8603265931523        1.77109714842238     
   20.1000000000000        50.8603754182403        1.77109884864689     
   20.2000000000000        50.8604242496119        1.77110054909022     
   20.3000000000000        50.8604730872679        1.77110224975239     
   20.4000000000000        50.8605219312097        1.77110395063344     
   20.5000000000000        50.8605707814382        1.77110565173342     
   20.6000000000000        50.8606196379545        1.77110735305236     
   20.7000000000000        50.8606685007598        1.77110905459029     
   20.8000000000000        50.8607173698552        1.77111075634727     
   20.9000000000000        50.8607662452416        1.77111245832331     
   21.0000000000000        50.8608151269203        1.77111416051847     
   21.1000000000000        50.8608640148923        1.77111586293278     
   21.2000000000000        50.8609129091588        1.77111756556628     
   21.3000000000000        50.8609618097207        1.77111926841901     
   21.4000000000000        50.8610107165793        1.77112097149100     
   21.5000000000000        50.8610596297355        1.77112267478230     
   21.6000000000000        50.8611085491906        1.77112437829293     
   21.7000000000000        50.8611574749456        1.77112608202295     
   21.8000000000000        50.8612064070015        1.77112778597239     
   21.9000000000000        50.8612553453595        1.77112949014128     
   22.0000000000000        50.8613042900208        1.77113119452966     
   22.1000000000000        50.8613532409863        1.77113289913758     
   22.2000000000000        50.8614021982572        1.77113460396507     
   22.3000000000000        50.8614511618346        1.77113630901217     
   22.4000000000000        50.8615001317195        1.77113801427891     
   22.5000000000000        50.8615491079131        1.77113971976534     
   22.6000000000000        50.8615980904165        1.77114142547150     
   22.7000000000000        50.8616470792308        1.77114313139741     
   22.8000000000000        50.8616960743570        1.77114483754313     
   22.9000000000000        50.8617450757963        1.77114654390869     
   23.0000000000000        50.8617940835498        1.77114825049412     
   23.1000000000000        50.8618430976186        1.77114995729947     
   23.2000000000000        50.8618921180037        1.77115166432477     
   23.3000000000000        50.8619411447063        1.77115337157006     
   23.4000000000000        50.8619901777275        1.77115507903538     
   23.5000000000000        50.8620392170683        1.77115678672077     
   23.6000000000000        50.8620882627300        1.77115849462627     
   23.7000000000000        50.8621373147134        1.77116020275192     
   23.8000000000000        50.8621863730199        1.77116191109774     
   23.9000000000000        50.8622354376504        1.77116361966379     
   24.0000000000000        50.8622845086062        1.77116532845010     
   24.1000000000000        50.8623335858882        1.77116703745671     
   24.2000000000000        50.8623826694975        1.77116874668365     
   24.3000000000000        50.8624317594354        1.77117045613097     
   24.4000000000000        50.8624808557029        1.77117216579871     
   24.5000000000000        50.8625299583010        1.77117387568689     
   24.6000000000000        50.8625790672310        1.77117558579557     
   24.7000000000000        50.8626281824938        1.77117729612477     
   24.8000000000000        50.8626773040907        1.77117900667455     
   24.9000000000000        50.8627264320226        1.77118071744493     
   25.0000000000000        50.8627755662908        1.77118242843595     
   25.1000000000000        50.8628247068963        1.77118413964765     
   25.2000000000000        50.8628738538402        1.77118585108008     
   25.3000000000000        50.8629230071236        1.77118756273327     
   25.4000000000000        50.8629721667477        1.77118927460726     
   25.5000000000000        50.8630213327135        1.77119098670208     
   25.6000000000000        50.8630705050221        1.77119269901778     
   25.7000000000000        50.8631196836747        1.77119441155439     
   25.8000000000000        50.8631688686724        1.77119612431195     
   25.9000000000000        50.8632180600162        1.77119783729051     
   26.0000000000000        50.8632672577072        1.77119955049009     
   26.1000000000000        50.8633164617467        1.77120126391074     
   26.2000000000000        50.8633656721356        1.77120297755250     
   26.3000000000000        50.8634148888752        1.77120469141541     
   26.4000000000000        50.8634641119664        1.77120640549949     
   26.5000000000000        50.8635133414104        1.77120811980480     
   26.6000000000000        50.8635625772084        1.77120983433137     
   26.7000000000000        50.8636118193613        1.77121154907924     
   26.8000000000000        50.8636610678704        1.77121326404845     
   26.9000000000000        50.8637103227368        1.77121497923904     
   27.0000000000000        50.8637595839615        1.77121669465104     
   27.1000000000000        50.8638088515456        1.77121841028449     
   27.2000000000000        50.8638581254904        1.77122012613944     
   27.3000000000000        50.8639074057968        1.77122184221592     
   27.4000000000000        50.8639566924659        1.77122355851397     
   27.5000000000000        50.8640059854990        1.77122527503362     
   27.6000000000000        50.8640552848971        1.77122699177493     
   27.7000000000000        50.8641045906614        1.77122870873792     
   27.8000000000000        50.8641539027928        1.77123042592263     
   27.9000000000000        50.8642032212926        1.77123214332911     
   28.0000000000000        50.8642525461619        1.77123386095739     
   28.1000000000000        50.8643018774017        1.77123557880751     
   28.2000000000000        50.8643512150132        1.77123729687951     
   28.3000000000000        50.8644005589975        1.77123901517343     
   28.4000000000000        50.8644499093557        1.77124073368931     
   28.5000000000000        50.8644992660890        1.77124245242718     
   28.6000000000000        50.8645486291983        1.77124417138708     
   28.7000000000000        50.8645979986849        1.77124589056906     
   28.8000000000000        50.8646473745499        1.77124760997315     
   28.9000000000000        50.8646967567943        1.77124932959940     
   29.0000000000000        50.8647461454194        1.77125104944783     
   29.1000000000000        50.8647955404261        1.77125276951849     
   29.2000000000000        50.8648449418156        1.77125448981142     
   29.3000000000000        50.8648943495891        1.77125621032665     
   29.4000000000000        50.8649437637476        1.77125793106423     
   29.5000000000000        50.8649931842923        1.77125965202419     
   29.6000000000000        50.8650426112243        1.77126137320658     
   29.7000000000000        50.8650920445447        1.77126309461143     
   29.8000000000000        50.8651414842545        1.77126481623877     
   29.9000000000000        50.8651909303550        1.77126653808866     
   30.0000000000000        50.8652403828473        1.77126826016113     
   30.1000000000000        50.8652898417324        1.77126998245621     
   30.2000000000000        50.8653393070114        1.77127170497395     
   30.3000000000000        50.8653887786856        1.77127342771438     
   30.4000000000000        50.8654382567560        1.77127515067755     
   30.5000000000000        50.8654877412237        1.77127687386348     
   30.6000000000000        50.8655372320899        1.77127859727224     
   30.7000000000000        50.8655867293556        1.77128032090384     
   30.8000000000000        50.8656362330220        1.77128204475833     
   30.9000000000000        50.8656857430902        1.77128376883575     
   31.0000000000000        50.8657352595614        1.77128549313614     
   31.1000000000000        50.8657847824366        1.77128721765953     
   31.2000000000000        50.8658343117169        1.77128894240597     
   31.3000000000000        50.8658838474035        1.77129066737549     
   31.4000000000000        50.8659333894976        1.77129239256814     
   31.5000000000000        50.8659829380001        1.77129411798395     
   31.6000000000000        50.8660324929123        1.77129584362296     
   31.7000000000000        50.8660820542353        1.77129756948521     
   31.8000000000000        50.8661316219702        1.77129929557074     
   31.9000000000000        50.8661811961180        1.77130102187959     
   32.0000000000000        50.8662307766800        1.77130274841180     
   32.1000000000000        50.8662803636573        1.77130447516741     
   32.2000000000000        50.8663299570509        1.77130620214645     
   32.3000000000000        50.8663795568620        1.77130792934896     
   32.4000000000000        50.8664291630917        1.77130965677499     
   32.5000000000000        50.8664787757412        1.77131138442457     
   32.6000000000000        50.8665283948115        1.77131311229775     
   32.7000000000000        50.8665780203039        1.77131484039455     
   32.8000000000000        50.8666276522193        1.77131656871503     
   32.9000000000000        50.8666772905590        1.77131829725922     
   33.0000000000000        50.8667269353240        1.77132002602715     
   33.1000000000000        50.8667765865155        1.77132175501888     
   33.2000000000000        50.8668262441346        1.77132348423443     
   33.3000000000000        50.8668759081825        1.77132521367384     
   33.4000000000000        50.8669255786602        1.77132694333716     
   33.5000000000000        50.8669752555689        1.77132867322443     
   33.6000000000000        50.8670249389097        1.77133040333568     
   33.7000000000000        50.8670746286838        1.77133213367095     
   33.8000000000000        50.8671243248922        1.77133386423029     
   33.9000000000000        50.8671740275361        1.77133559501373     
   34.0000000000000        50.8672237366166        1.77133732602131     
   34.1000000000000        50.8672734521348        1.77133905725306     
   34.2000000000000        50.8673231740920        1.77134078870904     
   34.3000000000000        50.8673729024891        1.77134252038928     
   34.4000000000000        50.8674226373273        1.77134425229381     
   34.5000000000000        50.8674723786078        1.77134598442268     
   34.6000000000000        50.8675221263317        1.77134771677593     
   34.7000000000000        50.8675718805001        1.77134944935359     
   34.8000000000000        50.8676216411141        1.77135118215571     
   34.9000000000000        50.8676714081749        1.77135291518232     
   35.0000000000000        50.8677211816836        1.77135464843346     
   35.1000000000000        50.8677709616413        1.77135638190918     
   35.2000000000000        50.8678207480492        1.77135811560951     
   35.3000000000000        50.8678705409083        1.77135984953449     
   35.4000000000000        50.8679203402199        1.77136158368416     
   35.5000000000000        50.8679701459850        1.77136331805857     
   35.6000000000000        50.8680199582048        1.77136505265774     
   35.7000000000000        50.8680697768804        1.77136678748172     
   35.8000000000000        50.8681196020129        1.77136852253055     
   35.9000000000000        50.8681694336035        1.77137025780427     
   36.0000000000000        50.8682192716533        1.77137199330291     
   36.1000000000000        50.8682691161634        1.77137372902652     
   36.2000000000000        50.8683189671351        1.77137546497514     
   36.3000000000000        50.8683688245692        1.77137720114881     
   36.4000000000000        50.8684186884672        1.77137893754755     
   36.5000000000000        50.8684685588300        1.77138067417143     
   36.6000000000000        50.8685184356588        1.77138241102046     
   36.7000000000000        50.8685683189547        1.77138414809470     
   36.8000000000000        50.8686182087189        1.77138588539419     
   36.9000000000000        50.8686681049524        1.77138762291895     
   37.0000000000000        50.8687180076566        1.77138936066904     
   37.1000000000000        50.8687679168323        1.77139109864449     
   37.2000000000000        50.8688178324809        1.77139283684534     
   37.3000000000000        50.8688677546034        1.77139457527162     
   37.4000000000000        50.8689176832010        1.77139631392339     
   37.5000000000000        50.8689676182748        1.77139805280068     
   37.6000000000000        50.8690175598260        1.77139979190353     
   37.7000000000000        50.8690675078556        1.77140153123198     
   37.8000000000000        50.8691174623648        1.77140327078606     
   37.9000000000000        50.8691674233548        1.77140501056582     
   38.0000000000000        50.8692173908267        1.77140675057130     
   38.1000000000000        50.8692673647816        1.77140849080254     
   38.2000000000000        50.8693173452207        1.77141023125957     
   38.3000000000000        50.8693673321450        1.77141197194244     
   38.4000000000000        50.8694173255558        1.77141371285118     
   38.5000000000000        50.8694673254542        1.77141545398584     
   38.6000000000000        50.8695173318413        1.77141719534646     
   38.7000000000000        50.8695673447182        1.77141893693307     
   38.8000000000000        50.8696173640862        1.77142067874571     
   38.9000000000000        50.8696673899462        1.77142242078443     
   39.0000000000000        50.8697174222996        1.77142416304926     
   39.1000000000000        50.8697674611473        1.77142590554024     
   39.2000000000000        50.8698175064906        1.77142764825742     
   39.3000000000000        50.8698675583306        1.77142939120083     
   39.4000000000000        50.8699176166684        1.77143113437051     
   39.5000000000000        50.8699676815052        1.77143287776651     
   39.6000000000000        50.8700177528421        1.77143462138886     
   39.7000000000000        50.8700678306802        1.77143636523759     
   39.8000000000000        50.8701179150208        1.77143810931276     
   39.9000000000000        50.8701680058648        1.77143985361440     
   40.0000000000000        50.8702181032136        1.77144159814255     
