 # applied field (T), theta (degree), phi (degree), abs for RE 1-2
     0.00000     0.00000     0.00000     0.29517     0.00000     0.00000     0.29517
     0.10000     0.22774   360.00000     0.29517     0.22774   360.00000     0.29517
     0.20000     0.45558   360.00000     0.29518     0.45558   360.00000     0.29518
     0.30000     0.68362   360.00000     0.29519     0.68362   360.00000     0.29519
     0.40000     0.91197   360.00000     0.29521     0.91197   360.00000     0.29521
     0.50000     1.16966   360.00000     0.29523     1.16966   360.00000     0.29523
     0.60000     1.39903   360.00000     0.29526     1.39903   360.00000     0.29526
     0.70000     1.62902   360.00000     0.29529     1.62902   360.00000     0.29529
     0.80000     1.85974   360.00000     0.29533     1.85974   360.00000     0.29533
     0.90000     2.09130   360.00000     0.29538     2.09130   360.00000     0.29538
     1.00000     2.32378   360.00000     0.29542     2.32378   360.00000     0.29542
     1.10000     2.55730   360.00000     0.29548     2.55730   360.00000     0.29548
     1.20000     2.82196   360.00000     0.29554     2.82196   360.00000     0.29554
     1.30000     3.05806   360.00000     0.29561     3.05806   360.00000     0.29561
     1.40000     3.29551   360.00000     0.29567     3.29551   360.00000     0.29567
     1.50000     3.53441   360.00000     0.29574     3.53441   360.00000     0.29574
     1.60000     3.80588   360.00000     0.29583     3.80588   360.00000     0.29583
     1.70000     4.04825   360.00000     0.29592     4.04825   360.00000     0.29592
     1.80000     4.29238   360.00000     0.29600     4.29238   360.00000     0.29600
     1.90000     4.57035   360.00000     0.29611     4.57035   360.00000     0.29611
     2.00000     4.81861   360.00000     0.29620     4.81861   360.00000     0.29620
     2.10000     5.10168   360.00000     0.29632     5.10168   360.00000     0.29632
     2.20000     5.35452   360.00000     0.29642     5.35452   360.00000     0.29642
     2.30000     5.64320   360.00000     0.29655     5.64320   360.00000     0.29655
     2.40000     5.90106   360.00000     0.29666     5.90106   360.00000     0.29666
     2.50000     6.19586   360.00000     0.29680     6.19586   360.00000     0.29680
     2.60000     6.45916   360.00000     0.29692     6.45916   360.00000     0.29692
     2.70000     6.76056   360.00000     0.29707     6.76056   360.00000     0.29707
     2.80000     7.06573   360.00000     0.29722     7.06573   360.00000     0.29722
     2.90000     7.37480   360.00000     0.29737     7.37480   360.00000     0.29737
     3.00000     7.68790   360.00000     0.29753     7.68790   360.00000     0.29753
     3.10000     8.00517   360.00000     0.29769     8.00517   360.00000     0.29769
     3.20000     8.32673   360.00000     0.29786     8.32673   360.00000     0.29786
     3.30000     8.65273   360.00000     0.29803     8.65273   360.00000     0.29803
     3.40000     8.98327   360.00000     0.29821     8.98327   360.00000     0.29821
     3.50000     9.31849   360.00000     0.29838     9.31849   360.00000     0.29838
     3.60000     9.69972   360.00000     0.29859     9.69972   360.00000     0.29859
     3.70000    10.04537   360.00000     0.29878    10.04537   360.00000     0.29878
     3.80000    10.43883   360.00000     0.29899    10.43883   360.00000     0.29899
     3.90000    10.79542   360.00000     0.29918    10.79542   360.00000     0.29918
     4.00000    11.20170   360.00000     0.29941    11.20170   360.00000     0.29941
     4.10000    11.61504   360.00000     0.29963    11.61504   360.00000     0.29963
     4.20000    12.03559   360.00000     0.29986    12.03559   360.00000     0.29986
     4.30000    12.51079   360.00000     0.30012    12.51079   360.00000     0.30012
     4.40000    12.94714   360.00000     0.30035    12.94714   360.00000     0.30035
     4.50000    13.44047   360.00000     0.30061    13.44047   360.00000     0.30061
     4.60000    13.94365   360.00000     0.30088    13.94365   360.00000     0.30088
     4.70000    14.45683   360.00000     0.30114    14.45683   360.00000     0.30114
     4.80000    14.98018   360.00000     0.30141    14.98018   360.00000     0.30141
     4.90000    90.00000   360.00000     0.29786    90.00000   360.00000     0.29786
     5.00000    90.00000   360.00000     0.29788    90.00000   360.00000     0.29788
     5.10000    90.00000   360.00000     0.29790    90.00000   360.00000     0.29790
     5.20000    90.00000   360.00000     0.29792    90.00000   360.00000     0.29792
     5.30000    90.00000   360.00000     0.29794    90.00000   360.00000     0.29794
     5.40000    90.00000   360.00000     0.29796    90.00000   360.00000     0.29796
     5.50000    90.00000   360.00000     0.29798    90.00000   360.00000     0.29798
     5.60000    90.00000   360.00000     0.29800    90.00000   360.00000     0.29800
     5.70000    90.00000   360.00000     0.29802    90.00000   360.00000     0.29802
     5.80000    90.00000   360.00000     0.29804    90.00000   360.00000     0.29804
     5.90000    90.00000   360.00000     0.29806    90.00000   360.00000     0.29806
     6.00000    90.00000   360.00000     0.29807    90.00000   360.00000     0.29807
     6.10000    90.00000   360.00000     0.29809    90.00000   360.00000     0.29809
     6.20000    90.00000   360.00000     0.29811    90.00000   360.00000     0.29811
     6.30000    90.00000   360.00000     0.29813    90.00000   360.00000     0.29813
     6.40000    90.00000   360.00000     0.29815    90.00000   360.00000     0.29815
     6.50000    90.00000   360.00000     0.29817    90.00000   360.00000     0.29817
     6.60000    90.00000   360.00000     0.29819    90.00000   360.00000     0.29819
     6.70000    90.00000   360.00000     0.29821    90.00000   360.00000     0.29821
     6.80000    90.00000   360.00000     0.29823    90.00000   360.00000     0.29823
     6.90000    90.00000   360.00000     0.29825    90.00000   360.00000     0.29825
     7.00000    90.00000   360.00000     0.29827    90.00000   360.00000     0.29827
     7.10000    90.00000   360.00000     0.29829    90.00000   360.00000     0.29829
     7.20000    90.00000   360.00000     0.29831    90.00000   360.00000     0.29831
     7.30000    90.00000   360.00000     0.29833    90.00000   360.00000     0.29833
     7.40000    90.00000   360.00000     0.29835    90.00000   360.00000     0.29835
     7.50000    90.00000   360.00000     0.29837    90.00000   360.00000     0.29837
     7.60000    90.00000   360.00000     0.29839    90.00000   360.00000     0.29839
     7.70000    90.00000   360.00000     0.29840    90.00000   360.00000     0.29840
     7.80000    90.00000   360.00000     0.29842    90.00000   360.00000     0.29842
     7.90000    90.00000   360.00000     0.29844    90.00000   360.00000     0.29844
     8.00000    90.00000   360.00000     0.29846    90.00000   360.00000     0.29846
     8.10000    90.00000   360.00000     0.29848    90.00000   360.00000     0.29848
     8.20000    90.00000   360.00000     0.29850    90.00000   360.00000     0.29850
     8.30000    90.00000   360.00000     0.29852    90.00000   360.00000     0.29852
     8.40000    90.00000   360.00000     0.29854    90.00000   360.00000     0.29854
     8.50000    90.00000   360.00000     0.29856    90.00000   360.00000     0.29856
     8.60000    90.00000   360.00000     0.29858    90.00000   360.00000     0.29858
     8.70000    90.00000   360.00000     0.29860    90.00000   360.00000     0.29860
     8.80000    90.00000   360.00000     0.29862    90.00000   360.00000     0.29862
     8.90000    90.00000   360.00000     0.29864    90.00000   360.00000     0.29864
     9.00000    90.00000   360.00000     0.29866    90.00000   360.00000     0.29866
     9.10000    90.00000   360.00000     0.29868    90.00000   360.00000     0.29868
     9.20000    90.00000   360.00000     0.29870    90.00000   360.00000     0.29870
     9.30000    90.00000   360.00000     0.29872    90.00000   360.00000     0.29872
     9.40000    90.00000   360.00000     0.29874    90.00000   360.00000     0.29874
     9.50000    90.00000   360.00000     0.29876    90.00000   360.00000     0.29876
     9.60000    90.00000   360.00000     0.29877    90.00000   360.00000     0.29877
     9.70000    90.00000   360.00000     0.29879    90.00000   360.00000     0.29879
     9.80000    90.00000   360.00000     0.29881    90.00000   360.00000     0.29881
     9.90000    90.00000   360.00000     0.29883    90.00000   360.00000     0.29883
    10.00000    90.00000   360.00000     0.29885    90.00000   360.00000     0.29885
    10.10000    90.00000   360.00000     0.29887    90.00000   360.00000     0.29887
    10.20000    90.00000   360.00000     0.29889    90.00000   360.00000     0.29889
    10.30000    90.00000   360.00000     0.29891    90.00000   360.00000     0.29891
    10.40000    90.00000   360.00000     0.29893    90.00000   360.00000     0.29893
    10.50000    90.00000   360.00000     0.29895    90.00000   360.00000     0.29895
    10.60000    90.00000   360.00000     0.29897    90.00000   360.00000     0.29897
    10.70000    90.00000   360.00000     0.29899    90.00000   360.00000     0.29899
    10.80000    90.00000   360.00000     0.29901    90.00000   360.00000     0.29901
    10.90000    90.00000   360.00000     0.29903    90.00000   360.00000     0.29903
    11.00000    90.00000   360.00000     0.29905    90.00000   360.00000     0.29905
    11.10000    90.00000   360.00000     0.29907    90.00000   360.00000     0.29907
    11.20000    90.00000   360.00000     0.29909    90.00000   360.00000     0.29909
    11.30000    90.00000   360.00000     0.29911    90.00000   360.00000     0.29911
    11.40000    90.00000   360.00000     0.29913    90.00000   360.00000     0.29913
    11.50000    90.00000   360.00000     0.29914    90.00000   360.00000     0.29914
    11.60000    90.00000   360.00000     0.29916    90.00000   360.00000     0.29916
    11.70000    90.00000   360.00000     0.29918    90.00000   360.00000     0.29918
    11.80000    90.00000   360.00000     0.29920    90.00000   360.00000     0.29920
    11.90000    90.00000   360.00000     0.29922    90.00000   360.00000     0.29922
    12.00000    90.00000   360.00000     0.29924    90.00000   360.00000     0.29924
    12.10000    90.00000   360.00000     0.29926    90.00000   360.00000     0.29926
    12.20000    90.00000   360.00000     0.29928    90.00000   360.00000     0.29928
    12.30000    90.00000   360.00000     0.29930    90.00000   360.00000     0.29930
    12.40000    90.00000   360.00000     0.29932    90.00000   360.00000     0.29932
    12.50000    90.00000   360.00000     0.29934    90.00000   360.00000     0.29934
    12.60000    90.00000   360.00000     0.29936    90.00000   360.00000     0.29936
    12.70000    90.00000   360.00000     0.29938    90.00000   360.00000     0.29938
    12.80000    90.00000   360.00000     0.29940    90.00000   360.00000     0.29940
    12.90000    90.00000   360.00000     0.29942    90.00000   360.00000     0.29942
    13.00000    90.00000   360.00000     0.29944    90.00000   360.00000     0.29944
    13.10000    90.00000   360.00000     0.29946    90.00000   360.00000     0.29946
    13.20000    90.00000   360.00000     0.29948    90.00000   360.00000     0.29948
    13.30000    90.00000   360.00000     0.29950    90.00000   360.00000     0.29950
    13.40000    90.00000   360.00000     0.29952    90.00000   360.00000     0.29952
    13.50000    90.00000   360.00000     0.29954    90.00000   360.00000     0.29954
    13.60000    90.00000   360.00000     0.29956    90.00000   360.00000     0.29956
    13.70000    90.00000   360.00000     0.29957    90.00000   360.00000     0.29957
    13.80000    90.00000   360.00000     0.29959    90.00000   360.00000     0.29959
    13.90000    90.00000   360.00000     0.29961    90.00000   360.00000     0.29961
    14.00000    90.00000   360.00000     0.29963    90.00000   360.00000     0.29963
    14.10000    90.00000   360.00000     0.29965    90.00000   360.00000     0.29965
    14.20000    90.00000   360.00000     0.29967    90.00000   360.00000     0.29967
    14.30000    90.00000   360.00000     0.29969    90.00000   360.00000     0.29969
    14.40000    90.00000   360.00000     0.29971    90.00000   360.00000     0.29971
    14.50000    90.00000   360.00000     0.29973    90.00000   360.00000     0.29973
    14.60000    90.00000   360.00000     0.29975    90.00000   360.00000     0.29975
    14.70000    90.00000   360.00000     0.29977    90.00000   360.00000     0.29977
    14.80000    90.00000   360.00000     0.29979    90.00000   360.00000     0.29979
    14.90000    90.00000   360.00000     0.29981    90.00000   360.00000     0.29981
    15.00000    90.00000   360.00000     0.29983    90.00000   360.00000     0.29983
    15.10000    90.00000   360.00000     0.29985    90.00000   360.00000     0.29985
    15.20000    90.00000   360.00000     0.29987    90.00000   360.00000     0.29987
    15.30000    90.00000   360.00000     0.29989    90.00000   360.00000     0.29989
    15.40000    90.00000   360.00000     0.29991    90.00000   360.00000     0.29991
    15.50000    90.00000   360.00000     0.29993    90.00000   360.00000     0.29993
    15.60000    90.00000   360.00000     0.29995    90.00000   360.00000     0.29995
    15.70000    90.00000   360.00000     0.29997    90.00000   360.00000     0.29997
    15.80000    90.00000   360.00000     0.29999    90.00000   360.00000     0.29999
    15.90000    90.00000   360.00000     0.30001    90.00000   360.00000     0.30001
    16.00000    90.00000   360.00000     0.30003    90.00000   360.00000     0.30003
    16.10000    90.00000   360.00000     0.30005    90.00000   360.00000     0.30005
    16.20000    90.00000   360.00000     0.30006    90.00000   360.00000     0.30006
    16.30000    90.00000   360.00000     0.30008    90.00000   360.00000     0.30008
    16.40000    90.00000   360.00000     0.30010    90.00000   360.00000     0.30010
    16.50000    90.00000   360.00000     0.30012    90.00000   360.00000     0.30012
    16.60000    90.00000   360.00000     0.30014    90.00000   360.00000     0.30014
    16.70000    90.00000   360.00000     0.30016    90.00000   360.00000     0.30016
    16.80000    90.00000   360.00000     0.30018    90.00000   360.00000     0.30018
    16.90000    90.00000   360.00000     0.30020    90.00000   360.00000     0.30020
    17.00000    90.00000   360.00000     0.30022    90.00000   360.00000     0.30022
    17.10000    90.00000   360.00000     0.30024    90.00000   360.00000     0.30024
    17.20000    90.00000   360.00000     0.30026    90.00000   360.00000     0.30026
    17.30000    90.00000   360.00000     0.30028    90.00000   360.00000     0.30028
    17.40000    90.00000   360.00000     0.30030    90.00000   360.00000     0.30030
    17.50000    90.00000   360.00000     0.30032    90.00000   360.00000     0.30032
    17.60000    90.00000   360.00000     0.30034    90.00000   360.00000     0.30034
    17.70000    90.00000   360.00000     0.30036    90.00000   360.00000     0.30036
    17.80000    90.00000   360.00000     0.30038    90.00000   360.00000     0.30038
    17.90000    90.00000   360.00000     0.30040    90.00000   360.00000     0.30040
    18.00000    90.00000   360.00000     0.30042    90.00000   360.00000     0.30042
    18.10000    90.00000   360.00000     0.30044    90.00000   360.00000     0.30044
    18.20000    90.00000   360.00000     0.30046    90.00000   360.00000     0.30046
    18.30000    90.00000   360.00000     0.30048    90.00000   360.00000     0.30048
    18.40000    90.00000   360.00000     0.30050    90.00000   360.00000     0.30050
    18.50000    90.00000   360.00000     0.30052    90.00000   360.00000     0.30052
    18.60000    90.00000   360.00000     0.30054    90.00000   360.00000     0.30054
    18.70000    90.00000   360.00000     0.30056    90.00000   360.00000     0.30056
    18.80000    90.00000   360.00000     0.30058    90.00000   360.00000     0.30058
    18.90000    90.00000   360.00000     0.30060    90.00000   360.00000     0.30060
    19.00000    90.00000   360.00000     0.30062    90.00000   360.00000     0.30062
    19.10000    90.00000   360.00000     0.30064    90.00000   360.00000     0.30064
    19.20000    90.00000   360.00000     0.30065    90.00000   360.00000     0.30065
    19.30000    90.00000   360.00000     0.30067    90.00000   360.00000     0.30067
    19.40000    90.00000   360.00000     0.30069    90.00000   360.00000     0.30069
    19.50000    90.00000   360.00000     0.30071    90.00000   360.00000     0.30071
    19.60000    90.00000   360.00000     0.30073    90.00000   360.00000     0.30073
    19.70000    90.00000   360.00000     0.30075    90.00000   360.00000     0.30075
    19.80000    90.00000   360.00000     0.30077    90.00000   360.00000     0.30077
    19.90000    90.00000   360.00000     0.30079    90.00000   360.00000     0.30079
    20.00000    90.00000   360.00000     0.30081    90.00000   360.00000     0.30081
    20.10000    90.00000   360.00000     0.30083    90.00000   360.00000     0.30083
    20.20000    90.00000   360.00000     0.30085    90.00000   360.00000     0.30085
    20.30000    90.00000   360.00000     0.30087    90.00000   360.00000     0.30087
    20.40000    90.00000   360.00000     0.30089    90.00000   360.00000     0.30089
    20.50000    90.00000   360.00000     0.30091    90.00000   360.00000     0.30091
    20.60000    90.00000   360.00000     0.30093    90.00000   360.00000     0.30093
    20.70000    90.00000   360.00000     0.30095    90.00000   360.00000     0.30095
    20.80000    90.00000   360.00000     0.30097    90.00000   360.00000     0.30097
    20.90000    90.00000   360.00000     0.30099    90.00000   360.00000     0.30099
    21.00000    90.00000   360.00000     0.30101    90.00000   360.00000     0.30101
    21.10000    90.00000   360.00000     0.30103    90.00000   360.00000     0.30103
    21.20000    90.00000   360.00000     0.30105    90.00000   360.00000     0.30105
    21.30000    90.00000   360.00000     0.30107    90.00000   360.00000     0.30107
    21.40000    90.00000   360.00000     0.30109    90.00000   360.00000     0.30109
    21.50000    90.00000   360.00000     0.30111    90.00000   360.00000     0.30111
    21.60000    90.00000   360.00000     0.30113    90.00000   360.00000     0.30113
    21.70000    90.00000   360.00000     0.30115    90.00000   360.00000     0.30115
    21.80000    90.00000   360.00000     0.30117    90.00000   360.00000     0.30117
    21.90000    90.00000   360.00000     0.30119    90.00000   360.00000     0.30119
    22.00000    90.00000   360.00000     0.30121    90.00000   360.00000     0.30121
    22.10000    90.00000   360.00000     0.30123    90.00000   360.00000     0.30123
    22.20000    90.00000   360.00000     0.30125    90.00000   360.00000     0.30125
    22.30000    90.00000   360.00000     0.30127    90.00000   360.00000     0.30127
    22.40000    90.00000   360.00000     0.30129    90.00000   360.00000     0.30129
    22.50000    90.00000   360.00000     0.30131    90.00000   360.00000     0.30131
    22.60000    90.00000   360.00000     0.30133    90.00000   360.00000     0.30133
    22.70000    90.00000   360.00000     0.30135    90.00000   360.00000     0.30135
    22.80000    90.00000   360.00000     0.30137    90.00000   360.00000     0.30137
    22.90000    90.00000   360.00000     0.30139    90.00000   360.00000     0.30139
    23.00000    90.00000   360.00000     0.30141    90.00000   360.00000     0.30141
    23.10000    90.00000   360.00000     0.30142    90.00000   360.00000     0.30142
    23.20000    90.00000   360.00000     0.30144    90.00000   360.00000     0.30144
    23.30000    90.00000   360.00000     0.30146    90.00000   360.00000     0.30146
    23.40000    90.00000   360.00000     0.30148    90.00000   360.00000     0.30148
    23.50000    90.00000   360.00000     0.30150    90.00000   360.00000     0.30150
    23.60000    90.00000   360.00000     0.30152    90.00000   360.00000     0.30152
    23.70000    90.00000   360.00000     0.30154    90.00000   360.00000     0.30154
    23.80000    90.00000   360.00000     0.30156    90.00000   360.00000     0.30156
    23.90000    90.00000   360.00000     0.30158    90.00000   360.00000     0.30158
    24.00000    90.00000   360.00000     0.30160    90.00000   360.00000     0.30160
    24.10000    90.00000   360.00000     0.30162    90.00000   360.00000     0.30162
    24.20000    90.00000   360.00000     0.30164    90.00000   360.00000     0.30164
    24.30000    90.00000   360.00000     0.30166    90.00000   360.00000     0.30166
    24.40000    90.00000   360.00000     0.30168    90.00000   360.00000     0.30168
    24.50000    90.00000   360.00000     0.30170    90.00000   360.00000     0.30170
    24.60000    90.00000   360.00000     0.30172    90.00000   360.00000     0.30172
    24.70000    90.00000   360.00000     0.30174    90.00000   360.00000     0.30174
    24.80000    90.00000   360.00000     0.30176    90.00000   360.00000     0.30176
    24.90000    90.00000   360.00000     0.30178    90.00000   360.00000     0.30178
    25.00000    90.00000   360.00000     0.30180    90.00000   360.00000     0.30180
    25.10000    90.00000   360.00000     0.30182    90.00000   360.00000     0.30182
    25.20000    90.00000   360.00000     0.30184    90.00000   360.00000     0.30184
    25.30000    90.00000   360.00000     0.30186    90.00000   360.00000     0.30186
    25.40000    90.00000   360.00000     0.30188    90.00000   360.00000     0.30188
    25.50000    90.00000   360.00000     0.30190    90.00000   360.00000     0.30190
    25.60000    90.00000   360.00000     0.30192    90.00000   360.00000     0.30192
    25.70000    90.00000   360.00000     0.30194    90.00000   360.00000     0.30194
    25.80000    90.00000   360.00000     0.30196    90.00000   360.00000     0.30196
    25.90000    90.00000   360.00000     0.30198    90.00000   360.00000     0.30198
    26.00000    90.00000   360.00000     0.30200    90.00000   360.00000     0.30200
    26.10000    90.00000   360.00000     0.30202    90.00000   360.00000     0.30202
    26.20000    90.00000   360.00000     0.30204    90.00000   360.00000     0.30204
    26.30000    90.00000   360.00000     0.30206    90.00000   360.00000     0.30206
    26.40000    90.00000   360.00000     0.30208    90.00000   360.00000     0.30208
    26.50000    90.00000   360.00000     0.30210    90.00000   360.00000     0.30210
    26.60000    90.00000   360.00000     0.30212    90.00000   360.00000     0.30212
    26.70000    90.00000   360.00000     0.30214    90.00000   360.00000     0.30214
    26.80000    90.00000   360.00000     0.30216    90.00000   360.00000     0.30216
    26.90000    90.00000   360.00000     0.30218    90.00000   360.00000     0.30218
    27.00000    90.00000   360.00000     0.30220    90.00000   360.00000     0.30220
    27.10000    90.00000   360.00000     0.30222    90.00000   360.00000     0.30222
    27.20000    90.00000   360.00000     0.30224    90.00000   360.00000     0.30224
    27.30000    90.00000   360.00000     0.30226    90.00000   360.00000     0.30226
    27.40000    90.00000   360.00000     0.30228    90.00000   360.00000     0.30228
    27.50000    90.00000   360.00000     0.30230    90.00000   360.00000     0.30230
    27.60000    90.00000   360.00000     0.30232    90.00000   360.00000     0.30232
    27.70000    90.00000   360.00000     0.30234    90.00000   360.00000     0.30234
    27.80000    90.00000   360.00000     0.30236    90.00000   360.00000     0.30236
    27.90000    90.00000   360.00000     0.30238    90.00000   360.00000     0.30238
    28.00000    90.00000   360.00000     0.30240    90.00000   360.00000     0.30240
    28.10000    90.00000   360.00000     0.30242    90.00000   360.00000     0.30242
    28.20000    90.00000   360.00000     0.30244    90.00000   360.00000     0.30244
    28.30000    90.00000   360.00000     0.30246    90.00000   360.00000     0.30246
    28.40000    90.00000   360.00000     0.30248    90.00000   360.00000     0.30248
    28.50000    90.00000   360.00000     0.30250    90.00000   360.00000     0.30250
    28.60000    90.00000   360.00000     0.30252    90.00000   360.00000     0.30252
    28.70000    90.00000   360.00000     0.30254    90.00000   360.00000     0.30254
    28.80000    90.00000   360.00000     0.30256    90.00000   360.00000     0.30256
    28.90000    90.00000   360.00000     0.30258    90.00000   360.00000     0.30258
    29.00000    90.00000   360.00000     0.30260    90.00000   360.00000     0.30260
    29.10000    90.00000   360.00000     0.30262    90.00000   360.00000     0.30262
    29.20000    90.00000   360.00000     0.30264    90.00000   360.00000     0.30264
    29.30000    90.00000   360.00000     0.30266    90.00000   360.00000     0.30266
    29.40000    90.00000   360.00000     0.30268    90.00000   360.00000     0.30268
    29.50000    90.00000   360.00000     0.30270    90.00000   360.00000     0.30270
    29.60000    90.00000   360.00000     0.30272    90.00000   360.00000     0.30272
    29.70000    90.00000   360.00000     0.30274    90.00000   360.00000     0.30274
    29.80000    90.00000   360.00000     0.30276    90.00000   360.00000     0.30276
    29.90000    90.00000   360.00000     0.30278    90.00000   360.00000     0.30278
    30.00000    90.00000   360.00000     0.30280    90.00000   360.00000     0.30280
    30.10000    90.00000   360.00000     0.30282    90.00000   360.00000     0.30282
    30.20000    90.00000   360.00000     0.30284    90.00000   360.00000     0.30284
    30.30000    90.00000   360.00000     0.30286    90.00000   360.00000     0.30286
    30.40000    90.00000   360.00000     0.30288    90.00000   360.00000     0.30288
    30.50000    90.00000   360.00000     0.30290    90.00000   360.00000     0.30290
    30.60000    90.00000   360.00000     0.30292    90.00000   360.00000     0.30292
    30.70000    90.00000   360.00000     0.30294    90.00000   360.00000     0.30294
    30.80000    90.00000   360.00000     0.30296    90.00000   360.00000     0.30296
    30.90000    90.00000   360.00000     0.30298    90.00000   360.00000     0.30298
    31.00000    90.00000   360.00000     0.30300    90.00000   360.00000     0.30300
    31.10000    90.00000   360.00000     0.30302    90.00000   360.00000     0.30302
    31.20000    90.00000   360.00000     0.30304    90.00000   360.00000     0.30304
    31.30000    90.00000   360.00000     0.30306    90.00000   360.00000     0.30306
    31.40000    90.00000   360.00000     0.30308    90.00000   360.00000     0.30308
    31.50000    90.00000   360.00000     0.30310    90.00000   360.00000     0.30310
    31.60000    90.00000   360.00000     0.30312    90.00000   360.00000     0.30312
    31.70000    90.00000   360.00000     0.30314    90.00000   360.00000     0.30314
    31.80000    90.00000   360.00000     0.30316    90.00000   360.00000     0.30316
    31.90000    90.00000   360.00000     0.30318    90.00000   360.00000     0.30318
    32.00000    90.00000   360.00000     0.30320    90.00000   360.00000     0.30320
    32.10000    90.00000   360.00000     0.30322    90.00000   360.00000     0.30322
    32.20000    90.00000   360.00000     0.30324    90.00000   360.00000     0.30324
    32.30000    90.00000   360.00000     0.30326    90.00000   360.00000     0.30326
    32.40000    90.00000   360.00000     0.30328    90.00000   360.00000     0.30328
    32.50000    90.00000   360.00000     0.30330    90.00000   360.00000     0.30330
    32.60000    90.00000   360.00000     0.30332    90.00000   360.00000     0.30332
    32.70000    90.00000   360.00000     0.30334    90.00000   360.00000     0.30334
    32.80000    90.00000   360.00000     0.30336    90.00000   360.00000     0.30336
    32.90000    90.00000   360.00000     0.30338    90.00000   360.00000     0.30338
    33.00000    90.00000   360.00000     0.30340    90.00000   360.00000     0.30340
    33.10000    90.00000   360.00000     0.30342    90.00000   360.00000     0.30342
    33.20000    90.00000   360.00000     0.30344    90.00000   360.00000     0.30344
    33.30000    90.00000   360.00000     0.30346    90.00000   360.00000     0.30346
    33.40000    90.00000   360.00000     0.30348    90.00000   360.00000     0.30348
    33.50000    90.00000   360.00000     0.30350    90.00000   360.00000     0.30350
    33.60000    90.00000   360.00000     0.30352    90.00000   360.00000     0.30352
    33.70000    90.00000   360.00000     0.30354    90.00000   360.00000     0.30354
    33.80000    90.00000   360.00000     0.30356    90.00000   360.00000     0.30356
    33.90000    90.00000   360.00000     0.30358    90.00000   360.00000     0.30358
    34.00000    90.00000   360.00000     0.30360    90.00000   360.00000     0.30360
    34.10000    90.00000   360.00000     0.30362    90.00000   360.00000     0.30362
    34.20000    90.00000   360.00000     0.30364    90.00000   360.00000     0.30364
    34.30000    90.00000   360.00000     0.30366    90.00000   360.00000     0.30366
    34.40000    90.00000   360.00000     0.30368    90.00000   360.00000     0.30368
    34.50000    90.00000   360.00000     0.30370    90.00000   360.00000     0.30370
    34.60000    90.00000   360.00000     0.30372    90.00000   360.00000     0.30372
    34.70000    90.00000   360.00000     0.30374    90.00000   360.00000     0.30374
    34.80000    90.00000   360.00000     0.30376    90.00000   360.00000     0.30376
    34.90000    90.00000   360.00000     0.30378    90.00000   360.00000     0.30378
    35.00000    90.00000   360.00000     0.30380    90.00000   360.00000     0.30380
    35.10000    90.00000   360.00000     0.30382    90.00000   360.00000     0.30382
    35.20000    90.00000   360.00000     0.30384    90.00000   360.00000     0.30384
    35.30000    90.00000   360.00000     0.30386    90.00000   360.00000     0.30386
    35.40000    90.00000   360.00000     0.30388    90.00000   360.00000     0.30388
    35.50000    90.00000   360.00000     0.30390    90.00000   360.00000     0.30390
    35.60000    90.00000   360.00000     0.30392    90.00000   360.00000     0.30392
    35.70000    90.00000   360.00000     0.30394    90.00000   360.00000     0.30394
    35.80000    90.00000   360.00000     0.30396    90.00000   360.00000     0.30396
    35.90000    90.00000   360.00000     0.30398    90.00000   360.00000     0.30398
    36.00000    90.00000   360.00000     0.30400    90.00000   360.00000     0.30400
    36.10000    90.00000   360.00000     0.30402    90.00000   360.00000     0.30402
    36.20000    90.00000   360.00000     0.30404    90.00000   360.00000     0.30404
    36.30000    90.00000   360.00000     0.30406    90.00000   360.00000     0.30406
    36.40000    90.00000   360.00000     0.30408    90.00000   360.00000     0.30408
    36.50000    90.00000   360.00000     0.30410    90.00000   360.00000     0.30410
    36.60000    90.00000   360.00000     0.30412    90.00000   360.00000     0.30412
    36.70000    90.00000   360.00000     0.30414    90.00000   360.00000     0.30414
    36.80000    90.00000   360.00000     0.30416    90.00000   360.00000     0.30416
    36.90000    90.00000   360.00000     0.30418    90.00000   360.00000     0.30418
    37.00000    90.00000   360.00000     0.30420    90.00000   360.00000     0.30420
    37.10000    90.00000   360.00000     0.30422    90.00000   360.00000     0.30422
    37.20000    90.00000   360.00000     0.30424    90.00000   360.00000     0.30424
    37.30000    90.00000   360.00000     0.30426    90.00000   360.00000     0.30426
    37.40000    90.00000   360.00000     0.30428    90.00000   360.00000     0.30428
    37.50000    90.00000   360.00000     0.30430    90.00000   360.00000     0.30430
    37.60000    90.00000   360.00000     0.30432    90.00000   360.00000     0.30432
    37.70000    90.00000   360.00000     0.30434    90.00000   360.00000     0.30434
    37.80000    90.00000   360.00000     0.30436    90.00000   360.00000     0.30436
    37.90000    90.00000   360.00000     0.30438    90.00000   360.00000     0.30438
    38.00000    90.00000   360.00000     0.30440    90.00000   360.00000     0.30440
    38.10000    90.00000   360.00000     0.30442    90.00000   360.00000     0.30442
    38.20000    90.00000   360.00000     0.30444    90.00000   360.00000     0.30444
    38.30000    90.00000   360.00000     0.30446    90.00000   360.00000     0.30446
    38.40000    90.00000   360.00000     0.30448    90.00000   360.00000     0.30448
    38.50000    90.00000   360.00000     0.30450    90.00000   360.00000     0.30450
    38.60000    90.00000   360.00000     0.30452    90.00000   360.00000     0.30452
    38.70000    90.00000   360.00000     0.30454    90.00000   360.00000     0.30454
    38.80000    90.00000   360.00000     0.30456    90.00000   360.00000     0.30456
    38.90000    90.00000   360.00000     0.30458    90.00000   360.00000     0.30458
    39.00000    90.00000   360.00000     0.30460    90.00000   360.00000     0.30460
    39.10000    90.00000   360.00000     0.30462    90.00000   360.00000     0.30462
    39.20000    90.00000   360.00000     0.30464    90.00000   360.00000     0.30464
    39.30000    90.00000   360.00000     0.30466    90.00000   360.00000     0.30466
    39.40000    90.00000   360.00000     0.30468    90.00000   360.00000     0.30468
    39.50000    90.00000   360.00000     0.30470    90.00000   360.00000     0.30470
    39.60000    90.00000   360.00000     0.30472    90.00000   360.00000     0.30472
    39.70000    90.00000   360.00000     0.30474    90.00000   360.00000     0.30474
    39.80000    90.00000   360.00000     0.30476    90.00000   360.00000     0.30476
    39.90000    90.00000   360.00000     0.30478    90.00000   360.00000     0.30478
    40.00000    90.00000   360.00000     0.30480    90.00000   360.00000     0.30480
