 # applied field (T), theta (degree), phi (degree), abs for RE 1-2
     0.00000    90.00000    45.40495     0.30127    90.00000    45.40495     0.30127
     0.10000    90.02753    44.59505     0.30128    90.02753    44.59505     0.30128
     0.20000    90.05495    45.40496     0.30130    90.05495    45.40496     0.30130
     0.30000    90.08218    44.59503     0.30133    90.08218    44.59503     0.30133
     0.40000    90.10912    45.40498     0.30138    90.10912    45.40498     0.30138
     0.50000    90.12260    45.40499     0.30142    90.12260    45.40499     0.30142
     0.60000    90.14874    45.40500     0.30149    90.14874    45.40500     0.30149
     0.70000    90.17431    44.59498     0.30157    90.17431    44.59498     0.30157
     0.80000    90.19920    44.59496     0.30167    90.19920    44.59496     0.30167
     0.90000    90.22333    44.59493     0.30177    90.22333    44.59493     0.30177
     1.00000    90.24659    44.59491     0.30189    90.24659    44.59491     0.30189
     1.10000    90.26889    44.59488     0.30202    90.26889    44.59488     0.30202
     1.20000    90.29014    45.40516     0.30217    90.29014    45.40516     0.30217
     1.30000    90.31023    44.59481     0.30232    90.31023    44.59481     0.30232
     1.40000    90.32907    45.40523     0.30249    90.32907    45.40523     0.30249
     1.50000    90.33514    44.59473     0.30264    90.33514    44.59473     0.30264
     1.60000    90.35146    44.59469     0.30283    90.35146    44.59469     0.30283
     1.70000    90.36627    44.59464     0.30303    90.36627    44.59464     0.30303
     1.80000    90.37947    45.40541     0.30325    90.37947    45.40541     0.30325
     1.90000    90.39099    45.40546     0.30348    90.39099    45.40546     0.30348
     2.00000    90.40075    45.00000     0.30371    90.40075    45.00000     0.30371
     2.10000    90.40860    45.00000     0.30396    90.40860    45.00000     0.30396
     2.20000    90.41449    45.00000     0.30422    90.41449    45.00000     0.30422
     2.30000    90.41833    45.00000     0.30450    90.41833    45.00000     0.30450
     2.40000    90.42003    45.00000     0.30478    90.42003    45.00000     0.30478
     2.50000    90.41951    45.00000     0.30507    90.41951    45.00000     0.30507
     2.60000    90.41669    45.00000     0.30538    90.41669    45.00000     0.30538
     2.70000    90.41147    45.00000     0.30569    90.41147    45.00000     0.30569
     2.80000    90.40378    45.00000     0.30601    90.40378    45.00000     0.30601
     2.90000    90.39354    45.00000     0.30635    90.39354    45.00000     0.30635
     3.00000    90.38066    45.00000     0.30669    90.38066    45.00000     0.30669
     3.10000    90.37059    44.58581     0.30711    90.37059    44.58581     0.30711
     3.20000    90.35173    45.41428     0.30748    90.35173    45.41428     0.30748
     3.30000    90.32998    44.58563     0.30785    90.32998    44.58563     0.30785
     3.40000    90.30528    44.58554     0.30823    90.30528    44.58554     0.30823
     3.50000    90.27756    45.41456     0.30863    90.27756    45.41456     0.30863
     3.60000    90.24673    44.58534     0.30903    90.24673    44.58534     0.30903
     3.70000    90.21511    44.58523     0.30951    90.21511    44.58523     0.30951
     3.80000    90.17909    45.00000     0.31000    90.17909    45.00000     0.31000
     3.90000    90.13626    45.00000     0.31035    90.13626    45.00000     0.31035
     4.00000    90.09176    45.00000     0.31078    90.09176    45.00000     0.31078
     4.10000    90.04375    45.00000     0.31131    90.04375    45.00000     0.31131
     4.20000    89.99167    45.00000     0.31175    89.99167    45.00000     0.31175
     4.30000    89.93600    45.00000     0.31221    89.93600    45.00000     0.31221
     4.40000    89.87467    45.00000     0.31275    89.87467    45.00000     0.31275
     4.50000    89.81091    44.57608     0.31322    89.81091    44.57608     0.31322
     4.60000    89.74004    44.57594     0.31378    89.74004    44.57594     0.31378
     4.70000    89.66809    44.57582     0.31426    89.66809    44.57582     0.31426
     4.80000    89.58736    44.57567     0.31483    89.58736    44.57567     0.31483
     4.90000    89.50687    45.42446     0.31533    89.50687    45.42446     0.31533
     5.00000    89.41609    45.00000     0.31591    89.41609    45.00000     0.31591
     5.10000    89.32682    45.00000     0.31641    89.32682    45.00000     0.31641
     5.20000    89.22553    45.00000     0.31701    89.22553    45.00000     0.31701
     5.30000    89.11851    45.00000     0.31761    89.11851    45.00000     0.31761
     5.40000    89.01526    45.00000     0.31812    89.01526    45.00000     0.31812
     5.50000    88.89731    44.56605     0.31873    88.89731    44.56605     0.31873
     5.60000    88.77353    45.43411     0.31934    88.77353    45.43411     0.31934
     5.70000    88.64374    45.43428     0.31996    88.64374    45.43428     0.31996
     5.80000    88.50788    44.56554     0.32058    88.50788    44.56554     0.32058
     5.90000    88.36599    45.00000     0.32120    88.36599    45.00000     0.32120
     6.00000    88.21781    45.00000     0.32182    88.21781    45.00000     0.32182
     6.10000    88.06338    45.00000     0.32244    88.06338    45.00000     0.32244
     6.20000    87.91926    45.00000     0.32297    87.91926    45.00000     0.32297
     6.30000    87.71779    45.44434     0.32378    87.71779    45.44434     0.32378
     6.40000    87.54337    44.55547     0.32441    87.54337    44.55547     0.32441
     6.50000    87.32310    45.00000     0.32522    87.32310    45.00000     0.32522
     6.60000    87.15460    45.00000     0.32575    87.15460    45.00000     0.32575
     6.70000    86.93800    45.00000     0.32646    86.93800    45.00000     0.32646
     6.80000    86.73559    45.00000     0.32708    86.73559    45.00000     0.32708
     6.90000    86.50261    45.45494     0.32779    86.50261    45.45494     0.32779
     7.00000    86.26102    44.54484     0.32849    86.26102    44.54484     0.32849
     7.10000    85.98458    45.00000     0.32929    85.98458    45.00000     0.32929
     7.20000    85.75155    45.00000     0.32989    85.75155    45.00000     0.32989
     7.30000    85.45503    45.00000     0.33067    85.45503    45.00000     0.33067
     7.40000    85.17678    44.53408     0.33135    85.17678    44.53408     0.33135
     7.50000    84.85889    44.53381     0.33211    84.85889    44.53381     0.33211
     7.60000    84.56190    45.00000     0.33277    84.56190    45.00000     0.33277
     7.70000    84.22252    45.00000     0.33351    84.22252    45.00000     0.33351
     7.80000    83.83702    45.00000     0.33433    83.83702    45.00000     0.33433
     7.90000    83.47338    45.47754     0.33504    83.47338    45.47754     0.33504
     8.00000    83.02358    45.00000     0.33591    83.02358    45.00000     0.33591
     8.10000    82.63467    45.00000     0.33659    82.63467    45.00000     0.33659
     8.20000    82.27451    45.00000     0.33717    82.27451    45.00000     0.33717
     8.30000    81.73922    44.51047     0.33805    81.73922    44.51047     0.33805
     8.40000    81.22736    45.00000     0.33883    81.22736    45.00000     0.33883
     8.50000    80.65341    45.00000     0.33965    80.65341    45.00000     0.33965
     8.60000    80.10589    44.49811     0.34037    80.10589    44.49811     0.34037
     8.70000    79.44539    45.00000     0.34119    79.44539    45.00000     0.34119
     8.80000    78.76134    45.51456     0.34196    78.76134    45.51456     0.34196
     8.90000    78.00257    45.00000     0.34276    78.00257    45.00000     0.34276
     9.00000    77.16325    45.00000     0.34355    77.16325    45.00000     0.34355
     9.10000    76.23798    45.00000     0.34433    76.23798    45.00000     0.34433
     9.20000    75.33783    45.00000     0.34499    75.33783    45.00000     0.34499
     9.30000    73.98543    45.00000     0.34587    73.98543    45.00000     0.34587
     9.40000    72.50999    45.00000     0.34665    72.50999    45.00000     0.34665
     9.50000    70.57213    45.00000     0.34742    70.57213    45.00000     0.34742
     9.60000    67.83529    45.00000     0.34811    67.83529    45.00000     0.34811
     9.70000    24.62553    45.00000     0.34073    24.62553    45.00000     0.34073
     9.80000    19.44476    45.00000     0.34024    19.44476    45.00000     0.34024
     9.90000    14.11501    45.00000     0.33993    14.11501    45.00000     0.33993
    10.00000     7.12735    45.00000     0.33973     7.12735    45.00000     0.33973
    10.10000     0.00000     0.00000     0.33969     0.00000     0.00000     0.33969
    10.20000     0.00000     0.00000     0.33971     0.00000     0.00000     0.33971
    10.30000     0.00000     0.00000     0.33974     0.00000     0.00000     0.33974
    10.40000     0.00000     0.00000     0.33976     0.00000     0.00000     0.33976
    10.50000     0.00000     0.00000     0.33978     0.00000     0.00000     0.33978
    10.60000     0.00000     0.00000     0.33981     0.00000     0.00000     0.33981
    10.70000     0.00000     0.00000     0.33983     0.00000     0.00000     0.33983
    10.80000     0.00000     0.00000     0.33986     0.00000     0.00000     0.33986
    10.90000     0.00000     0.00000     0.33988     0.00000     0.00000     0.33988
    11.00000     0.00000     0.00000     0.33990     0.00000     0.00000     0.33990
    11.10000     0.00000     0.00000     0.33993     0.00000     0.00000     0.33993
    11.20000     0.00000     0.00000     0.33995     0.00000     0.00000     0.33995
    11.30000     0.00000     0.00000     0.33998     0.00000     0.00000     0.33998
    11.40000     0.00000     0.00000     0.34000     0.00000     0.00000     0.34000
    11.50000     0.00000     0.00000     0.34002     0.00000     0.00000     0.34002
    11.60000     0.00000     0.00000     0.34005     0.00000     0.00000     0.34005
    11.70000     0.00000     0.00000     0.34007     0.00000     0.00000     0.34007
    11.80000     0.00000     0.00000     0.34010     0.00000     0.00000     0.34010
    11.90000     0.00000     0.00000     0.34012     0.00000     0.00000     0.34012
    12.00000     0.00000     0.00000     0.34015     0.00000     0.00000     0.34015
    12.10000     0.00000     0.00000     0.34017     0.00000     0.00000     0.34017
    12.20000     0.00000     0.00000     0.34019     0.00000     0.00000     0.34019
    12.30000     0.00000     0.00000     0.34022     0.00000     0.00000     0.34022
    12.40000     0.00000     0.00000     0.34024     0.00000     0.00000     0.34024
    12.50000     0.00000     0.00000     0.34027     0.00000     0.00000     0.34027
    12.60000     0.00000     0.00000     0.34029     0.00000     0.00000     0.34029
    12.70000     0.00000     0.00000     0.34031     0.00000     0.00000     0.34031
    12.80000     0.00000     0.00000     0.34034     0.00000     0.00000     0.34034
    12.90000     0.00000     0.00000     0.34036     0.00000     0.00000     0.34036
    13.00000     0.00000     0.00000     0.34039     0.00000     0.00000     0.34039
    13.10000     0.00000     0.00000     0.34041     0.00000     0.00000     0.34041
    13.20000     0.00000     0.00000     0.34044     0.00000     0.00000     0.34044
    13.30000     0.00000     0.00000     0.34046     0.00000     0.00000     0.34046
    13.40000     0.00000     0.00000     0.34048     0.00000     0.00000     0.34048
    13.50000     0.00000     0.00000     0.34051     0.00000     0.00000     0.34051
    13.60000     0.00000     0.00000     0.34053     0.00000     0.00000     0.34053
    13.70000     0.00000     0.00000     0.34056     0.00000     0.00000     0.34056
    13.80000     0.00000     0.00000     0.34058     0.00000     0.00000     0.34058
    13.90000     0.00000     0.00000     0.34061     0.00000     0.00000     0.34061
    14.00000     0.00000     0.00000     0.34063     0.00000     0.00000     0.34063
    14.10000     0.00000     0.00000     0.34065     0.00000     0.00000     0.34065
    14.20000     0.00000     0.00000     0.34068     0.00000     0.00000     0.34068
    14.30000     0.00000     0.00000     0.34070     0.00000     0.00000     0.34070
    14.40000     0.00000     0.00000     0.34073     0.00000     0.00000     0.34073
    14.50000     0.00000     0.00000     0.34075     0.00000     0.00000     0.34075
    14.60000     0.00000     0.00000     0.34077     0.00000     0.00000     0.34077
    14.70000     0.00000     0.00000     0.34080     0.00000     0.00000     0.34080
    14.80000     0.00000     0.00000     0.34082     0.00000     0.00000     0.34082
    14.90000     0.00000     0.00000     0.34085     0.00000     0.00000     0.34085
    15.00000     0.00000     0.00000     0.34087     0.00000     0.00000     0.34087
    15.10000     0.00000     0.00000     0.34090     0.00000     0.00000     0.34090
    15.20000     0.00000     0.00000     0.34092     0.00000     0.00000     0.34092
    15.30000     0.00000     0.00000     0.34094     0.00000     0.00000     0.34094
    15.40000     0.00000     0.00000     0.34097     0.00000     0.00000     0.34097
    15.50000     0.00000     0.00000     0.34099     0.00000     0.00000     0.34099
    15.60000     0.00000     0.00000     0.34102     0.00000     0.00000     0.34102
    15.70000     0.00000     0.00000     0.34104     0.00000     0.00000     0.34104
    15.80000     0.00000     0.00000     0.34107     0.00000     0.00000     0.34107
    15.90000     0.00000     0.00000     0.34109     0.00000     0.00000     0.34109
    16.00000     0.00000     0.00000     0.34111     0.00000     0.00000     0.34111
    16.10000     0.00000     0.00000     0.34114     0.00000     0.00000     0.34114
    16.20000     0.00000     0.00000     0.34116     0.00000     0.00000     0.34116
    16.30000     0.00000     0.00000     0.34119     0.00000     0.00000     0.34119
    16.40000     0.00000     0.00000     0.34121     0.00000     0.00000     0.34121
    16.50000     0.00000     0.00000     0.34124     0.00000     0.00000     0.34124
    16.60000     0.00000     0.00000     0.34126     0.00000     0.00000     0.34126
    16.70000     0.00000     0.00000     0.34128     0.00000     0.00000     0.34128
    16.80000     0.00000     0.00000     0.34131     0.00000     0.00000     0.34131
    16.90000     0.00000     0.00000     0.34133     0.00000     0.00000     0.34133
    17.00000     0.00000     0.00000     0.34136     0.00000     0.00000     0.34136
    17.10000     0.00000     0.00000     0.34138     0.00000     0.00000     0.34138
    17.20000     0.00000     0.00000     0.34141     0.00000     0.00000     0.34141
    17.30000     0.00000     0.00000     0.34143     0.00000     0.00000     0.34143
    17.40000     0.00000     0.00000     0.34145     0.00000     0.00000     0.34145
    17.50000     0.00000     0.00000     0.34148     0.00000     0.00000     0.34148
    17.60000     0.00000     0.00000     0.34150     0.00000     0.00000     0.34150
    17.70000     0.00000     0.00000     0.34153     0.00000     0.00000     0.34153
    17.80000     0.00000     0.00000     0.34155     0.00000     0.00000     0.34155
    17.90000     0.00000     0.00000     0.34158     0.00000     0.00000     0.34158
    18.00000     0.00000     0.00000     0.34160     0.00000     0.00000     0.34160
    18.10000     0.00000     0.00000     0.34163     0.00000     0.00000     0.34163
    18.20000     0.00000     0.00000     0.34165     0.00000     0.00000     0.34165
    18.30000     0.00000     0.00000     0.34167     0.00000     0.00000     0.34167
    18.40000     0.00000     0.00000     0.34170     0.00000     0.00000     0.34170
    18.50000     0.00000     0.00000     0.34172     0.00000     0.00000     0.34172
    18.60000     0.00000     0.00000     0.34175     0.00000     0.00000     0.34175
    18.70000     0.00000     0.00000     0.34177     0.00000     0.00000     0.34177
    18.80000     0.00000     0.00000     0.34180     0.00000     0.00000     0.34180
    18.90000     0.00000     0.00000     0.34182     0.00000     0.00000     0.34182
    19.00000     0.00000     0.00000     0.34184     0.00000     0.00000     0.34184
    19.10000     0.00000     0.00000     0.34187     0.00000     0.00000     0.34187
    19.20000     0.00000     0.00000     0.34189     0.00000     0.00000     0.34189
    19.30000     0.00000     0.00000     0.34192     0.00000     0.00000     0.34192
    19.40000     0.00000     0.00000     0.34194     0.00000     0.00000     0.34194
    19.50000     0.00000     0.00000     0.34197     0.00000     0.00000     0.34197
    19.60000     0.00000     0.00000     0.34199     0.00000     0.00000     0.34199
    19.70000     0.00000     0.00000     0.34202     0.00000     0.00000     0.34202
    19.80000     0.00000     0.00000     0.34204     0.00000     0.00000     0.34204
    19.90000     0.00000     0.00000     0.34206     0.00000     0.00000     0.34206
    20.00000     0.00000     0.00000     0.34209     0.00000     0.00000     0.34209
    20.10000     0.00000     0.00000     0.34211     0.00000     0.00000     0.34211
    20.20000     0.00000     0.00000     0.34214     0.00000     0.00000     0.34214
    20.30000     0.00000     0.00000     0.34216     0.00000     0.00000     0.34216
    20.40000     0.00000     0.00000     0.34219     0.00000     0.00000     0.34219
    20.50000     0.00000     0.00000     0.34221     0.00000     0.00000     0.34221
    20.60000     0.00000     0.00000     0.34223     0.00000     0.00000     0.34223
    20.70000     0.00000     0.00000     0.34226     0.00000     0.00000     0.34226
    20.80000     0.00000     0.00000     0.34228     0.00000     0.00000     0.34228
    20.90000     0.00000     0.00000     0.34231     0.00000     0.00000     0.34231
    21.00000     0.00000     0.00000     0.34233     0.00000     0.00000     0.34233
    21.10000     0.00000     0.00000     0.34236     0.00000     0.00000     0.34236
    21.20000     0.00000     0.00000     0.34238     0.00000     0.00000     0.34238
    21.30000     0.00000     0.00000     0.34241     0.00000     0.00000     0.34241
    21.40000     0.00000     0.00000     0.34243     0.00000     0.00000     0.34243
    21.50000     0.00000     0.00000     0.34245     0.00000     0.00000     0.34245
    21.60000     0.00000     0.00000     0.34248     0.00000     0.00000     0.34248
    21.70000     0.00000     0.00000     0.34250     0.00000     0.00000     0.34250
    21.80000     0.00000     0.00000     0.34253     0.00000     0.00000     0.34253
    21.90000     0.00000     0.00000     0.34255     0.00000     0.00000     0.34255
    22.00000     0.00000     0.00000     0.34258     0.00000     0.00000     0.34258
    22.10000     0.00000     0.00000     0.34260     0.00000     0.00000     0.34260
    22.20000     0.00000     0.00000     0.34263     0.00000     0.00000     0.34263
    22.30000     0.00000     0.00000     0.34265     0.00000     0.00000     0.34265
    22.40000     0.00000     0.00000     0.34268     0.00000     0.00000     0.34268
    22.50000     0.00000     0.00000     0.34270     0.00000     0.00000     0.34270
    22.60000     0.00000     0.00000     0.34272     0.00000     0.00000     0.34272
    22.70000     0.00000     0.00000     0.34275     0.00000     0.00000     0.34275
    22.80000     0.00000     0.00000     0.34277     0.00000     0.00000     0.34277
    22.90000     0.00000     0.00000     0.34280     0.00000     0.00000     0.34280
    23.00000     0.00000     0.00000     0.34282     0.00000     0.00000     0.34282
    23.10000     0.00000     0.00000     0.34285     0.00000     0.00000     0.34285
    23.20000     0.00000     0.00000     0.34287     0.00000     0.00000     0.34287
    23.30000     0.00000     0.00000     0.34290     0.00000     0.00000     0.34290
    23.40000     0.00000     0.00000     0.34292     0.00000     0.00000     0.34292
    23.50000     0.00000     0.00000     0.34294     0.00000     0.00000     0.34294
    23.60000     0.00000     0.00000     0.34297     0.00000     0.00000     0.34297
    23.70000     0.00000     0.00000     0.34299     0.00000     0.00000     0.34299
    23.80000     0.00000     0.00000     0.34302     0.00000     0.00000     0.34302
    23.90000     0.00000     0.00000     0.34304     0.00000     0.00000     0.34304
    24.00000     0.00000     0.00000     0.34307     0.00000     0.00000     0.34307
    24.10000     0.00000     0.00000     0.34309     0.00000     0.00000     0.34309
    24.20000     0.00000     0.00000     0.34312     0.00000     0.00000     0.34312
    24.30000     0.00000     0.00000     0.34314     0.00000     0.00000     0.34314
    24.40000     0.00000     0.00000     0.34317     0.00000     0.00000     0.34317
    24.50000     0.00000     0.00000     0.34319     0.00000     0.00000     0.34319
    24.60000     0.00000     0.00000     0.34321     0.00000     0.00000     0.34321
    24.70000     0.00000     0.00000     0.34324     0.00000     0.00000     0.34324
    24.80000     0.00000     0.00000     0.34326     0.00000     0.00000     0.34326
    24.90000     0.00000     0.00000     0.34329     0.00000     0.00000     0.34329
    25.00000     0.00000     0.00000     0.34331     0.00000     0.00000     0.34331
    25.10000     0.00000     0.00000     0.34334     0.00000     0.00000     0.34334
    25.20000     0.00000     0.00000     0.34336     0.00000     0.00000     0.34336
    25.30000     0.00000     0.00000     0.34339     0.00000     0.00000     0.34339
    25.40000     0.00000     0.00000     0.34341     0.00000     0.00000     0.34341
    25.50000     0.00000     0.00000     0.34344     0.00000     0.00000     0.34344
    25.60000     0.00000     0.00000     0.34346     0.00000     0.00000     0.34346
    25.70000     0.00000     0.00000     0.34348     0.00000     0.00000     0.34348
    25.80000     0.00000     0.00000     0.34351     0.00000     0.00000     0.34351
    25.90000     0.00000     0.00000     0.34353     0.00000     0.00000     0.34353
    26.00000     0.00000     0.00000     0.34356     0.00000     0.00000     0.34356
    26.10000     0.00000     0.00000     0.34358     0.00000     0.00000     0.34358
    26.20000     0.00000     0.00000     0.34361     0.00000     0.00000     0.34361
    26.30000     0.00000     0.00000     0.34363     0.00000     0.00000     0.34363
    26.40000     0.00000     0.00000     0.34366     0.00000     0.00000     0.34366
    26.50000     0.00000     0.00000     0.34368     0.00000     0.00000     0.34368
    26.60000     0.00000     0.00000     0.34371     0.00000     0.00000     0.34371
    26.70000     0.00000     0.00000     0.34373     0.00000     0.00000     0.34373
    26.80000     0.00000     0.00000     0.34376     0.00000     0.00000     0.34376
    26.90000     0.00000     0.00000     0.34378     0.00000     0.00000     0.34378
    27.00000     0.00000     0.00000     0.34380     0.00000     0.00000     0.34380
    27.10000     0.00000     0.00000     0.34383     0.00000     0.00000     0.34383
    27.20000     0.00000     0.00000     0.34385     0.00000     0.00000     0.34385
    27.30000     0.00000     0.00000     0.34388     0.00000     0.00000     0.34388
    27.40000     0.00000     0.00000     0.34390     0.00000     0.00000     0.34390
    27.50000     0.00000     0.00000     0.34393     0.00000     0.00000     0.34393
    27.60000     0.00000     0.00000     0.34395     0.00000     0.00000     0.34395
    27.70000     0.00000     0.00000     0.34398     0.00000     0.00000     0.34398
    27.80000     0.00000     0.00000     0.34400     0.00000     0.00000     0.34400
    27.90000     0.00000     0.00000     0.34403     0.00000     0.00000     0.34403
    28.00000     0.00000     0.00000     0.34405     0.00000     0.00000     0.34405
    28.10000     0.00000     0.00000     0.34408     0.00000     0.00000     0.34408
    28.20000     0.00000     0.00000     0.34410     0.00000     0.00000     0.34410
    28.30000     0.00000     0.00000     0.34413     0.00000     0.00000     0.34413
    28.40000     0.00000     0.00000     0.34415     0.00000     0.00000     0.34415
    28.50000     0.00000     0.00000     0.34417     0.00000     0.00000     0.34417
    28.60000     0.00000     0.00000     0.34420     0.00000     0.00000     0.34420
    28.70000     0.00000     0.00000     0.34422     0.00000     0.00000     0.34422
    28.80000     0.00000     0.00000     0.34425     0.00000     0.00000     0.34425
    28.90000     0.00000     0.00000     0.34427     0.00000     0.00000     0.34427
    29.00000     0.00000     0.00000     0.34430     0.00000     0.00000     0.34430
    29.10000     0.00000     0.00000     0.34432     0.00000     0.00000     0.34432
    29.20000     0.00000     0.00000     0.34435     0.00000     0.00000     0.34435
    29.30000     0.00000     0.00000     0.34437     0.00000     0.00000     0.34437
    29.40000     0.00000     0.00000     0.34440     0.00000     0.00000     0.34440
    29.50000     0.00000     0.00000     0.34442     0.00000     0.00000     0.34442
    29.60000     0.00000     0.00000     0.34445     0.00000     0.00000     0.34445
    29.70000     0.00000     0.00000     0.34447     0.00000     0.00000     0.34447
    29.80000     0.00000     0.00000     0.34450     0.00000     0.00000     0.34450
    29.90000     0.00000     0.00000     0.34452     0.00000     0.00000     0.34452
    30.00000     0.00000     0.00000     0.34455     0.00000     0.00000     0.34455
    30.10000     0.00000     0.00000     0.34457     0.00000     0.00000     0.34457
    30.20000     0.00000     0.00000     0.34459     0.00000     0.00000     0.34459
    30.30000     0.00000     0.00000     0.34462     0.00000     0.00000     0.34462
    30.40000     0.00000     0.00000     0.34464     0.00000     0.00000     0.34464
    30.50000     0.00000     0.00000     0.34467     0.00000     0.00000     0.34467
    30.60000     0.00000     0.00000     0.34469     0.00000     0.00000     0.34469
    30.70000     0.00000     0.00000     0.34472     0.00000     0.00000     0.34472
    30.80000     0.00000     0.00000     0.34474     0.00000     0.00000     0.34474
    30.90000     0.00000     0.00000     0.34477     0.00000     0.00000     0.34477
    31.00000     0.00000     0.00000     0.34479     0.00000     0.00000     0.34479
    31.10000     0.00000     0.00000     0.34482     0.00000     0.00000     0.34482
    31.20000     0.00000     0.00000     0.34484     0.00000     0.00000     0.34484
    31.30000     0.00000     0.00000     0.34487     0.00000     0.00000     0.34487
    31.40000     0.00000     0.00000     0.34489     0.00000     0.00000     0.34489
    31.50000     0.00000     0.00000     0.34492     0.00000     0.00000     0.34492
    31.60000     0.00000     0.00000     0.34494     0.00000     0.00000     0.34494
    31.70000     0.00000     0.00000     0.34497     0.00000     0.00000     0.34497
    31.80000     0.00000     0.00000     0.34499     0.00000     0.00000     0.34499
    31.90000     0.00000     0.00000     0.34502     0.00000     0.00000     0.34502
    32.00000     0.00000     0.00000     0.34504     0.00000     0.00000     0.34504
    32.10000     0.00000     0.00000     0.34507     0.00000     0.00000     0.34507
    32.20000     0.00000     0.00000     0.34509     0.00000     0.00000     0.34509
    32.30000     0.00000     0.00000     0.34511     0.00000     0.00000     0.34511
    32.40000     0.00000     0.00000     0.34514     0.00000     0.00000     0.34514
    32.50000     0.00000     0.00000     0.34516     0.00000     0.00000     0.34516
    32.60000     0.00000     0.00000     0.34519     0.00000     0.00000     0.34519
    32.70000     0.00000     0.00000     0.34521     0.00000     0.00000     0.34521
    32.80000     0.00000     0.00000     0.34524     0.00000     0.00000     0.34524
    32.90000     0.00000     0.00000     0.34526     0.00000     0.00000     0.34526
    33.00000     0.00000     0.00000     0.34529     0.00000     0.00000     0.34529
    33.10000     0.00000     0.00000     0.34531     0.00000     0.00000     0.34531
    33.20000     0.00000     0.00000     0.34534     0.00000     0.00000     0.34534
    33.30000     0.00000     0.00000     0.34536     0.00000     0.00000     0.34536
    33.40000     0.00000     0.00000     0.34539     0.00000     0.00000     0.34539
    33.50000     0.00000     0.00000     0.34541     0.00000     0.00000     0.34541
    33.60000     0.00000     0.00000     0.34544     0.00000     0.00000     0.34544
    33.70000     0.00000     0.00000     0.34546     0.00000     0.00000     0.34546
    33.80000     0.00000     0.00000     0.34549     0.00000     0.00000     0.34549
    33.90000     0.00000     0.00000     0.34551     0.00000     0.00000     0.34551
    34.00000     0.00000     0.00000     0.34554     0.00000     0.00000     0.34554
    34.10000     0.00000     0.00000     0.34556     0.00000     0.00000     0.34556
    34.20000     0.00000     0.00000     0.34559     0.00000     0.00000     0.34559
    34.30000     0.00000     0.00000     0.34561     0.00000     0.00000     0.34561
    34.40000     0.00000     0.00000     0.34564     0.00000     0.00000     0.34564
    34.50000     0.00000     0.00000     0.34566     0.00000     0.00000     0.34566
    34.60000     0.00000     0.00000     0.34569     0.00000     0.00000     0.34569
    34.70000     0.00000     0.00000     0.34571     0.00000     0.00000     0.34571
    34.80000     0.00000     0.00000     0.34574     0.00000     0.00000     0.34574
    34.90000     0.00000     0.00000     0.34576     0.00000     0.00000     0.34576
    35.00000     0.00000     0.00000     0.34579     0.00000     0.00000     0.34579
    35.10000     0.00000     0.00000     0.34581     0.00000     0.00000     0.34581
    35.20000     0.00000     0.00000     0.34584     0.00000     0.00000     0.34584
    35.30000     0.00000     0.00000     0.34586     0.00000     0.00000     0.34586
    35.40000     0.00000     0.00000     0.34589     0.00000     0.00000     0.34589
    35.50000     0.00000     0.00000     0.34591     0.00000     0.00000     0.34591
    35.60000     0.00000     0.00000     0.34593     0.00000     0.00000     0.34593
    35.70000     0.00000     0.00000     0.34596     0.00000     0.00000     0.34596
    35.80000     0.00000     0.00000     0.34598     0.00000     0.00000     0.34598
    35.90000     0.00000     0.00000     0.34601     0.00000     0.00000     0.34601
    36.00000     0.00000     0.00000     0.34603     0.00000     0.00000     0.34603
    36.10000     0.00000     0.00000     0.34606     0.00000     0.00000     0.34606
    36.20000     0.00000     0.00000     0.34608     0.00000     0.00000     0.34608
    36.30000     0.00000     0.00000     0.34611     0.00000     0.00000     0.34611
    36.40000     0.00000     0.00000     0.34613     0.00000     0.00000     0.34613
    36.50000     0.00000     0.00000     0.34616     0.00000     0.00000     0.34616
    36.60000     0.00000     0.00000     0.34618     0.00000     0.00000     0.34618
    36.70000     0.00000     0.00000     0.34621     0.00000     0.00000     0.34621
    36.80000     0.00000     0.00000     0.34623     0.00000     0.00000     0.34623
    36.90000     0.00000     0.00000     0.34626     0.00000     0.00000     0.34626
    37.00000     0.00000     0.00000     0.34628     0.00000     0.00000     0.34628
    37.10000     0.00000     0.00000     0.34631     0.00000     0.00000     0.34631
    37.20000     0.00000     0.00000     0.34633     0.00000     0.00000     0.34633
    37.30000     0.00000     0.00000     0.34636     0.00000     0.00000     0.34636
    37.40000     0.00000     0.00000     0.34638     0.00000     0.00000     0.34638
    37.50000     0.00000     0.00000     0.34641     0.00000     0.00000     0.34641
    37.60000     0.00000     0.00000     0.34643     0.00000     0.00000     0.34643
    37.70000     0.00000     0.00000     0.34646     0.00000     0.00000     0.34646
    37.80000     0.00000     0.00000     0.34648     0.00000     0.00000     0.34648
    37.90000     0.00000     0.00000     0.34651     0.00000     0.00000     0.34651
    38.00000     0.00000     0.00000     0.34653     0.00000     0.00000     0.34653
    38.10000     0.00000     0.00000     0.34656     0.00000     0.00000     0.34656
    38.20000     0.00000     0.00000     0.34658     0.00000     0.00000     0.34658
    38.30000     0.00000     0.00000     0.34661     0.00000     0.00000     0.34661
    38.40000     0.00000     0.00000     0.34663     0.00000     0.00000     0.34663
    38.50000     0.00000     0.00000     0.34666     0.00000     0.00000     0.34666
    38.60000     0.00000     0.00000     0.34668     0.00000     0.00000     0.34668
    38.70000     0.00000     0.00000     0.34671     0.00000     0.00000     0.34671
    38.80000     0.00000     0.00000     0.34673     0.00000     0.00000     0.34673
    38.90000     0.00000     0.00000     0.34676     0.00000     0.00000     0.34676
    39.00000     0.00000     0.00000     0.34678     0.00000     0.00000     0.34678
    39.10000     0.00000     0.00000     0.34681     0.00000     0.00000     0.34681
    39.20000     0.00000     0.00000     0.34683     0.00000     0.00000     0.34683
    39.30000     0.00000     0.00000     0.34686     0.00000     0.00000     0.34686
    39.40000     0.00000     0.00000     0.34688     0.00000     0.00000     0.34688
    39.50000     0.00000     0.00000     0.34691     0.00000     0.00000     0.34691
    39.60000     0.00000     0.00000     0.34693     0.00000     0.00000     0.34693
    39.70000     0.00000     0.00000     0.34696     0.00000     0.00000     0.34696
    39.80000     0.00000     0.00000     0.34698     0.00000     0.00000     0.34698
    39.90000     0.00000     0.00000     0.34701     0.00000     0.00000     0.34701
    40.00000     0.00000     0.00000     0.34703     0.00000     0.00000     0.34703
