  0.000000000000000E+000  1.032980573933768E-016  0.000000000000000E+000
  0.100000000000000       2.531666408854068E-002 -1.014330078855220E-003
  0.200000000000000       5.062762625477581E-002 -4.057604308846719E-003
  0.300000000000000       7.592718586061020E-002 -9.130672845005974E-003
  0.400000000000000       0.102894394578986      -1.623495864611189E-002
  0.500000000000000       0.128152336706332      -2.537402995058900E-002
  0.600000000000000       0.153381415841911      -3.654910884865170E-002
  0.700000000000000       0.178575949789657      -4.976328364443646E-002
  0.800000000000000       0.205405649570657      -6.502028306175692E-002
  0.900000000000000       0.230510818767728      -8.232731570924687E-002
   1.00000000000000       0.255564071378373      -0.101686212407043     
   1.10000000000000       0.282223959850325      -0.123105704985734     
   1.20000000000000       0.308811527222581      -0.146589896116047     
   1.30000000000000       0.333665630270483      -0.172148339736552     
   1.40000000000000       0.360093705238892      -0.199788292420877     
   1.50000000000000       0.386429504651497      -0.229518205285017     
   1.60000000000000       0.412666279846789      -0.261347702990546     
   1.70000000000000       0.440426832616319      -0.295287725530880     
   1.80000000000000       0.466438167200365      -0.331350063318134     
   1.90000000000000       0.493944092704427      -0.369545387046464     
   2.00000000000000       0.521307126964227      -0.409887573962318     
   2.10000000000000       0.548519354229641      -0.452391672182520     
   2.20000000000000       0.575572902376940      -0.497072822804004     
   2.30000000000000       0.602459945186086      -0.543946143418176     
   2.40000000000000       0.630738450469219      -0.593030241617220     
   2.50000000000000       0.658812394662703      -0.644343401772718     
   2.60000000000000       0.686672672825162      -0.697905576677998     
   2.70000000000000       0.715838959965303      -0.753740120754749     
   2.80000000000000       0.744746574817589      -0.811868666994325     
   2.90000000000000       0.774884709370189      -0.872316488168022     
   3.00000000000000       0.803228745571073      -0.935110956438325     
   3.10000000000000       0.834218261505694       -1.00028182490759     
   3.20000000000000       0.864839527441007       -1.06785857185700     
   3.30000000000000       0.895079026193704       -1.13787588797876     
   3.40000000000000       0.926334489687960       -1.21036974543320     
   3.50000000000000       0.958530568279999       -1.28538001519926     
   3.60000000000000       0.991585080180865       -1.36294871209636     
   3.70000000000000        1.02406788700489       -1.44312374452499     
   3.80000000000000        1.05727602345078       -1.52595460853112     
   3.90000000000000        1.09239727590443       -1.61149850000614     
   4.00000000000000        1.12797703882297       -1.69981577404212     
   4.10000000000000        1.16389400576816       -1.79097535575973     
   4.20000000000000        1.20120380857480       -1.88505231954063     
   4.30000000000000        1.23965021081950       -1.98213163049580     
   4.40000000000000        1.27894925120474       -2.08230923087375     
   4.50000000000000        1.31983974858061       -2.18569346416653     
   4.60000000000000        1.36281286987264       -2.29240950299369     
   4.70000000000000        1.40711529905501       -2.40260322408899     
   4.80000000000000        1.45445915233725       -2.51644679465647     
   4.90000000000000        1.50464442574302       -2.63414789685764     
   5.00000000000000        1.55760057236042       -2.75596349342096     
   5.10000000000000        1.61598866870659       -2.88222173195694     
   5.20000000000000        1.68103108265087       -3.01336206807922     
   5.30000000000000        1.68698530001135       -3.14758745997717     
   5.40000000000000        1.68698530001135       -3.28183348468726     
   5.50000000000000        1.68698530001135       -3.41607950939734     
   5.60000000000000        1.68698530001135       -3.55032553410743     
   5.70000000000000        1.68698530001135       -3.68457155881751     
   5.80000000000000        1.68698530001135       -3.81881758352760     
   5.90000000000000        1.68698530001135       -3.95306360823768     
   6.00000000000000        1.68698530001135       -4.08730963294777     
   6.10000000000000        1.68698530001135       -4.22155565765785     
   6.20000000000000        1.68698530001135       -4.35580168236794     
   6.30000000000000        1.68698530001135       -4.49004770707802     
   6.40000000000000        1.68698530001135       -4.62429373178811     
   6.50000000000000        1.68698530001135       -4.75853975649820     
   6.60000000000000        1.68698530001135       -4.89278578120828     
   6.70000000000000        1.68698530001135       -5.02703180591837     
   6.80000000000000        1.68698530001135       -5.16127783062845     
   6.90000000000000        1.68698530001135       -5.29552385533853     
   7.00000000000000        1.68698530001135       -5.42976988004862     
   7.10000000000000        1.68698530001135       -5.56401590475871     
   7.20000000000000        1.68698530001135       -5.69826192946879     
   7.30000000000000        1.68698530001135       -5.83250795417888     
   7.40000000000000        1.68698530001135       -5.96675397888896     
   7.50000000000000        1.68698530001135       -6.10100000359905     
   7.60000000000000        1.68698530001135       -6.23524602830913     
   7.70000000000000        1.68698530001135       -6.36949205301922     
   7.80000000000000        1.68698530001135       -6.50373807772930     
   7.90000000000000        1.68698530001135       -6.63798410243938     
   8.00000000000000        1.68698530001135       -6.77223012714947     
   8.10000000000000        1.68698530001135       -6.90647615185956     
   8.20000000000000        1.68698530001135       -7.04072217656964     
   8.30000000000000        1.68698530001135       -7.17496820127973     
   8.40000000000000        1.68698530001135       -7.30921422598981     
   8.50000000000000        1.68698530001135       -7.44346025069990     
   8.60000000000000        1.68698530001135       -7.57770627540998     
   8.70000000000000        1.68698530001135       -7.71195230012007     
   8.80000000000000        1.68698530001135       -7.84619832483016     
   8.90000000000000        1.68698530001135       -7.98044434954024     
   9.00000000000000        1.68698530001135       -8.11469037425033     
   9.10000000000000        1.68698530001135       -8.24893639896041     
   9.20000000000000        1.68698530001135       -8.38318242367050     
   9.30000000000000        1.68698530001135       -8.51742844838058     
   9.40000000000000        1.68698530001135       -8.65167447309066     
   9.50000000000000        1.68698530001135       -8.78592049780075     
   9.60000000000000        1.68698530001135       -8.92016652251084     
   9.70000000000000        1.68698530001135       -9.05441254722092     
   9.80000000000000        1.68698530001135       -9.18865857193101     
   9.90000000000000        1.68698530001135       -9.32290459664109     
   10.0000000000000        1.68698530001135       -9.45715062135118     
   10.1000000000000        1.68698530001135       -9.59139664606126     
   10.2000000000000        1.68698530001135       -9.72564267077135     
   10.3000000000000        1.68698530001135       -9.85988869548143     
   10.4000000000000        1.68698530001135       -9.99413472019152     
   10.5000000000000        1.68698530001135       -10.1283807449016     
   10.6000000000000        1.68698530001135       -10.2626267696117     
   10.7000000000000        1.68698530001135       -10.3968727943218     
   10.8000000000000        1.68698530001135       -10.5311188190319     
   10.9000000000000        1.68698530001135       -10.6653648437419     
   11.0000000000000        1.68698530001135       -10.7996108684520     
   11.1000000000000        1.68698530001135       -10.9338568931621     
   11.2000000000000        1.68698530001135       -11.0681029178722     
   11.3000000000000        1.68698530001135       -11.2023489425823     
   11.4000000000000        1.68698530001135       -11.3365949672924     
   11.5000000000000        1.68698530001135       -11.4708409920025     
   11.6000000000000        1.68698530001135       -11.6050870167125     
   11.7000000000000        1.68698530001135       -11.7393330414226     
   11.8000000000000        1.68698530001135       -11.8735790661327     
   11.9000000000000        1.68698530001135       -12.0078250908428     
   12.0000000000000        1.68698530001135       -12.1420711155529     
   12.1000000000000        1.68698530001135       -12.2763171402630     
   12.2000000000000        1.68698530001135       -12.4105631649731     
   12.3000000000000        1.68698530001135       -12.5448091896831     
   12.4000000000000        1.68698530001135       -12.6790552143932     
   12.5000000000000        1.68698530001135       -12.8133012391033     
   12.6000000000000        1.68698530001135       -12.9475472638134     
   12.7000000000000        1.68698530001135       -13.0817932885235     
   12.8000000000000        1.68698530001135       -13.2160393132336     
   12.9000000000000        1.68698530001135       -13.3502853379436     
   13.0000000000000        1.68698530001135       -13.4845313626537     
   13.1000000000000        1.68698530001135       -13.6187773873638     
   13.2000000000000        1.68698530001135       -13.7530234120739     
   13.3000000000000        1.68698530001135       -13.8872694367840     
   13.4000000000000        1.68698530001135       -14.0215154614941     
   13.5000000000000        1.68698530001135       -14.1557614862042     
   13.6000000000000        1.68698530001135       -14.2900075109142     
   13.7000000000000        1.68698530001135       -14.4242535356243     
   13.8000000000000        1.68698530001135       -14.5584995603344     
   13.9000000000000        1.68698530001135       -14.6927455850445     
   14.0000000000000        1.68698530001135       -14.8269916097546     
   14.1000000000000        1.68698530001135       -14.9612376344647     
   14.2000000000000        1.68698530001135       -15.0954836591748     
   14.3000000000000        1.68698530001135       -15.2297296838848     
   14.4000000000000        1.68698530001135       -15.3639757085949     
   14.5000000000000        1.68698530001135       -15.4982217333050     
   14.6000000000000        1.68698530001135       -15.6324677580151     
   14.7000000000000        1.68698530001135       -15.7667137827252     
   14.8000000000000        1.68698530001135       -15.9009598074353     
   14.9000000000000        1.68698530001135       -16.0352058321454     
   15.0000000000000        1.68698530001135       -16.1694518568554     
   15.1000000000000        1.68698530001135       -16.3036978815655     
   15.2000000000000        1.68698530001135       -16.4379439062756     
   15.3000000000000        1.68698530001135       -16.5721899309857     
   15.4000000000000        1.68698530001135       -16.7064359556958     
   15.5000000000000        1.68698530001135       -16.8406819804059     
   15.6000000000000        1.68698530001135       -16.9749280051159     
   15.7000000000000        1.68698530001135       -17.1091740298260     
   15.8000000000000        1.68698530001135       -17.2434200545361     
   15.9000000000000        1.68698530001135       -17.3776660792462     
   16.0000000000000        1.68698530001135       -17.5119121039563     
   16.1000000000000        1.68698530001135       -17.6461581286664     
   16.2000000000000        1.68698530001135       -17.7804041533765     
   16.3000000000000        1.68698530001135       -17.9146501780865     
   16.4000000000000        1.68698530001135       -18.0488962027966     
   16.5000000000000        1.68698530001135       -18.1831422275067     
   16.6000000000000        1.68698530001135       -18.3173882522168     
   16.7000000000000        1.68698530001135       -18.4516342769269     
   16.8000000000000        1.68698530001135       -18.5858803016370     
   16.9000000000000        1.68698530001135       -18.7201263263471     
   17.0000000000000        1.68698530001135       -18.8543723510571     
   17.1000000000000        1.68698530001135       -18.9886183757672     
   17.2000000000000        1.68698530001135       -19.1228644004773     
   17.3000000000000        1.68698530001135       -19.2571104251874     
   17.4000000000000        1.68698530001135       -19.3913564498975     
   17.5000000000000        1.68698530001135       -19.5256024746076     
   17.6000000000000        1.68698530001135       -19.6598484993176     
   17.7000000000000        1.68698530001135       -19.7940945240277     
   17.8000000000000        1.68698530001135       -19.9283405487378     
   17.9000000000000        1.68698530001135       -20.0625865734479     
   18.0000000000000        1.68698530001135       -20.1968325981580     
   18.1000000000000        1.68698530001135       -20.3310786228681     
   18.2000000000000        1.68698530001135       -20.4653246475782     
   18.3000000000000        1.68698530001135       -20.5995706722882     
   18.4000000000000        1.68698530001135       -20.7338166969983     
   18.5000000000000        1.68698530001135       -20.8680627217084     
   18.6000000000000        1.68698530001135       -21.0023087464185     
   18.7000000000000        1.68698530001135       -21.1365547711286     
   18.8000000000000        1.68698530001135       -21.2708007958387     
   18.9000000000000        1.68698530001135       -21.4050468205488     
   19.0000000000000        1.68698530001135       -21.5392928452588     
   19.1000000000000        1.68698530001135       -21.6735388699689     
   19.2000000000000        1.68698530001135       -21.8077848946790     
   19.3000000000000        1.68698530001135       -21.9420309193891     
   19.4000000000000        1.68698530001135       -22.0762769440992     
   19.5000000000000        1.68698530001135       -22.2105229688093     
   19.6000000000000        1.68698530001135       -22.3447689935194     
   19.7000000000000        1.68698530001135       -22.4790150182294     
   19.8000000000000        1.68698530001135       -22.6132610429395     
   19.9000000000000        1.68698530001135       -22.7475070676496     
   20.0000000000000        1.68698530001135       -22.8817530923597     
   20.1000000000000        1.68698530001135       -23.0159991170698     
   20.2000000000000        1.68698530001135       -23.1502451417799     
   20.3000000000000        1.68698530001135       -23.2844911664900     
   20.4000000000000        1.68698530001135       -23.4187371912000     
   20.5000000000000        1.68698530001135       -23.5529832159101     
   20.6000000000000        1.68698530001135       -23.6872292406202     
   20.7000000000000        1.68698530001135       -23.8214752653303     
   20.8000000000000        1.68698530001135       -23.9557212900404     
   20.9000000000000        1.68698530001135       -24.0899673147505     
   21.0000000000000        1.68698530001135       -24.2242133394606     
   21.1000000000000        1.68698530001135       -24.3584593641706     
   21.2000000000000        1.68698530001135       -24.4927053888807     
   21.3000000000000        1.68698530001135       -24.6269514135908     
   21.4000000000000        1.68698530001135       -24.7611974383009     
   21.5000000000000        1.68698530001135       -24.8954434630110     
   21.6000000000000        1.68698530001135       -25.0296894877211     
   21.7000000000000        1.68698530001135       -25.1639355124311     
   21.8000000000000        1.68698530001135       -25.2981815371412     
   21.9000000000000        1.68698530001135       -25.4324275618513     
   22.0000000000000        1.68698530001135       -25.5666735865614     
   22.1000000000000        1.68698530001135       -25.7009196112715     
   22.2000000000000        1.68698530001135       -25.8351656359816     
   22.3000000000000        1.68698530001135       -25.9694116606917     
   22.4000000000000        1.68698530001135       -26.1036576854017     
   22.5000000000000        1.68698530001135       -26.2379037101118     
   22.6000000000000        1.68698530001135       -26.3721497348219     
   22.7000000000000        1.68698530001135       -26.5063957595320     
   22.8000000000000        1.68698530001135       -26.6406417842421     
   22.9000000000000        1.68698530001135       -26.7748878089522     
   23.0000000000000        1.68698530001135       -26.9091338336623     
   23.1000000000000        1.68698530001135       -27.0433798583723     
   23.2000000000000        1.68698530001135       -27.1776258830824     
   23.3000000000000        1.68698530001135       -27.3118719077925     
   23.4000000000000        1.68698530001135       -27.4461179325026     
   23.5000000000000        1.68698530001135       -27.5803639572127     
   23.6000000000000        1.68698530001135       -27.7146099819228     
   23.7000000000000        1.68698530001135       -27.8488560066329     
   23.8000000000000        1.68698530001135       -27.9831020313429     
   23.9000000000000        1.68698530001135       -28.1173480560530     
   24.0000000000000        1.68698530001135       -28.2515940807631     
   24.1000000000000        1.68698530001135       -28.3858401054732     
   24.2000000000000        1.68698530001135       -28.5200861301833     
   24.3000000000000        1.68698530001135       -28.6543321548934     
   24.4000000000000        1.68698530001135       -28.7885781796034     
   24.5000000000000        1.68698530001135       -28.9228242043135     
   24.6000000000000        1.68698530001135       -29.0570702290236     
   24.7000000000000        1.68698530001135       -29.1913162537337     
   24.8000000000000        1.68698530001135       -29.3255622784438     
   24.9000000000000        1.68698530001135       -29.4598083031539     
   25.0000000000000        1.68698530001135       -29.5940543278640     
   25.1000000000000        1.68698530001135       -29.7283003525740     
   25.2000000000000        1.68698530001135       -29.8625463772841     
   25.3000000000000        1.68698530001135       -29.9967924019942     
   25.4000000000000        1.68698530001135       -30.1310384267043     
   25.5000000000000        1.68698530001135       -30.2652844514144     
   25.6000000000000        1.68698530001135       -30.3995304761245     
   25.7000000000000        1.68698530001135       -30.5337765008346     
   25.8000000000000        1.68698530001135       -30.6680225255446     
   25.9000000000000        1.68698530001135       -30.8022685502547     
   26.0000000000000        1.68698530001135       -30.9365145749648     
   26.1000000000000        1.68698530001135       -31.0707605996749     
   26.2000000000000        1.68698530001135       -31.2050066243850     
   26.3000000000000        1.68698530001135       -31.3392526490951     
   26.4000000000000        1.68698530001135       -31.4734986738051     
   26.5000000000000        1.68698530001135       -31.6077446985152     
   26.6000000000000        1.68698530001135       -31.7419907232253     
   26.7000000000000        1.68698530001135       -31.8762367479354     
   26.8000000000000        1.68698530001135       -32.0104827726455     
   26.9000000000000        1.68698530001135       -32.1447287973556     
   27.0000000000000        1.68698530001135       -32.2789748220657     
   27.1000000000000        1.68698530001135       -32.4132208467757     
   27.2000000000000        1.68698530001135       -32.5474668714858     
   27.3000000000000        1.68698530001135       -32.6817128961959     
   27.4000000000000        1.68698530001135       -32.8159589209060     
   27.5000000000000        1.68698530001135       -32.9502049456161     
   27.6000000000000        1.68698530001135       -33.0844509703262     
   27.7000000000000        1.68698530001135       -33.2186969950363     
   27.8000000000000        1.68698530001135       -33.3529430197463     
   27.9000000000000        1.68698530001135       -33.4871890444564     
   28.0000000000000        1.68698530001135       -33.6214350691665     
   28.1000000000000        1.68698530001135       -33.7556810938766     
   28.2000000000000        1.68698530001135       -33.8899271185867     
   28.3000000000000        1.68698530001135       -34.0241731432968     
   28.4000000000000        1.68698530001135       -34.1584191680069     
   28.5000000000000        1.68698530001135       -34.2926651927169     
   28.6000000000000        1.68698530001135       -34.4269112174270     
   28.7000000000000        1.68698530001135       -34.5611572421371     
   28.8000000000000        1.68698530001135       -34.6954032668472     
   28.9000000000000        1.68698530001135       -34.8296492915573     
   29.0000000000000        1.68698530001135       -34.9638953162674     
   29.1000000000000        1.68698530001135       -35.0981413409774     
   29.2000000000000        1.68698530001135       -35.2323873656875     
   29.3000000000000        1.68698530001135       -35.3666333903976     
   29.4000000000000        1.68698530001135       -35.5008794151077     
   29.5000000000000        1.68698530001135       -35.6351254398178     
   29.6000000000000        1.68698530001135       -35.7693714645279     
   29.7000000000000        1.68698530001135       -35.9036174892380     
   29.8000000000000        1.68698530001135       -36.0378635139480     
   29.9000000000000        1.68698530001135       -36.1721095386581     
   30.0000000000000        1.68698530001135       -36.3063555633682     
   30.1000000000000        1.68698530001135       -36.4406015880783     
   30.2000000000000        1.68698530001135       -36.5748476127884     
   30.3000000000000        1.68698530001135       -36.7090936374985     
   30.4000000000000        1.68698530001135       -36.8433396622086     
   30.5000000000000        1.68698530001135       -36.9775856869186     
   30.6000000000000        1.68698530001135       -37.1118317116287     
   30.7000000000000        1.68698530001135       -37.2460777363388     
   30.8000000000000        1.68698530001135       -37.3803237610489     
   30.9000000000000        1.68698530001135       -37.5145697857590     
   31.0000000000000        1.68698530001135       -37.6488158104691     
   31.1000000000000        1.68698530001135       -37.7830618351791     
   31.2000000000000        1.68698530001135       -37.9173078598892     
   31.3000000000000        1.68698530001135       -38.0515538845993     
   31.4000000000000        1.68698530001135       -38.1857999093094     
   31.5000000000000        1.68698530001135       -38.3200459340195     
   31.6000000000000        1.68698530001135       -38.4542919587296     
   31.7000000000000        1.68698530001135       -38.5885379834397     
   31.8000000000000        1.68698530001135       -38.7227840081497     
   31.9000000000000        1.68698530001135       -38.8570300328598     
   32.0000000000000        1.68698530001135       -38.9912760575699     
   32.1000000000000        1.68698530001135       -39.1255220822800     
   32.2000000000000        1.68698530001135       -39.2597681069901     
   32.3000000000000        1.68698530001135       -39.3940141317002     
   32.4000000000000        1.68698530001135       -39.5282601564103     
   32.5000000000000        1.68698530001135       -39.6625061811203     
   32.6000000000000        1.68698530001135       -39.7967522058304     
   32.7000000000000        1.68698530001135       -39.9309982305405     
   32.8000000000000        1.68698530001135       -40.0652442552506     
   32.9000000000000        1.68698530001135       -40.1994902799607     
   33.0000000000000        1.68698530001135       -40.3337363046708     
   33.1000000000000        1.68698530001135       -40.4679823293808     
   33.2000000000000        1.68698530001135       -40.6022283540909     
   33.3000000000000        1.68698530001135       -40.7364743788010     
   33.4000000000000        1.68698530001135       -40.8707204035111     
   33.5000000000000        1.68698530001135       -41.0049664282212     
   33.6000000000000        1.68698530001135       -41.1392124529313     
   33.7000000000000        1.68698530001135       -41.2734584776414     
   33.8000000000000        1.68698530001135       -41.4077045023515     
   33.9000000000000        1.68698530001135       -41.5419505270615     
   34.0000000000000        1.68698530001135       -41.6761965517716     
   34.1000000000000        1.68698530001135       -41.8104425764817     
   34.2000000000000        1.68698530001135       -41.9446886011918     
   34.3000000000000        1.68698530001135       -42.0789346259019     
   34.4000000000000        1.68698530001135       -42.2131806506120     
   34.5000000000000        1.68698530001135       -42.3474266753220     
   34.6000000000000        1.68698530001135       -42.4816727000321     
   34.7000000000000        1.68698530001135       -42.6159187247422     
   34.8000000000000        1.68698530001135       -42.7501647494523     
   34.9000000000000        1.68698530001135       -42.8844107741624     
   35.0000000000000        1.68698530001135       -43.0186567988725     
   35.1000000000000        1.68698530001135       -43.1529028235826     
   35.2000000000000        1.68698530001135       -43.2871488482926     
   35.3000000000000        1.68698530001135       -43.4213948730027     
   35.4000000000000        1.68698530001135       -43.5556408977128     
   35.5000000000000        1.68698530001135       -43.6898869224229     
   35.6000000000000        1.68698530001135       -43.8241329471330     
   35.7000000000000        1.68698530001135       -43.9583789718431     
   35.8000000000000        1.68698530001135       -44.0926249965531     
   35.9000000000000        1.68698530001135       -44.2268710212632     
   36.0000000000000        1.68698530001135       -44.3611170459733     
   36.1000000000000        1.68698530001135       -44.4953630706834     
   36.2000000000000        1.68698530001135       -44.6296090953935     
   36.3000000000000        1.68698530001135       -44.7638551201036     
   36.4000000000000        1.68698530001135       -44.8981011448137     
   36.5000000000000        1.68698530001135       -45.0323471695237     
   36.6000000000000        1.68698530001135       -45.1665931942338     
   36.7000000000000        1.68698530001135       -45.3008392189439     
   36.8000000000000        1.68698530001135       -45.4350852436540     
   36.9000000000000        1.68698530001135       -45.5693312683641     
   37.0000000000000        1.68698530001135       -45.7035772930742     
   37.1000000000000        1.68698530001135       -45.8378233177843     
   37.2000000000000        1.68698530001135       -45.9720693424943     
   37.3000000000000        1.68698530001135       -46.1063153672044     
   37.4000000000000        1.68698530001135       -46.2405613919145     
   37.5000000000000        1.68698530001135       -46.3748074166246     
   37.6000000000000        1.68698530001135       -46.5090534413347     
   37.7000000000000        1.68698530001135       -46.6432994660448     
   37.8000000000000        1.68698530001135       -46.7775454907549     
   37.9000000000000        1.68698530001135       -46.9117915154649     
   38.0000000000000        1.68698530001135       -47.0460375401750     
   38.1000000000000        1.68698530001135       -47.1802835648851     
   38.2000000000000        1.68698530001135       -47.3145295895952     
   38.3000000000000        1.68698530001135       -47.4487756143053     
   38.4000000000000        1.68698530001135       -47.5830216390154     
   38.5000000000000        1.68698530001135       -47.7172676637255     
   38.6000000000000        1.68698530001135       -47.8515136884355     
   38.7000000000000        1.68698530001135       -47.9857597131456     
   38.8000000000000        1.68698530001135       -48.1200057378557     
   38.9000000000000        1.68698530001135       -48.2542517625658     
   39.0000000000000        1.68698530001135       -48.3884977872759     
   39.1000000000000        1.68698530001135       -48.5227438119860     
   39.2000000000000        1.68698530001135       -48.6569898366960     
   39.3000000000000        1.68698530001135       -48.7912358614061     
   39.4000000000000        1.68698530001135       -48.9254818861162     
   39.5000000000000        1.68698530001135       -49.0597279108263     
   39.6000000000000        1.68698530001135       -49.1939739355364     
   39.7000000000000        1.68698530001135       -49.3282199602465     
   39.8000000000000        1.68698530001135       -49.4624659849565     
   39.9000000000000        1.68698530001135       -49.5967120096666     
   40.0000000000000        1.68698530001135       -49.7309580343767     
