 # applied field (T), magnetization (2 f.u.), magnetization (T)
  0.000000000000000E+000  7.891954797412413E-017  2.715577534216150E-018
  0.100000000000000       0.554626202733804       1.908437763132340E-002
  0.200000000000000        1.10915930163879       3.816555161193706E-002
  0.300000000000000        1.66350620747562       5.724031879314675E-002
  0.400000000000000        2.21757386018338       7.630547703027205E-002
  0.500000000000000        2.72872784096832       9.389399980285366E-002
  0.600000000000000        3.28199705545371       0.112931684227029     
  0.700000000000000        3.83471529472383       0.131950409902011     
  0.800000000000000        4.38678975405823       0.150946983469242     
  0.900000000000000        4.93812772971524       0.169918215044786     
   1.00000000000000        5.48863663350745       0.188860918720867     
   1.10000000000000        6.03822400737285       0.207771913067249     
   1.20000000000000        6.58679753794146       0.226648021632470     
   1.30000000000000        7.17629464821219       0.246932287701270     
   1.40000000000000        7.72246831306334       0.265725818228543     
   1.50000000000000        8.26734516027779       0.284474725985785     
   1.60000000000000        8.81083361697786       0.303175860001459     
   1.70000000000000        9.39443683913784       0.323257320674719     
   1.80000000000000        9.93475016695486       0.341849200280245     
   1.90000000000000        10.4733947799640       0.360383660341948     
   2.00000000000000        11.0514692096210       0.380274878355463     
   2.10000000000000        11.5863589863611       0.398680136599894     
   2.20000000000000        12.1601805739507       0.418425016694967     
   2.30000000000000        12.7316328599587       0.438088370446925     
   2.40000000000000        13.2600795442797       0.456271925482536     
   2.50000000000000        13.8266477129601       0.475767219487199     
   2.60000000000000        14.3905211818178       0.495169790377144     
   2.70000000000000        14.9515897882678       0.514475847519402     
   2.80000000000000        15.5494667039217       0.535048458007597     
   2.90000000000000        16.1043771868489       0.554142617561480     
   3.00000000000000        16.6561477743142       0.573128735067542     
   3.10000000000000        17.2436931224783       0.593345842093179     
   3.20000000000000        17.7886171335233       0.612096372731466     
   3.30000000000000        18.3685812674962       0.632052614414255     
   3.40000000000000        18.9444325822427       0.651867336286294     
   3.50000000000000        19.5160415982617       0.671536083030327     
   3.60000000000000        20.0832797414977       0.691054430484968     
   3.70000000000000        20.6833447813380       0.711702333103379     
   3.80000000000000        21.2411465681482       0.730895980807799     
   3.90000000000000        21.8308592187951       0.751187663500469     
   4.00000000000000        22.4150061642841       0.771287833389570     
   4.10000000000000        22.9934376062890       0.791191335998427     
   4.20000000000000        23.5660051469401       0.810893065039288     
   4.30000000000000        24.1677440029283       0.831598562735780     
   4.40000000000000        24.7625231446586       0.852064580554746     
   4.50000000000000        25.3501700749000       0.872285182962886     
   4.60000000000000        25.9305142826740       0.892254502772727     
   4.70000000000000        26.5368270121861       0.913117384900642     
   4.80000000000000        27.1345667477138       0.933685275097371     
   4.90000000000000        27.7235387550024       0.953951472666057     
   5.00000000000000        28.3354868522374       0.975008264647464     
   5.10000000000000        28.9372301698405       0.995713915865632     
   5.20000000000000        29.5285499365365        1.01606089852326     
   5.30000000000000        30.1394756295548        1.03708251014704     
   5.40000000000000        30.7679740968552        1.05870879111167     
   5.50000000000000        31.3829261083168        1.07986894610259     
   5.60000000000000        32.0123175253365        1.10152595296796     
   5.70000000000000        32.6262340450804        1.12265047726766     
   5.80000000000000        33.2511687980869        1.14415413281535     
   5.90000000000000        33.8845167156165        1.16594728065181     
   6.00000000000000        34.5234934394592        1.18793411256731     
   6.10000000000000        35.1651305646341        1.21001248740563     
   6.20000000000000        35.8062715482553        1.23207379029041     
   6.30000000000000        36.4435684140044        1.25400281922785     
   6.40000000000000        37.0946366162356        1.27640571215625     
   6.50000000000000        37.7522586083949        1.29903411733287     
   6.60000000000000        38.4085590852231        1.32161704990560     
   6.70000000000000        39.0722195020315        1.34445323389926     
   6.80000000000000        39.7450079537836        1.36760350847327     
   6.90000000000000        40.4201145922047        1.39083355055483     
   7.00000000000000        41.1031719250023        1.41433717158590     
   7.10000000000000        41.7834905682209        1.43774655583932     
   7.20000000000000        42.4748642993416        1.46153633948829     
   7.30000000000000        42.6889560085387        1.46890311553658     
   7.40000000000000        42.6892041475583        1.46891165386154     
   7.50000000000000        42.6894522642192        1.46892019141716     
   7.60000000000000        42.6897003585298        1.46892872820372     
   7.70000000000000        42.6899484304983        1.46893726422150     
   7.80000000000000        42.6901964801329        1.46894579947078     
   7.90000000000000        42.6904445074419        1.46895433395185     
   8.00000000000000        42.6906925124335        1.46896286766499     
   8.10000000000000        42.6909404951160        1.46897140061048     
   8.20000000000000        42.6911884554975        1.46897993278862     
   8.30000000000000        42.6914363935864        1.46898846419967     
   8.40000000000000        42.6916843093909        1.46899699484393     
   8.50000000000000        42.6919322029191        1.46900552472168     
   8.60000000000000        42.6921800741795        1.46901405383321     
   8.70000000000000        42.6924279231802        1.46902258217879     
   8.80000000000000        42.6926757499294        1.46903110975870     
   8.90000000000000        42.6929235544355        1.46903963657325     
   9.00000000000000        42.6931713367065        1.46904816262270     
   9.10000000000000        42.6934190967509        1.46905668790734     
   9.20000000000000        42.6936668345768        1.46906521242746     
   9.30000000000000        42.6939145501926        1.46907373618334     
   9.40000000000000        42.6941622436063        1.46908225917526     
   9.50000000000000        42.6944099148264        1.46909078140351     
   9.60000000000000        42.6946575638609        1.46909930286837     
   9.70000000000000        42.6949051907182        1.46910782357012     
   9.80000000000000        42.6951527954066        1.46911634350905     
   9.90000000000000        42.6954003779342        1.46912486268544     
   10.0000000000000        42.6956479383094        1.46913338109958     
   10.1000000000000        42.6958954765403        1.46914189875174     
   10.2000000000000        42.6961429926353        1.46915041564222     
   10.3000000000000        42.6963904866025        1.46915893177130     
   10.4000000000000        42.6966379584502        1.46916744713926     
   10.5000000000000        42.6968854081867        1.46917596174638     
   10.6000000000000        42.6971328358203        1.46918447559295     
   10.7000000000000        42.6973802413590        1.46919298867925     
   10.8000000000000        42.6976276248114        1.46920150100557     
   10.9000000000000        42.6978749861854        1.46921001257220     
   11.0000000000000        42.6981223254896        1.46921852337940     
   11.1000000000000        42.6983696427319        1.46922703342748     
   11.2000000000000        42.6986169379209        1.46923554271670     
   11.3000000000000        42.6988642110645        1.46924405124736     
   11.4000000000000        42.6991114621713        1.46925255901975     
   11.5000000000000        42.6993586912493        1.46926106603413     
   11.6000000000000        42.6996058983068        1.46926957229081     
   11.7000000000000        42.6998530833522        1.46927807779006     
   11.8000000000000        42.7001002463936        1.46928658253216     
   11.9000000000000        42.7003473874392        1.46929508651741     
   12.0000000000000        42.7005945064975        1.46930358974607     
   12.1000000000000        42.7008416035765        1.46931209221845     
   12.2000000000000        42.7010886786846        1.46932059393482     
   12.3000000000000        42.7013357318301        1.46932909489547     
   12.4000000000000        42.7015827630211        1.46933759510067     
   12.5000000000000        42.7018297722660        1.46934609455072     
   12.6000000000000        42.7020767595729        1.46935459324590     
   12.7000000000000        42.7023237249502        1.46936309118650     
   12.8000000000000        42.7025706684060        1.46937158837278     
   12.9000000000000        42.7028175899488        1.46938008480506     
   13.0000000000000        42.7030644895867        1.46938858048359     
   13.1000000000000        42.7033113673279        1.46939707540868     
   13.2000000000000        42.7035582231808        1.46940556958060     
   13.3000000000000        42.7038050571535        1.46941406299963     
   13.4000000000000        42.7040518692544        1.46942255566607     
   13.5000000000000        42.7042986594918        1.46943104758020     
   13.6000000000000        42.7045454278738        1.46943953874229     
   13.7000000000000        42.7047921744087        1.46944802915264     
   13.8000000000000        42.7050388991048        1.46945651881153     
   13.9000000000000        42.7052856019704        1.46946500771924     
   14.0000000000000        42.7055322830136        1.46947349587606     
   14.1000000000000        42.7057789422429        1.46948198328227     
   14.2000000000000        42.7060255796663        1.46949046993815     
   14.3000000000000        42.7062721952923        1.46949895584400     
   14.4000000000000        42.7065187891290        1.46950744100009     
   14.5000000000000        42.7067653611847        1.46951592540670     
   14.6000000000000        42.7070119114678        1.46952440906413     
   14.7000000000000        42.7072584399863        1.46953289197266     
   14.8000000000000        42.7075049467487        1.46954137413257     
   14.9000000000000        42.7077514317631        1.46954985554415     
   15.0000000000000        42.7079978950378        1.46955833620767     
   15.1000000000000        42.7082443365812        1.46956681612343     
   15.2000000000000        42.7084907564014        1.46957529529171     
   15.3000000000000        42.7087371545067        1.46958377371279     
   15.4000000000000        42.7089835309055        1.46959225138696     
   15.5000000000000        42.7092298856058        1.46960072831450     
   15.6000000000000        42.7094762186161        1.46960920449570     
   15.7000000000000        42.7097225299446        1.46961767993084     
   15.8000000000000        42.7099688195995        1.46962615462020     
   15.9000000000000        42.7102150875891        1.46963462856408     
   16.0000000000000        42.7104613339217        1.46964310176274     
   16.1000000000000        42.7107075586056        1.46965157421649     
   16.2000000000000        42.7109537616490        1.46966004592560     
   16.3000000000000        42.7111999430602        1.46966851689036     
   16.4000000000000        42.7114461028474        1.46967698711104     
   16.5000000000000        42.7116922410189        1.46968545658795     
   16.6000000000000        42.7119383575830        1.46969392532136     
   16.7000000000000        42.7121844525480        1.46970239331155     
   16.8000000000000        42.7124305259221        1.46971086055881     
   16.9000000000000        42.7126765777136        1.46971932706342     
   17.0000000000000        42.7129226079307        1.46972779282568     
   17.1000000000000        42.7131686165818        1.46973625784586     
   17.2000000000000        42.7134146036751        1.46974472212424     
   17.3000000000000        42.7136605692188        1.46975318566112     
   17.4000000000000        42.7139065132213        1.46976164845678     
   17.5000000000000        42.7141524356908        1.46977011051150     
   17.6000000000000        42.7143983366356        1.46977857182557     
   17.7000000000000        42.7146442160640        1.46978703239926     
   17.8000000000000        42.7148900739841        1.46979549223287     
   17.9000000000000        42.7151359104044        1.46980395132669     
   18.0000000000000        42.7153817253331        1.46981240968099     
   18.1000000000000        42.7156275187783        1.46982086729605     
   18.2000000000000        42.7158732907485        1.46982932417218     
   18.3000000000000        42.7161190412519        1.46983778030964     
   18.4000000000000        42.7163647702968        1.46984623570872     
   18.5000000000000        42.7166104778914        1.46985469036971     
   18.6000000000000        42.7168561640440        1.46986314429290     
   18.7000000000000        42.7171018287629        1.46987159747856     
   18.8000000000000        42.7173474720563        1.46988004992699     
   18.9000000000000        42.7175930939326        1.46988850163847     
   19.0000000000000        42.7178386944000        1.46989695261327     
   19.1000000000000        42.7180842734667        1.46990540285169     
   19.2000000000000        42.7183298311412        1.46991385235402     
   19.3000000000000        42.7185753674315        1.46992230112053     
   19.4000000000000        42.7188208823461        1.46993074915151     
   19.5000000000000        42.7190663758932        1.46993919644725     
   19.6000000000000        42.7193118480810        1.46994764300803     
   19.7000000000000        42.7195572989179        1.46995608883413     
   19.8000000000000        42.7198027284120        1.46996453392584     
   19.9000000000000        42.7200481365718        1.46997297828345     
   20.0000000000000        42.7202935234055        1.46998142190724     
   20.1000000000000        42.7205388889213        1.46998986479749     
   20.2000000000000        42.7207842331276        1.46999830695450     
   20.3000000000000        42.7210295560325        1.47000674837854     
   20.4000000000000        42.7212748576445        1.47001518906989     
   20.5000000000000        42.7215201379717        1.47002362902885     
   20.6000000000000        42.7217653970225        1.47003206825571     
   20.7000000000000        42.7220106348050        1.47004050675073     
   20.8000000000000        42.7222558513277        1.47004894451421     
   20.9000000000000        42.7225010465988        1.47005738154644     
   21.0000000000000        42.7227462206266        1.47006581784770     
   21.1000000000000        42.7229913734193        1.47007425341827     
   21.2000000000000        42.7232365049853        1.47008268825844     
   21.3000000000000        42.7234816153327        1.47009112236849     
   21.4000000000000        42.7237267044700        1.47009955574871     
   21.5000000000000        42.7239717724053        1.47010798839939     
   21.6000000000000        42.7242168191470        1.47011642032080     
   21.7000000000000        42.7244618447033        1.47012485151324     
   21.8000000000000        42.7247068490826        1.47013328197699     
   21.9000000000000        42.7249518322931        1.47014171171233     
   22.0000000000000        42.7251967943430        1.47015014071955     
   22.1000000000000        42.7254417352408        1.47015856899893     
   22.2000000000000        42.7256866549946        1.47016699655076     
   22.3000000000000        42.7259315536127        1.47017542337533     
   22.4000000000000        42.7261764311035        1.47018384947292     
   22.5000000000000        42.7264212874752        1.47019227484380     
   22.6000000000000        42.7266661227361        1.47020069948828     
   22.7000000000000        42.7269109368945        1.47020912340664     
   22.8000000000000        42.7271557299586        1.47021754659915     
   22.9000000000000        42.7274005019368        1.47022596906610     
   23.0000000000000        42.7276452528374        1.47023439080779     
   23.1000000000000        42.7278899826686        1.47024281182449     
   23.2000000000000        42.7281346914387        1.47025123211649     
   23.3000000000000        42.7283793791560        1.47025965168408     
   23.4000000000000        42.7286240458288        1.47026807052753     
   23.5000000000000        42.7288686914654        1.47027648864715     
   23.6000000000000        42.7291133160740        1.47028490604320     
   23.7000000000000        42.7293579196630        1.47029332271598     
   23.8000000000000        42.7296025022407        1.47030173866577     
   23.9000000000000        42.7298470638153        1.47031015389285     
   24.0000000000000        42.7300916043951        1.47031856839752     
   24.1000000000000        42.7303361239884        1.47032698218005     
   24.2000000000000        42.7305806226035        1.47033539524074     
   24.3000000000000        42.7308251002487        1.47034380757986     
   24.4000000000000        42.7310695569324        1.47035221919770     
   24.5000000000000        42.7313139926626        1.47036063009456     
   24.6000000000000        42.7315584074479        1.47036904027070     
   24.7000000000000        42.7318028012964        1.47037744972643     
   24.8000000000000        42.7320471742164        1.47038585846202     
   24.9000000000000        42.7322915262163        1.47039426647775     
   25.0000000000000        42.7325358573043        1.47040267377392     
   25.1000000000000        42.7327801674887        1.47041108035082     
   25.2000000000000        42.7330244567779        1.47041948620871     
   25.3000000000000        42.7332687251800        1.47042789134790     
   25.4000000000000        42.7335129727035        1.47043629576866     
   25.5000000000000        42.7337571993565        1.47044469947128     
   25.6000000000000        42.7340014051475        1.47045310245605     
   25.7000000000000        42.7342455900846        1.47046150472325     
   25.8000000000000        42.7344897541762        1.47046990627317     
   25.9000000000000        42.7347338974305        1.47047830710609     
   26.0000000000000        42.7349780198560        1.47048670722230     
   26.1000000000000        42.7352221214608        1.47049510662208     
   26.2000000000000        42.7354662022532        1.47050350530572     
   26.3000000000000        42.7357102622416        1.47051190327350     
   26.4000000000000        42.7359543014342        1.47052030052572     
   26.5000000000000        42.7361983198394        1.47052869706265     
   26.6000000000000        42.7364423174654        1.47053709288458     
   26.7000000000000        42.7366862943206        1.47054548799179     
   26.8000000000000        42.7369302504132        1.47055388238458     
   26.9000000000000        42.7371741857515        1.47056227606323     
   27.0000000000000        42.7374181003438        1.47057066902802     
   27.1000000000000        42.7376619941985        1.47057906127923     
   27.2000000000000        42.7379058673238        1.47058745281716     
   27.3000000000000        42.7381497197280        1.47059584364209     
   27.4000000000000        42.7383935514194        1.47060423375431     
   27.5000000000000        42.7386373624064        1.47061262315409     
   27.6000000000000        42.7388811526971        1.47062101184173     
   27.7000000000000        42.7391249223000        1.47062939981751     
   27.8000000000000        42.7393686712233        1.47063778708172     
   27.9000000000000        42.7396123994753        1.47064617363464     
   28.0000000000000        42.7398561070643        1.47065455947656     
   28.1000000000000        42.7400997939987        1.47066294460776     
   28.2000000000000        42.7403434602866        1.47067132902854     
   28.3000000000000        42.7405871059365        1.47067971273916     
   28.4000000000000        42.7408307309566        1.47068809573993     
   28.5000000000000        42.7410743353552        1.47069647803113     
   28.6000000000000        42.7413179191406        1.47070485961304     
   28.7000000000000        42.7415614823212        1.47071324048594     
   28.8000000000000        42.7418050249052        1.47072162065013     
   28.9000000000000        42.7420485469009        1.47073000010589     
   29.0000000000000        42.7422920483166        1.47073837885350     
   29.1000000000000        42.7425355291607        1.47074675689325     
   29.2000000000000        42.7427789894414        1.47075513422543     
   29.3000000000000        42.7430224291671        1.47076351085032     
   29.4000000000000        42.7432658483460        1.47077188676821     
   29.5000000000000        42.7435092469864        1.47078026197938     
   29.6000000000000        42.7437526250967        1.47078863648412     
   29.7000000000000        42.7439959826852        1.47079701028272     
   29.8000000000000        42.7442393197601        1.47080538337545     
   29.9000000000000        42.7444826363298        1.47081375576262     
   30.0000000000000        42.7447259324026        1.47082212744449     
   30.1000000000000        42.7449692079867        1.47083049842137     
   30.2000000000000        42.7452124630906        1.47083886869352     
   30.3000000000000        42.7454556977224        1.47084723826125     
   30.4000000000000        42.7456989118905        1.47085560712483     
   30.5000000000000        42.7459421056033        1.47086397528456     
   30.6000000000000        42.7461852788689        1.47087234274071     
   30.7000000000000        42.7464284316958        1.47088070949357     
   30.8000000000000        42.7466715640922        1.47088907554343     
   30.9000000000000        42.7469146760664        1.47089744089058     
   31.0000000000000        42.7471577676268        1.47090580553530     
   31.1000000000000        42.7474008387816        1.47091416947787     
   31.2000000000000        42.7476438895392        1.47092253271859     
   31.3000000000000        42.7478869199079        1.47093089525774     
   31.4000000000000        42.7481299298959        1.47093925709560     
   31.5000000000000        42.7483729195116        1.47094761823245     
   31.6000000000000        42.7486158887634        1.47095597866860     
   31.7000000000000        42.7488588376594        1.47096433840432     
   31.8000000000000        42.7491017662080        1.47097269743989     
   31.9000000000000        42.7493446744176        1.47098105577561     
   32.0000000000000        42.7495875622964        1.47098941341176     
   32.1000000000000        42.7498304298528        1.47099777034863     
   32.2000000000000        42.7500732770951        1.47100612658650     
   32.3000000000000        42.7503161040315        1.47101448212565     
   32.4000000000000        42.7505589106704        1.47102283696638     
   32.5000000000000        42.7508016970201        1.47103119110897     
   32.6000000000000        42.7510444630889        1.47103954455371     
   32.7000000000000        42.7512872088851        1.47104789730087     
   32.8000000000000        42.7515299344171        1.47105624935076     
   32.9000000000000        42.7517726396931        1.47106460070365     
   33.0000000000000        42.7520153247215        1.47107295135983     
   33.1000000000000        42.7522579895105        1.47108130131958     
   33.2000000000000        42.7525006340686        1.47108965058320     
   33.3000000000000        42.7527432584039        1.47109799915097     
   33.4000000000000        42.7529858625249        1.47110634702317     
   33.5000000000000        42.7532284464398        1.47111469420009     
   33.6000000000000        42.7534710101570        1.47112304068202     
   33.7000000000000        42.7537135536847        1.47113138646924     
   33.8000000000000        42.7539560770313        1.47113973156204     
   33.9000000000000        42.7541985802051        1.47114807596070     
   34.0000000000000        42.7544410632144        1.47115641966552     
   34.1000000000000        42.7546835260675        1.47116476267677     
   34.2000000000000        42.7549259687728        1.47117310499475     
   34.3000000000000        42.7551683913386        1.47118144661973     
   34.4000000000000        42.7554107937731        1.47118978755202     
   34.5000000000000        42.7556531760847        1.47119812779188     
   34.6000000000000        42.7558955382817        1.47120646733961     
   34.7000000000000        42.7561378803725        1.47121480619550     
   34.8000000000000        42.7563802023653        1.47122314435983     
   34.9000000000000        42.7566225042685        1.47123148183289     
   35.0000000000000        42.7568647860904        1.47123981861495     
   35.1000000000000        42.7571070478392        1.47124815470632     
   35.2000000000000        42.7573492895235        1.47125649010728     
   35.3000000000000        42.7575915111513        1.47126482481810     
   35.4000000000000        42.7578337127311        1.47127315883909     
   35.5000000000000        42.7580758942712        1.47128149217052     
   35.6000000000000        42.7583180557799        1.47128982481268     
   35.7000000000000        42.7585601972656        1.47129815676585     
   35.8000000000000        42.7588023187364        1.47130648803033     
   35.9000000000000        42.7590444202009        1.47131481860640     
   36.0000000000000        42.7592865016672        1.47132314849435     
   36.1000000000000        42.7595285631437        1.47133147769446     
   36.2000000000000        42.7597706046388        1.47133980620702     
   36.3000000000000        42.7600126261608        1.47134813403231     
   36.4000000000000        42.7602546277179        1.47135646117063     
   36.5000000000000        42.7604966093185        1.47136478762225     
   36.6000000000000        42.7607385709709        1.47137311338747     
   36.7000000000000        42.7609805126835        1.47138143846656     
   36.8000000000000        42.7612224344645        1.47138976285983     
   36.9000000000000        42.7614643363223        1.47139808656755     
   37.0000000000000        42.7617062182653        1.47140640959001     
   37.1000000000000        42.7619480803017        1.47141473192749     
   37.2000000000000        42.7621899224398        1.47142305358029     
   37.3000000000000        42.7624317446881        1.47143137454869     
   37.4000000000000        42.7626735470547        1.47143969483297     
   37.5000000000000        42.7629153295481        1.47144801443342     
   37.6000000000000        42.7631570921766        1.47145633335034     
   37.7000000000000        42.7633988349484        1.47146465158400     
   37.8000000000000        42.7636405578720        1.47147296913469     
   37.9000000000000        42.7638822609556        1.47148128600270     
   38.0000000000000        42.7641239442076        1.47148960218831     
   38.1000000000000        42.7643656076363        1.47149791769181     
   38.2000000000000        42.7646072512500        1.47150623251350     
   38.3000000000000        42.7648488750570        1.47151454665364     
   38.4000000000000        42.7650904790657        1.47152286011254     
   38.5000000000000        42.7653320632844        1.47153117289047     
   38.6000000000000        42.7655736277215        1.47153948498773     
   38.7000000000000        42.7658151723852        1.47154779640460     
   38.8000000000000        42.7660566972840        1.47155610714137     
   38.9000000000000        42.7662982024260        1.47156441719832     
   39.0000000000000        42.7665396878197        1.47157272657574     
   39.1000000000000        42.7667811534733        1.47158103527391     
   39.2000000000000        42.7670225993953        1.47158934329313     
   39.3000000000000        42.7672640255939        1.47159765063368     
   39.4000000000000        42.7675054320774        1.47160595729585     
   39.5000000000000        42.7677468188543        1.47161426327992     
   39.6000000000000        42.7679881859328        1.47162256858618     
   39.7000000000000        42.7682295333212        1.47163087321492     
   39.8000000000000        42.7684708610280        1.47163917716642     
   39.9000000000000        42.7687121690613        1.47164748044097     
   40.0000000000000        42.7689534574296        1.47165578303885     
