 # applied field (T), theta (degree), phi (degree), abs [muB/unitcell], abs [T]
       0.00000000       0.00000000       0.00000000      51.64226233       1.79832631
       0.10000000       0.00000000       0.00000000      51.64229914       1.79832759
       0.20000000       0.00000000       0.00000000      51.64233594       1.79832888
       0.30000000       0.00000000       0.00000000      51.64237276       1.79833016
       0.40000000       0.00000000       0.00000000      51.64240957       1.79833144
       0.50000000       0.00000000       0.00000000      51.64244640       1.79833272
       0.60000000       0.00000000       0.00000000      51.64248322       1.79833400
       0.70000000       0.00000000       0.00000000      51.64252005       1.79833529
       0.80000000       0.00000000       0.00000000      51.64255689       1.79833657
       0.90000000       0.00000000       0.00000000      51.64259373       1.79833785
       1.00000000       0.00000000       0.00000000      51.64263057       1.79833914
       1.10000000       0.00000000       0.00000000      51.64266742       1.79834042
       1.20000000       0.00000000       0.00000000      51.64270428       1.79834170
       1.30000000       0.00000000       0.00000000      51.64274113       1.79834299
       1.40000000       0.00000000       0.00000000      51.64277800       1.79834427
       1.50000000       0.00000000       0.00000000      51.64281486       1.79834555
       1.60000000       0.00000000       0.00000000      51.64285173       1.79834684
       1.70000000       0.00000000       0.00000000      51.64288861       1.79834812
       1.80000000       0.00000000       0.00000000      51.64292549       1.79834941
       1.90000000       0.00000000       0.00000000      51.64296238       1.79835069
       2.00000000       0.00000000       0.00000000      51.64299927       1.79835197
       2.10000000       0.00000000       0.00000000      51.64303616       1.79835326
       2.20000000       0.00000000       0.00000000      51.64307306       1.79835454
       2.30000000       0.00000000       0.00000000      51.64310996       1.79835583
       2.40000000       0.00000000       0.00000000      51.64314687       1.79835711
       2.50000000       0.00000000       0.00000000      51.64318378       1.79835840
       2.60000000       0.00000000       0.00000000      51.64322070       1.79835969
       2.70000000       0.00000000       0.00000000      51.64325762       1.79836097
       2.80000000       0.00000000       0.00000000      51.64329455       1.79836226
       2.90000000       0.00000000       0.00000000      51.64333148       1.79836354
       3.00000000       0.00000000       0.00000000      51.64336841       1.79836483
       3.10000000       0.00000000       0.00000000      51.64340535       1.79836612
       3.20000000       0.00000000       0.00000000      51.64344229       1.79836740
       3.30000000       0.00000000       0.00000000      51.64347924       1.79836869
       3.40000000       0.00000000       0.00000000      51.64351619       1.79836998
       3.50000000       0.00000000       0.00000000      51.64355315       1.79837126
       3.60000000       0.00000000       0.00000000      51.64359011       1.79837255
       3.70000000       0.00000000       0.00000000      51.64362708       1.79837384
       3.80000000       0.00000000       0.00000000      51.64366405       1.79837512
       3.90000000       0.00000000       0.00000000      51.64370103       1.79837641
       4.00000000       0.00000000       0.00000000      51.64373801       1.79837770
       4.10000000       0.00000000       0.00000000      51.64377499       1.79837899
       4.20000000       0.00000000       0.00000000      51.64381198       1.79838028
       4.30000000       0.00000000       0.00000000      51.64384897       1.79838156
       4.40000000       0.00000000       0.00000000      51.64388597       1.79838285
       4.50000000       0.00000000       0.00000000      51.64392297       1.79838414
       4.60000000       0.00000000       0.00000000      51.64395998       1.79838543
       4.70000000       0.00000000       0.00000000      51.64399699       1.79838672
       4.80000000       0.00000000       0.00000000      51.64403401       1.79838801
       4.90000000       0.00000000       0.00000000      51.64407103       1.79838930
       5.00000000       0.00000000       0.00000000      51.64410806       1.79839059
       5.10000000       0.00000000       0.00000000      51.64414509       1.79839187
       5.20000000       0.00000000       0.00000000      51.64418212       1.79839316
       5.30000000       0.00000000       0.00000000      51.64421916       1.79839445
       5.40000000       0.00000000       0.00000000      51.64425620       1.79839574
       5.50000000       0.00000000       0.00000000      51.64429325       1.79839703
       5.60000000       0.00000000       0.00000000      51.64433030       1.79839832
       5.70000000       0.00000000       0.00000000      51.64436736       1.79839962
       5.80000000       0.00000000       0.00000000      51.64440442       1.79840091
       5.90000000       0.00000000       0.00000000      51.64444149       1.79840220
       6.00000000       0.00000000       0.00000000      51.64447856       1.79840349
       6.10000000       0.00000000       0.00000000      51.64451563       1.79840478
       6.20000000       0.00000000       0.00000000      51.64455271       1.79840607
       6.30000000       0.00000000       0.00000000      51.64458980       1.79840736
       6.40000000       0.00000000       0.00000000      51.64462689       1.79840865
       6.50000000       0.00000000       0.00000000      51.64466398       1.79840994
       6.60000000       0.00000000       0.00000000      51.64470108       1.79841124
       6.70000000       0.00000000       0.00000000      51.64473818       1.79841253
       6.80000000       0.00000000       0.00000000      51.64477529       1.79841382
       6.90000000       0.00000000       0.00000000      51.64481240       1.79841511
       7.00000000       0.00000000       0.00000000      51.64484952       1.79841641
       7.10000000       0.00000000       0.00000000      51.64488664       1.79841770
       7.20000000       0.00000000       0.00000000      51.64492376       1.79841899
       7.30000000       0.00000000       0.00000000      51.64496089       1.79842028
       7.40000000       0.00000000       0.00000000      51.64499803       1.79842158
       7.50000000       0.00000000       0.00000000      51.64503517       1.79842287
       7.60000000       0.00000000       0.00000000      51.64507231       1.79842416
       7.70000000       0.00000000       0.00000000      51.64510946       1.79842546
       7.80000000       0.00000000       0.00000000      51.64514661       1.79842675
       7.90000000       0.00000000       0.00000000      51.64518377       1.79842804
       8.00000000       0.00000000       0.00000000      51.64522093       1.79842934
       8.10000000       0.00000000       0.00000000      51.64525810       1.79843063
       8.20000000       0.00000000       0.00000000      51.64529527       1.79843193
       8.30000000       0.00000000       0.00000000      51.64533244       1.79843322
       8.40000000       0.00000000       0.00000000      51.64536962       1.79843452
       8.50000000       0.00000000       0.00000000      51.64540681       1.79843581
       8.60000000       0.00000000       0.00000000      51.64544400       1.79843711
       8.70000000       0.00000000       0.00000000      51.64548119       1.79843840
       8.80000000       0.00000000       0.00000000      51.64551839       1.79843970
       8.90000000       0.00000000       0.00000000      51.64555559       1.79844099
       9.00000000       0.00000000       0.00000000      51.64559280       1.79844229
       9.10000000       0.00000000       0.00000000      51.64563001       1.79844358
       9.20000000       0.00000000       0.00000000      51.64566723       1.79844488
       9.30000000       0.00000000       0.00000000      51.64570445       1.79844618
       9.40000000       0.00000000       0.00000000      51.64574168       1.79844747
       9.50000000       0.00000000       0.00000000      51.64577891       1.79844877
       9.60000000       0.00000000       0.00000000      51.64581614       1.79845007
       9.70000000       0.00000000       0.00000000      51.64585338       1.79845136
       9.80000000       0.00000000       0.00000000      51.64589062       1.79845266
       9.90000000       0.00000000       0.00000000      51.64592787       1.79845396
      10.00000000       0.00000000       0.00000000      51.64596513       1.79845525
      10.10000000       0.00000000       0.00000000      51.64600238       1.79845655
      10.20000000       0.00000000       0.00000000      51.64603965       1.79845785
      10.30000000       0.00000000       0.00000000      51.64607691       1.79845915
      10.40000000       0.00000000       0.00000000      51.64611418       1.79846044
      10.50000000       0.00000000       0.00000000      51.64615146       1.79846174
      10.60000000       0.00000000       0.00000000      51.64618874       1.79846304
      10.70000000       0.00000000       0.00000000      51.64622603       1.79846434
      10.80000000       0.00000000       0.00000000      51.64626332       1.79846564
      10.90000000       0.00000000       0.00000000      51.64630061       1.79846694
      11.00000000       0.00000000       0.00000000      51.64633791       1.79846823
      11.10000000       0.00000000       0.00000000      51.64637521       1.79846953
      11.20000000       0.00000000       0.00000000      51.64641252       1.79847083
      11.30000000       0.00000000       0.00000000      51.64644983       1.79847213
      11.40000000       0.00000000       0.00000000      51.64648715       1.79847343
      11.50000000       0.00000000       0.00000000      51.64652447       1.79847473
      11.60000000       0.00000000       0.00000000      51.64656180       1.79847603
      11.70000000       0.00000000       0.00000000      51.64659913       1.79847733
      11.80000000       0.00000000       0.00000000      51.64663647       1.79847863
      11.90000000       0.00000000       0.00000000      51.64667381       1.79847993
      12.00000000       0.00000000       0.00000000      51.64671115       1.79848123
      12.10000000       0.00000000       0.00000000      51.64674850       1.79848253
      12.20000000       0.00000000       0.00000000      51.64678586       1.79848383
      12.30000000       0.00000000       0.00000000      51.64682321       1.79848513
      12.40000000       0.00000000       0.00000000      51.64686058       1.79848644
      12.50000000       0.00000000       0.00000000      51.64689795       1.79848774
      12.60000000       0.00000000       0.00000000      51.64693532       1.79848904
      12.70000000       0.00000000       0.00000000      51.64697269       1.79849034
      12.80000000       0.00000000       0.00000000      51.64701008       1.79849164
      12.90000000       0.00000000       0.00000000      51.64704746       1.79849294
      13.00000000       0.00000000       0.00000000      51.64708485       1.79849425
      13.10000000       0.00000000       0.00000000      51.64712225       1.79849555
      13.20000000       0.00000000       0.00000000      51.64715965       1.79849685
      13.30000000       0.00000000       0.00000000      51.64719705       1.79849815
      13.40000000       0.00000000       0.00000000      51.64723446       1.79849946
      13.50000000       0.00000000       0.00000000      51.64727188       1.79850076
      13.60000000       0.00000000       0.00000000      51.64730930       1.79850206
      13.70000000       0.00000000       0.00000000      51.64734672       1.79850336
      13.80000000       0.00000000       0.00000000      51.64738415       1.79850467
      13.90000000       0.00000000       0.00000000      51.64742158       1.79850597
      14.00000000       0.00000000       0.00000000      51.64745901       1.79850727
      14.10000000       0.00000000       0.00000000      51.64749646       1.79850858
      14.20000000       0.00000000       0.00000000      51.64753390       1.79850988
      14.30000000       0.00000000       0.00000000      51.64757135       1.79851119
      14.40000000       0.00000000       0.00000000      51.64760881       1.79851249
      14.50000000       0.00000000       0.00000000      51.64764627       1.79851380
      14.60000000       0.00000000       0.00000000      51.64768373       1.79851510
      14.70000000       0.00000000       0.00000000      51.64772120       1.79851641
      14.80000000       0.00000000       0.00000000      51.64775868       1.79851771
      14.90000000       0.00000000       0.00000000      51.64779615       1.79851902
      15.00000000       0.00000000       0.00000000      51.64783364       1.79852032
      15.10000000       0.00000000       0.00000000      51.64787112       1.79852163
      15.20000000       0.00000000       0.00000000      51.64790862       1.79852293
      15.30000000       0.00000000       0.00000000      51.64794611       1.79852424
      15.40000000       0.00000000       0.00000000      51.64798362       1.79852554
      15.50000000       0.00000000       0.00000000      51.64802112       1.79852685
      15.60000000       0.00000000       0.00000000      51.64805863       1.79852816
      15.70000000       0.00000000       0.00000000      51.64809615       1.79852946
      15.80000000       0.00000000       0.00000000      51.64813367       1.79853077
      15.90000000       0.00000000       0.00000000      51.64817119       1.79853207
      16.00000000       0.00000000       0.00000000      51.64820872       1.79853338
      16.10000000       0.00000000       0.00000000      51.64824625       1.79853469
      16.20000000       0.00000000       0.00000000      51.64828379       1.79853600
      16.30000000       0.00000000       0.00000000      51.64832134       1.79853730
      16.40000000       0.00000000       0.00000000      51.64835888       1.79853861
      16.50000000       0.00000000       0.00000000      51.64839644       1.79853992
      16.60000000       0.00000000       0.00000000      51.64843399       1.79854123
      16.70000000       0.00000000       0.00000000      51.64847155       1.79854253
      16.80000000       0.00000000       0.00000000      51.64850912       1.79854384
      16.90000000       0.00000000       0.00000000      51.64854669       1.79854515
      17.00000000       0.00000000       0.00000000      51.64858427       1.79854646
      17.10000000       0.00000000       0.00000000      51.64862185       1.79854777
      17.20000000       0.00000000       0.00000000      51.64865943       1.79854908
      17.30000000       0.00000000       0.00000000      51.64869702       1.79855039
      17.40000000       0.00000000       0.00000000      51.64873462       1.79855169
      17.50000000       0.00000000       0.00000000      51.64877221       1.79855300
      17.60000000       0.00000000       0.00000000      51.64880982       1.79855431
      17.70000000       0.00000000       0.00000000      51.64884742       1.79855562
      17.80000000       0.00000000       0.00000000      51.64888504       1.79855693
      17.90000000       0.00000000       0.00000000      51.64892265       1.79855824
      18.00000000       0.00000000       0.00000000      51.64896028       1.79855955
      18.10000000       0.00000000       0.00000000      51.64899790       1.79856086
      18.20000000       0.00000000       0.00000000      51.64903553       1.79856217
      18.30000000       0.00000000       0.00000000      51.64907317       1.79856348
      18.40000000       0.00000000       0.00000000      51.64911081       1.79856480
      18.50000000       0.00000000       0.00000000      51.64914845       1.79856611
      18.60000000       0.00000000       0.00000000      51.64918610       1.79856742
      18.70000000       0.00000000       0.00000000      51.64922376       1.79856873
      18.80000000       0.00000000       0.00000000      51.64926142       1.79857004
      18.90000000       0.00000000       0.00000000      51.64929908       1.79857135
      19.00000000       0.00000000       0.00000000      51.64933675       1.79857266
      19.10000000       0.00000000       0.00000000      51.64937442       1.79857397
      19.20000000       0.00000000       0.00000000      51.64941210       1.79857529
      19.30000000       0.00000000       0.00000000      51.64944978       1.79857660
      19.40000000       0.00000000       0.00000000      51.64948747       1.79857791
      19.50000000       0.00000000       0.00000000      51.64952516       1.79857922
      19.60000000       0.00000000       0.00000000      51.64956286       1.79858054
      19.70000000       0.00000000       0.00000000      51.64960056       1.79858185
      19.80000000       0.00000000       0.00000000      51.64963826       1.79858316
      19.90000000       0.00000000       0.00000000      51.64967597       1.79858448
      20.00000000       0.00000000       0.00000000      51.64971369       1.79858579
      20.10000000       0.00000000       0.00000000      51.64975141       1.79858710
      20.20000000       0.00000000       0.00000000      51.64978913       1.79858842
      20.30000000       0.00000000       0.00000000      51.64982686       1.79858973
      20.40000000       0.00000000       0.00000000      51.64986459       1.79859104
      20.50000000       0.00000000       0.00000000      51.64990233       1.79859236
      20.60000000       0.00000000       0.00000000      51.64994007       1.79859367
      20.70000000       0.00000000       0.00000000      51.64997782       1.79859499
      20.80000000       0.00000000       0.00000000      51.65001557       1.79859630
      20.90000000       0.00000000       0.00000000      51.65005333       1.79859762
      21.00000000       0.00000000       0.00000000      51.65009109       1.79859893
      21.10000000       0.00000000       0.00000000      51.65012886       1.79860025
      21.20000000       0.00000000       0.00000000      51.65016663       1.79860156
      21.30000000       0.00000000       0.00000000      51.65020440       1.79860288
      21.40000000       0.00000000       0.00000000      51.65024218       1.79860419
      21.50000000       0.00000000       0.00000000      51.65027997       1.79860551
      21.60000000       0.00000000       0.00000000      51.65031776       1.79860682
      21.70000000       0.00000000       0.00000000      51.65035555       1.79860814
      21.80000000       0.00000000       0.00000000      51.65039335       1.79860946
      21.90000000       0.00000000       0.00000000      51.65043115       1.79861077
      22.00000000       0.00000000       0.00000000      51.65046896       1.79861209
      22.10000000       0.00000000       0.00000000      51.65050677       1.79861341
      22.20000000       0.00000000       0.00000000      51.65054459       1.79861472
      22.30000000       0.00000000       0.00000000      51.65058241       1.79861604
      22.40000000       0.00000000       0.00000000      51.65062024       1.79861736
      22.50000000       0.00000000       0.00000000      51.65065807       1.79861867
      22.60000000       0.00000000       0.00000000      51.65069591       1.79861999
      22.70000000       0.00000000       0.00000000      51.65073375       1.79862131
      22.80000000       0.00000000       0.00000000      51.65077159       1.79862263
      22.90000000       0.00000000       0.00000000      51.65080944       1.79862395
      23.00000000       0.00000000       0.00000000      51.65084730       1.79862526
      23.10000000       0.00000000       0.00000000      51.65088516       1.79862658
      23.20000000       0.00000000       0.00000000      51.65092302       1.79862790
      23.30000000       0.00000000       0.00000000      51.65096089       1.79862922
      23.40000000       0.00000000       0.00000000      51.65099876       1.79863054
      23.50000000       0.00000000       0.00000000      51.65103664       1.79863186
      23.60000000       0.00000000       0.00000000      51.65107452       1.79863318
      23.70000000       0.00000000       0.00000000      51.65111241       1.79863450
      23.80000000       0.00000000       0.00000000      51.65115030       1.79863582
      23.90000000       0.00000000       0.00000000      51.65118820       1.79863714
      24.00000000       0.00000000       0.00000000      51.65122610       1.79863846
      24.10000000       0.00000000       0.00000000      51.65126401       1.79863978
      24.20000000       0.00000000       0.00000000      51.65130192       1.79864110
      24.30000000       0.00000000       0.00000000      51.65133983       1.79864242
      24.40000000       0.00000000       0.00000000      51.65137775       1.79864374
      24.50000000       0.00000000       0.00000000      51.65141568       1.79864506
      24.60000000       0.00000000       0.00000000      51.65145361       1.79864638
      24.70000000       0.00000000       0.00000000      51.65149154       1.79864770
      24.80000000       0.00000000       0.00000000      51.65152948       1.79864902
      24.90000000       0.00000000       0.00000000      51.65156743       1.79865034
      25.00000000       0.00000000       0.00000000      51.65160537       1.79865166
      25.10000000       0.00000000       0.00000000      51.65164333       1.79865298
      25.20000000       0.00000000       0.00000000      51.65168128       1.79865431
      25.30000000       0.00000000       0.00000000      51.65171925       1.79865563
      25.40000000       0.00000000       0.00000000      51.65175721       1.79865695
      25.50000000       0.00000000       0.00000000      51.65179519       1.79865827
      25.60000000       0.00000000       0.00000000      51.65183316       1.79865959
      25.70000000       0.00000000       0.00000000      51.65187114       1.79866092
      25.80000000       0.00000000       0.00000000      51.65190913       1.79866224
      25.90000000       0.00000000       0.00000000      51.65194712       1.79866356
      26.00000000       0.00000000       0.00000000      51.65198512       1.79866489
      26.10000000       0.00000000       0.00000000      51.65202312       1.79866621
      26.20000000       0.00000000       0.00000000      51.65206112       1.79866753
      26.30000000       0.00000000       0.00000000      51.65209913       1.79866886
      26.40000000       0.00000000       0.00000000      51.65213714       1.79867018
      26.50000000       0.00000000       0.00000000      51.65217516       1.79867150
      26.60000000       0.00000000       0.00000000      51.65221319       1.79867283
      26.70000000       0.00000000       0.00000000      51.65225122       1.79867415
      26.80000000       0.00000000       0.00000000      51.65228925       1.79867548
      26.90000000       0.00000000       0.00000000      51.65232729       1.79867680
      27.00000000       0.00000000       0.00000000      51.65236533       1.79867813
      27.10000000       0.00000000       0.00000000      51.65240338       1.79867945
      27.20000000       0.00000000       0.00000000      51.65244143       1.79868078
      27.30000000       0.00000000       0.00000000      51.65247948       1.79868210
      27.40000000       0.00000000       0.00000000      51.65251755       1.79868343
      27.50000000       0.00000000       0.00000000      51.65255561       1.79868475
      27.60000000       0.00000000       0.00000000      51.65259368       1.79868608
      27.70000000       0.00000000       0.00000000      51.65263176       1.79868740
      27.80000000       0.00000000       0.00000000      51.65266984       1.79868873
      27.90000000       0.00000000       0.00000000      51.65270792       1.79869006
      28.00000000       0.00000000       0.00000000      51.65274601       1.79869138
      28.10000000       0.00000000       0.00000000      51.65278411       1.79869271
      28.20000000       0.00000000       0.00000000      51.65282221       1.79869404
      28.30000000       0.00000000       0.00000000      51.65286031       1.79869536
      28.40000000       0.00000000       0.00000000      51.65289842       1.79869669
      28.50000000       0.00000000       0.00000000      51.65293653       1.79869802
      28.60000000       0.00000000       0.00000000      51.65297465       1.79869934
      28.70000000       0.00000000       0.00000000      51.65301277       1.79870067
      28.80000000       0.00000000       0.00000000      51.65305090       1.79870200
      28.90000000       0.00000000       0.00000000      51.65308903       1.79870333
      29.00000000       0.00000000       0.00000000      51.65312717       1.79870466
      29.10000000       0.00000000       0.00000000      51.65316531       1.79870598
      29.20000000       0.00000000       0.00000000      51.65320346       1.79870731
      29.30000000       0.00000000       0.00000000      51.65324161       1.79870864
      29.40000000       0.00000000       0.00000000      51.65327976       1.79870997
      29.50000000       0.00000000       0.00000000      51.65331792       1.79871130
      29.60000000       0.00000000       0.00000000      51.65335609       1.79871263
      29.70000000       0.00000000       0.00000000      51.65339426       1.79871396
      29.80000000       0.00000000       0.00000000      51.65343243       1.79871529
      29.90000000       0.00000000       0.00000000      51.65347061       1.79871662
      30.00000000       0.00000000       0.00000000      51.65350880       1.79871795
      30.10000000       0.00000000       0.00000000      51.65354698       1.79871927
      30.20000000       0.00000000       0.00000000      51.65358518       1.79872060
      30.30000000       0.00000000       0.00000000      51.65362338       1.79872194
      30.40000000       0.00000000       0.00000000      51.65366158       1.79872327
      30.50000000       0.00000000       0.00000000      51.65369979       1.79872460
      30.60000000       0.00000000       0.00000000      51.65373800       1.79872593
      30.70000000       0.00000000       0.00000000      51.65377622       1.79872726
      30.80000000       0.00000000       0.00000000      51.65381444       1.79872859
      30.90000000       0.00000000       0.00000000      51.65385267       1.79872992
      31.00000000       0.00000000       0.00000000      51.65389090       1.79873125
      31.10000000       0.00000000       0.00000000      51.65392913       1.79873258
      31.20000000       0.00000000       0.00000000      51.65396737       1.79873391
      31.30000000       0.00000000       0.00000000      51.65400562       1.79873525
      31.40000000       0.00000000       0.00000000      51.65404387       1.79873658
      31.50000000       0.00000000       0.00000000      51.65408213       1.79873791
      31.60000000       0.00000000       0.00000000      51.65412038       1.79873924
      31.70000000       0.00000000       0.00000000      51.65415865       1.79874057
      31.80000000       0.00000000       0.00000000      51.65419692       1.79874191
      31.90000000       0.00000000       0.00000000      51.65423519       1.79874324
      32.00000000       0.00000000       0.00000000      51.65427347       1.79874457
      32.10000000       0.00000000       0.00000000      51.65431176       1.79874591
      32.20000000       0.00000000       0.00000000      51.65435004       1.79874724
      32.30000000       0.00000000       0.00000000      51.65438834       1.79874857
      32.40000000       0.00000000       0.00000000      51.65442664       1.79874991
      32.50000000       0.00000000       0.00000000      51.65446494       1.79875124
      32.60000000       0.00000000       0.00000000      51.65450325       1.79875257
      32.70000000       0.00000000       0.00000000      51.65454156       1.79875391
      32.80000000       0.00000000       0.00000000      51.65457987       1.79875524
      32.90000000       0.00000000       0.00000000      51.65461820       1.79875658
      33.00000000       0.00000000       0.00000000      51.65465652       1.79875791
      33.10000000       0.00000000       0.00000000      51.65469485       1.79875925
      33.20000000       0.00000000       0.00000000      51.65473319       1.79876058
      33.30000000       0.00000000       0.00000000      51.65477153       1.79876192
      33.40000000       0.00000000       0.00000000      51.65480988       1.79876325
      33.50000000       0.00000000       0.00000000      51.65484823       1.79876459
      33.60000000       0.00000000       0.00000000      51.65488658       1.79876592
      33.70000000       0.00000000       0.00000000      51.65492494       1.79876726
      33.80000000       0.00000000       0.00000000      51.65496331       1.79876860
      33.90000000       0.00000000       0.00000000      51.65500168       1.79876993
      34.00000000       0.00000000       0.00000000      51.65504005       1.79877127
      34.10000000       0.00000000       0.00000000      51.65507843       1.79877260
      34.20000000       0.00000000       0.00000000      51.65511681       1.79877394
      34.30000000       0.00000000       0.00000000      51.65515520       1.79877528
      34.40000000       0.00000000       0.00000000      51.65519359       1.79877661
      34.50000000       0.00000000       0.00000000      51.65523199       1.79877795
      34.60000000       0.00000000       0.00000000      51.65527039       1.79877929
      34.70000000       0.00000000       0.00000000      51.65530880       1.79878063
      34.80000000       0.00000000       0.00000000      51.65534721       1.79878196
      34.90000000       0.00000000       0.00000000      51.65538563       1.79878330
      35.00000000       0.00000000       0.00000000      51.65542405       1.79878464
      35.10000000       0.00000000       0.00000000      51.65546248       1.79878598
      35.20000000       0.00000000       0.00000000      51.65550091       1.79878732
      35.30000000       0.00000000       0.00000000      51.65553935       1.79878865
      35.40000000       0.00000000       0.00000000      51.65557779       1.79878999
      35.50000000       0.00000000       0.00000000      51.65561623       1.79879133
      35.60000000       0.00000000       0.00000000      51.65565468       1.79879267
      35.70000000       0.00000000       0.00000000      51.65569314       1.79879401
      35.80000000       0.00000000       0.00000000      51.65573160       1.79879535
      35.90000000       0.00000000       0.00000000      51.65577006       1.79879669
      36.00000000       0.00000000       0.00000000      51.65580853       1.79879803
      36.10000000       0.00000000       0.00000000      51.65584701       1.79879937
      36.20000000       0.00000000       0.00000000      51.65588549       1.79880071
      36.30000000       0.00000000       0.00000000      51.65592397       1.79880205
      36.40000000       0.00000000       0.00000000      51.65596246       1.79880339
      36.50000000       0.00000000       0.00000000      51.65600095       1.79880473
      36.60000000       0.00000000       0.00000000      51.65603945       1.79880607
      36.70000000       0.00000000       0.00000000      51.65607795       1.79880741
      36.80000000       0.00000000       0.00000000      51.65611646       1.79880875
      36.90000000       0.00000000       0.00000000      51.65615497       1.79881009
      37.00000000       0.00000000       0.00000000      51.65619349       1.79881143
      37.10000000       0.00000000       0.00000000      51.65623201       1.79881278
      37.20000000       0.00000000       0.00000000      51.65627054       1.79881412
      37.30000000       0.00000000       0.00000000      51.65630907       1.79881546
      37.40000000       0.00000000       0.00000000      51.65634761       1.79881680
      37.50000000       0.00000000       0.00000000      51.65638615       1.79881814
      37.60000000       0.00000000       0.00000000      51.65642470       1.79881948
      37.70000000       0.00000000       0.00000000      51.65646325       1.79882083
      37.80000000       0.00000000       0.00000000      51.65650180       1.79882217
      37.90000000       0.00000000       0.00000000      51.65654036       1.79882351
      38.00000000       0.00000000       0.00000000      51.65657893       1.79882486
      38.10000000       0.00000000       0.00000000      51.65661750       1.79882620
      38.20000000       0.00000000       0.00000000      51.65665607       1.79882754
      38.30000000       0.00000000       0.00000000      51.65669465       1.79882889
      38.40000000       0.00000000       0.00000000      51.65673324       1.79883023
      38.50000000       0.00000000       0.00000000      51.65677183       1.79883157
      38.60000000       0.00000000       0.00000000      51.65681042       1.79883292
      38.70000000       0.00000000       0.00000000      51.65684902       1.79883426
      38.80000000       0.00000000       0.00000000      51.65688762       1.79883561
      38.90000000       0.00000000       0.00000000      51.65692623       1.79883695
      39.00000000       0.00000000       0.00000000      51.65696485       1.79883829
      39.10000000       0.00000000       0.00000000      51.65700347       1.79883964
      39.20000000       0.00000000       0.00000000      51.65704209       1.79884098
      39.30000000       0.00000000       0.00000000      51.65708072       1.79884233
      39.40000000       0.00000000       0.00000000      51.65711935       1.79884367
      39.50000000       0.00000000       0.00000000      51.65715799       1.79884502
      39.60000000       0.00000000       0.00000000      51.65719663       1.79884637
      39.70000000       0.00000000       0.00000000      51.65723528       1.79884771
      39.80000000       0.00000000       0.00000000      51.65727393       1.79884906
      39.90000000       0.00000000       0.00000000      51.65731258       1.79885040
      40.00000000       0.00000000       0.00000000      51.65735125       1.79885175
