 # applied field (T), magnetization (2 f.u.), magnetization (T)
  0.000000000000000E+000  2.154988095618032E-015  7.204082289641198E-017
  0.100000000000000        36.7079589514052        1.22713975779459     
  0.200000000000000        38.7557710866292        1.29559770967784     
  0.300000000000000        38.7560172371409        1.29560593844043     
  0.400000000000000        38.7562633417538        1.29561416566863     
  0.500000000000000        38.7565094004819        1.29562239136291     
  0.600000000000000        38.7567554133391        1.29563061552374     
  0.700000000000000        38.7570013803393        1.29563883815157     
  0.800000000000000        38.7572473014964        1.29564705924688     
  0.900000000000000        38.7574931768240        1.29565527881012     
   1.00000000000000        38.7577390063357        1.29566349684174     
   1.10000000000000        38.7579847900449        1.29567171334220     
   1.20000000000000        38.7582305279652        1.29567992831194     
   1.30000000000000        38.7584762201096        1.29568814175140     
   1.40000000000000        38.7587218664913        1.29569635366102     
   1.50000000000000        38.7589674671233        1.29570456404124     
   1.60000000000000        38.7592130220185        1.29571277289249     
   1.70000000000000        38.7594585311897        1.29572098021519     
   1.80000000000000        38.7597039946493        1.29572918600976     
   1.90000000000000        38.7599494124098        1.29573739027662     
   2.00000000000000        38.7601947844835        1.29574559301619     
   2.10000000000000        38.7604401108826        1.29575379422885     
   2.20000000000000        38.7606853916190        1.29576199391503     
   2.30000000000000        38.7609306267045        1.29577019207510     
   2.40000000000000        38.7611758161506        1.29577838870946     
   2.50000000000000        38.7614209599690        1.29578658381849     
   2.60000000000000        38.7616660581706        1.29579477740256     
   2.70000000000000        38.7619111107667        1.29580296946205     
   2.80000000000000        38.7621561177681        1.29581115999731     
   2.90000000000000        38.7624010791852        1.29581934900871     
   3.00000000000000        38.7626459950286        1.29582753649658     
   3.10000000000000        38.7628908653084        1.29583572246127     
   3.20000000000000        38.7631356900345        1.29584390690311     
   3.30000000000000        38.7633804692166        1.29585208982242     
   3.40000000000000        38.7636252028641        1.29586027121952     
   3.50000000000000        38.7638698909862        1.29586845109472     
   3.60000000000000        38.7641145335917        1.29587662944830     
   3.70000000000000        38.7643591306893        1.29588480628056     
   3.80000000000000        38.7646036822871        1.29589298159178     
   3.90000000000000        38.7648481883934        1.29590115538222     
   4.00000000000000        38.7650926490157        1.29590932765214     
   4.10000000000000        38.7653370641614        1.29591749840179     
   4.20000000000000        38.7655814338375        1.29592566763140     
   4.30000000000000        38.7658257580509        1.29593383534120     
   4.40000000000000        38.7660700368079        1.29594200153140     
   4.50000000000000        38.7663142701145        1.29595016620221     
   4.60000000000000        38.7665584579764        1.29595832935380     
   4.70000000000000        38.7668026003989        1.29596649098637     
   4.80000000000000        38.7670466973870        1.29597465110007     
   4.90000000000000        38.7672907489453        1.29598280969507     
   5.00000000000000        38.7675347550779        1.29599096677149     
   5.10000000000000        38.7677787157887        1.29599912232947     
   5.20000000000000        38.7680226310812        1.29600727636912     
   5.30000000000000        38.7682665009583        1.29601542889055     
   5.40000000000000        38.7685103254229        1.29602357989385     
   5.50000000000000        38.7687541044770        1.29603172937908     
   5.60000000000000        38.7689978381227        1.29603987734632     
   5.70000000000000        38.7692415263613        1.29604802379561     
   5.80000000000000        38.7694851691940        1.29605616872699     
   5.90000000000000        38.7697287666214        1.29606431214048     
   6.00000000000000        38.7699723186439        1.29607245403609     
   6.10000000000000        38.7702158252611        1.29608059441381     
   6.20000000000000        38.7704592864728        1.29608873327363     
   6.30000000000000        38.7707027022778        1.29609687061552     
   6.40000000000000        38.7709460726749        1.29610500643943     
   6.50000000000000        38.7711893976623        1.29611314074531     
   6.60000000000000        38.7714326772379        1.29612127353307     
   6.70000000000000        38.7716759113991        1.29612940480265     
   6.80000000000000        38.7719191001432        1.29613753455393     
   6.90000000000000        38.7721622434668        1.29614566278682     
   7.00000000000000        38.7724053413666        1.29615378950120     
   7.10000000000000        38.7726483938384        1.29616191469693     
   7.20000000000000        38.7728914008784        1.29617003837389     
   7.30000000000000        38.7731343624820        1.29617816053191     
   7.40000000000000        38.7733772786447        1.29618628117086     
   7.50000000000000        38.7736201493617        1.29619440029056     
   7.60000000000000        38.7738629746283        1.29620251789087     
   7.70000000000000        38.7741057544394        1.29621063397161     
   7.80000000000000        38.7743484887903        1.29621874853262     
   7.90000000000000        38.7745911776761        1.29622686157375     
   8.00000000000000        38.7748338210922        1.29623497309482     
   8.10000000000000        38.7750764190340        1.29624308309571     
   8.20000000000000        38.7753189714976        1.29625119157627     
   8.30000000000000        38.7755614784792        1.29625929853637     
   8.40000000000000        38.7758039399755        1.29626740397591     
   8.50000000000000        38.7760463559840        1.29627550789480     
   8.60000000000000        38.7762887265028        1.29628361029297     
   8.70000000000000        38.7765310515306        1.29629171117040     
   8.80000000000000        38.7767733310673        1.29629981052706     
   8.90000000000000        38.7770155651137        1.29630790836299     
   9.00000000000000        38.7772577536715        1.29631600467825     
   9.10000000000000        38.7774998967439        1.29632409947295     
   9.20000000000000        38.7777419943354        1.29633219274722     
   9.30000000000000        38.7779840464517        1.29634028450126     
   9.40000000000000        38.7782260531002        1.29634837473533     
   9.50000000000000        38.7784680142899        1.29635646344972     
   9.60000000000000        38.7787099300315        1.29636455064479     
   9.70000000000000        38.7789518003376        1.29637263632095     
   9.80000000000000        38.7791936252229        1.29638072047871     
   9.90000000000000        38.7794354047039        1.29638880311861     
   10.0000000000000        38.7796771387999        1.29639688424130     
   10.1000000000000        38.7799188275326        1.29640496384751     
   10.2000000000000        38.7801604709272        1.29641304193807     
   10.3000000000000        38.7804020690124        1.29642111851395     
   10.4000000000000        38.7806436218229        1.29642919357630     
   10.5000000000000        38.7808851294006        1.29643726712653     
   10.6000000000000        38.7811265918001        1.29644533916646     
   10.7000000000000        38.7813680090969        1.29645340969862     
   10.8000000000000        38.7816093814054        1.29646147872682     
   10.9000000000000        38.7818507089166        1.29646954625746     
   11.0000000000000        38.7820919919747        1.29647761230205     
   11.1000000000000        38.7823332312108        1.29648567688167     
   11.2000000000000        38.7825744275726        1.29649374002801     
   11.3000000000000        38.7828155814163        1.29650180175299     
   11.4000000000000        38.7830566906944        1.29650986198814     
   11.5000000000000        38.7832977528306        1.29651792064735     
   11.6000000000000        38.7835387676828        1.29652597772586     
   11.7000000000000        38.7837797361869        1.29653403325497     
   11.8000000000000        38.7840206590623        1.29654208725872     
   11.9000000000000        38.7842615367155        1.29655013975070     
   12.0000000000000        38.7845023693747        1.29655819073853     
   12.1000000000000        38.7847431571796        1.29656624022690     
   12.2000000000000        38.7849839002257        1.29657428821899     
   12.3000000000000        38.7852245985862        1.29658233471725     
   12.4000000000000        38.7854652523216        1.29659037972370     
   12.5000000000000        38.7857058614856        1.29659842324014     
   12.6000000000000        38.7859464261276        1.29660646526821     
   12.7000000000000        38.7861869462941        1.29661450580949     
   12.8000000000000        38.7864274220300        1.29662254486545     
   12.9000000000000        38.7866678533788        1.29663058243756     
   13.0000000000000        38.7869082403827        1.29663861852723     
   13.1000000000000        38.7871485830835        1.29664665313586     
   13.2000000000000        38.7873888815219        1.29665468626480     
   13.3000000000000        38.7876291357380        1.29666271791540     
   13.4000000000000        38.7878693457714        1.29667074808898     
   13.5000000000000        38.7881095116609        1.29667877678684     
   13.6000000000000        38.7883496334448        1.29668680401026     
   13.7000000000000        38.7885897111610        1.29669482976050     
   13.8000000000000        38.7888297448464        1.29670285403881     
   13.9000000000000        38.7890697345377        1.29671087684640     
   14.0000000000000        38.7893096802709        1.29671889818448     
   14.1000000000000        38.7895495820815        1.29672691805423     
   14.2000000000000        38.7897894400043        1.29673493645682     
   14.3000000000000        38.7900292540737        1.29674295339341     
   14.4000000000000        38.7902690243235        1.29675096886511     
   14.5000000000000        38.7905087507870        1.29675898287305     
   14.6000000000000        38.7907484334969        1.29676699541831     
   14.7000000000000        38.7909880725514        1.29677500650418     
   14.8000000000000        38.7912276679653        1.29678301613116     
   14.9000000000000        38.7914672197205        1.29679102429863     
   15.0000000000000        38.7917067278477        1.29679903100763     
   15.1000000000000        38.7919461923773        1.29680703625916     
   15.2000000000000        38.7921856133389        1.29681504005423     
   15.3000000000000        38.7924249907621        1.29682304239382     
   15.4000000000000        38.7926643246758        1.29683104327889     
   15.5000000000000        38.7929036151085        1.29683904271041     
   15.6000000000000        38.7931428620883        1.29684704068930     
   15.7000000000000        38.7933820656431        1.29685503721650     
   15.8000000000000        38.7936212258001        1.29686303229292     
   15.9000000000000        38.7938603425864        1.29687102591947     
   16.0000000000000        38.7940994160286        1.29687901809703     
   16.1000000000000        38.7943384461529        1.29688700882649     
   16.2000000000000        38.7945774329853        1.29689499810871     
   16.3000000000000        38.7948163765516        1.29690298594455     
   16.4000000000000        38.7950552768769        1.29691097233485     
   16.5000000000000        38.7952941339864        1.29691895728045     
   16.6000000000000        38.7955329479048        1.29692694078219     
   16.7000000000000        38.7957717186565        1.29693492284087     
   16.8000000000000        38.7960104462658        1.29694290345731     
   16.9000000000000        38.7962491307567        1.29695088263231     
   17.0000000000000        38.7964877721527        1.29695886036665     
   17.1000000000000        38.7967263704775        1.29696683666114     
   17.2000000000000        38.7969649257543        1.29697481151653     
   17.3000000000000        38.7972034380060        1.29698278493361     
   17.4000000000000        38.7974419072556        1.29699075691314     
   17.5000000000000        38.7976803335257        1.29699872745587     
   17.6000000000000        38.7979187168387        1.29700669656255     
   17.7000000000000        38.7981570572168        1.29701466423393     
   17.8000000000000        38.7983953546821        1.29702263047074     
   17.9000000000000        38.7986336092567        1.29703059527372     
   18.0000000000000        38.7988718209621        1.29703855864360     
   18.1000000000000        38.7991099898201        1.29704652058109     
   18.2000000000000        38.7993481158521        1.29705448108692     
   18.3000000000000        38.7995861990794        1.29706244016180     
   18.4000000000000        38.7998242395231        1.29707039780643     
   18.5000000000000        38.8000622372045        1.29707835402152     
   18.6000000000000        38.8003001921443        1.29708630880778     
   18.7000000000000        38.8005381043636        1.29709426216589     
   18.8000000000000        38.8007759738829        1.29710221409655     
   18.9000000000000        38.8010138007229        1.29711016460045     
   19.0000000000000        38.8012515849041        1.29711811367828     
   19.1000000000000        38.8014893264470        1.29712606133071     
   19.2000000000000        38.8017270253720        1.29713400755844     
   19.3000000000000        38.8019646816993        1.29714195236213     
   19.4000000000000        38.8022022954491        1.29714989574247     
   19.5000000000000        38.8024398666416        1.29715783770013     
   19.6000000000000        38.8026773952969        1.29716577823577     
   19.7000000000000        38.8029148814349        1.29717371735008     
   19.8000000000000        38.8031523250757        1.29718165504370     
   19.9000000000000        38.8033897262392        1.29718959131732     
   20.0000000000000        38.8036270849453        1.29719752617160     
   20.1000000000000        38.8038644012139        1.29720545960720     
   20.2000000000000        38.8041016750647        1.29721339162478     
   20.3000000000000        38.8043389065176        1.29722132222501     
   20.4000000000000        38.8045760955925        1.29722925140855     
   20.5000000000000        38.8048132423090        1.29723717917606     
   20.6000000000000        38.8050503466871        1.29724510552820     
   20.7000000000000        38.8052874087465        1.29725303046564     
   20.8000000000000        38.8055244285069        1.29726095398903     
   20.9000000000000        38.8057614059884        1.29726887609905     
   21.0000000000000        38.8059983412106        1.29727679679634     
   21.1000000000000        38.8062352341936        1.29728471608159     
   21.2000000000000        38.8064720849573        1.29729263395545     
   21.3000000000000        38.8067088935216        1.29730055041860     
   21.4000000000000        38.8069456599067        1.29730846547170     
   21.5000000000000        38.8071823841327        1.29731637911544     
   21.6000000000000        38.8074190662198        1.29732429135048     
   21.7000000000000        38.8076557061885        1.29733220217751     
   21.8000000000000        38.8078923040590        1.29734011159720     
   21.9000000000000        38.8081288598520        1.29734801961026     
   22.0000000000000        38.8083653735881        1.29735592621736     
   22.1000000000000        38.8086018452881        1.29736383141920     
   22.2000000000000        38.8088382749731        1.29737173521648     
   22.3000000000000        38.8090746626641        1.29737963760992     
   22.4000000000000        38.8093110083825        1.29738753860022     
   22.5000000000000        38.8095473121495        1.29739543818810     
   22.6000000000000        38.8097835739870        1.29740333637427     
   22.7000000000000        38.8100197939166        1.29741123315948     
   22.8000000000000        38.8102559719604        1.29741912854445     
   22.9000000000000        38.8104921081403        1.29742702252992     
   23.0000000000000        38.8107282024787        1.29743491511664     
   23.1000000000000        38.8109642549979        1.29744280630535     
   23.2000000000000        38.8112002657204        1.29745069609680     
   23.3000000000000        38.8114362346685        1.29745858449175     
   23.4000000000000        38.8116721618646        1.29746647149093     
   23.5000000000000        38.8119080473311        1.29747435709510     
   23.6000000000000        38.8121438910900        1.29748224130500     
   23.7000000000000        38.8123796931630        1.29749012412134     
   23.8000000000000        38.8126154535716        1.29749800554485     
   23.9000000000000        38.8128511723363        1.29750588557621     
   24.0000000000000        38.8130868494773        1.29751376421611     
   24.1000000000000        38.8133224850136        1.29752164146516     
   24.2000000000000        38.8135580789633        1.29752951732398     
   24.3000000000000        38.8137936313433        1.29753739179314     
   24.4000000000000        38.8140291421690        1.29754526487314     
   24.5000000000000        38.8142646114546        1.29755313656447     
   24.6000000000000        38.8145000392126        1.29756100686754     
   24.7000000000000        38.8147354254539        1.29756887578271     
   24.8000000000000        38.8149707701881        1.29757674331031     
   24.9000000000000        38.8152060734232        1.29758460945060     
   25.0000000000000        38.8154413351659        1.29759247420381     
   25.1000000000000        38.8156765554219        1.29760033757012     
   25.2000000000000        38.8159117341960        1.29760819954971     
   25.3000000000000        38.8161468714928        1.29761606014272     
   25.4000000000000        38.8163819673163        1.29762391934928     
   25.5000000000000        38.8166170216708        1.29763177716954     
   25.6000000000000        38.8168520345610        1.29763963360366     
   25.7000000000000        38.8170870059922        1.29764748865182     
   25.8000000000000        38.8173219359704        1.29765534231420     
   25.9000000000000        38.8175568245025        1.29766319459106     
   26.0000000000000        38.8177916715961        1.29767104548263     
   26.1000000000000        38.8180264772598        1.29767889498921     
   26.2000000000000        38.8182612415032        1.29768674311111     
   26.3000000000000        38.8184959643374        1.29769458984872     
   26.4000000000000        38.8187306457786        1.29770243520256     
   26.5000000000000        38.8189652858583        1.29771027917370     
   26.6000000000000        38.8191998846657        1.29771812176512     
   26.7000000000000        38.8194344425519        1.29772596298854     
   26.8000000000000        38.8196689612187        1.29773380290087     
   26.9000000000000        38.8199034421643        1.29774164155219     
   27.0000000000000        38.8201378777155        1.29774947868598     
   27.1000000000000        38.8203722698947        1.29775731436985     
   27.2000000000000        38.8206066205949        1.29776514866710     
   27.3000000000000        38.8208409301833        1.29777298158997     
   27.4000000000000        38.8210751987366        1.29778081314106     
   27.5000000000000        38.8213094262693        1.29778864332083     
   27.6000000000000        38.8215436127829        1.29779647212935     
   27.7000000000000        38.8217777582792        1.29780429956666     
   27.8000000000000        38.8220118627633        1.29781212563295     
   27.9000000000000        38.8222459262439        1.29781995032849     
   28.0000000000000        38.8224799487327        1.29782777365369     
   28.1000000000000        38.8227139302437        1.29783559560901     
   28.2000000000000        38.8229478707927        1.29784341619497     
   28.3000000000000        38.8231817703964        1.29785123541215     
   28.4000000000000        38.8234156290726        1.29785905326112     
   28.5000000000000        38.8236494468398        1.29786686974252     
   28.6000000000000        38.8238832237168        1.29787468485696     
   28.7000000000000        38.8241169597227        1.29788249860509     
   28.8000000000000        38.8243506548769        1.29789031098756     
   28.9000000000000        38.8245843091992        1.29789812200503     
   29.0000000000000        38.8248179227091        1.29790593165814     
   29.1000000000000        38.8250514954266        1.29791373994757     
   29.2000000000000        38.8252850273714        1.29792154687398     
   29.3000000000000        38.8255185185635        1.29792935243804     
   29.4000000000000        38.8257519690230        1.29793715664041     
   29.5000000000000        38.8259853787698        1.29794495948176     
   29.6000000000000        38.8262187478203        1.29795276096265     
   29.7000000000000        38.8264520761937        1.29796056108371     
   29.8000000000000        38.8266853639146        1.29796835984576     
   29.9000000000000        38.8269186110031        1.29797615724948     
   30.0000000000000        38.8271518174794        1.29798395329554     
   30.1000000000000        38.8273849833636        1.29799174798462     
   30.2000000000000        38.8276181086759        1.29799954131739     
   30.3000000000000        38.8278511934366        1.29800733329452     
   30.4000000000000        38.8280842376659        1.29801512391670     
   30.5000000000000        38.8283172413842        1.29802291318460     
   30.6000000000000        38.8285502046117        1.29803070109891     
   30.7000000000000        38.8287831273688        1.29803848766029     
   30.8000000000000        38.8290160096760        1.29804627286945     
   30.9000000000000        38.8292488515536        1.29805405672705     
   31.0000000000000        38.8294816530223        1.29806183923379     
   31.1000000000000        38.8297144141024        1.29806962039034     
   31.2000000000000        38.8299471348147        1.29807740019741     
   31.3000000000000        38.8301798151798        1.29808517865568     
   31.4000000000000        38.8304124552184        1.29809295576584     
   31.5000000000000        38.8306450549512        1.29810073152859     
   31.6000000000000        38.8308776143991        1.29810850594462     
   31.7000000000000        38.8311101335830        1.29811627901464     
   31.8000000000000        38.8313426125238        1.29812405073933     
   31.9000000000000        38.8315750512425        1.29813182111941     
   32.0000000000000        38.8318074497602        1.29813959015558     
   32.1000000000000        38.8320398080981        1.29814735784854     
   32.2000000000000        38.8322721262774        1.29815512419901     
   32.3000000000000        38.8325044043194        1.29816288920771     
   32.4000000000000        38.8327366422456        1.29817065287533     
   32.5000000000000        38.8329688400773        1.29817841520260     
   32.6000000000000        38.8332009978362        1.29818617619025     
   32.7000000000000        38.8334331155438        1.29819393583899     
   32.8000000000000        38.8336651932219        1.29820169414956     
   32.9000000000000        38.8338972308923        1.29820945112267     
   33.0000000000000        38.8341292285769        1.29821720675907     
   33.1000000000000        38.8343611862978        1.29822496105949     
   33.2000000000000        38.8345931040770        1.29823271402466     
   33.3000000000000        38.8348249819366        1.29824046565533     
   33.4000000000000        38.8350568198991        1.29824821595225     
   33.5000000000000        38.8352886179868        1.29825596491616     
   33.6000000000000        38.8355203762222        1.29826371254782     
   33.7000000000000        38.8357520946280        1.29827145884798     
   33.8000000000000        38.8359837732268        1.29827920381740     
   33.9000000000000        38.8362154120416        1.29828694745685     
   34.0000000000000        38.8364470110952        1.29829468976710     
   34.1000000000000        38.8366785704108        1.29830243074890     
   34.2000000000000        38.8369100900115        1.29831017040305     
   34.3000000000000        38.8371415703563        1.29831790874488     
   34.4000000000000        38.8373730106076        1.29832564574639     
   34.5000000000000        38.8376044112144        1.29833338142260     
   34.6000000000000        38.8378357722005        1.29834111577429     
   34.7000000000000        38.8380670935897        1.29834884880227     
   34.8000000000000        38.8382983754059        1.29835658050733     
   34.9000000000000        38.8385296176735        1.29836431089028     
   35.0000000000000        38.8387608204165        1.29837203995194     
   35.1000000000000        38.8389919836595        1.29837976769312     
   35.2000000000000        38.8392231074270        1.29838749411464     
   35.3000000000000        38.8394541916499        1.29839521921420     
   35.4000000000000        38.8396852343831        1.29840294292676     
   35.5000000000000        38.8399162377147        1.29841066532213     
   35.6000000000000        38.8401472016697        1.29841838640115     
   35.7000000000000        38.8403781262736        1.29842610616467     
   35.8000000000000        38.8406090115520        1.29843382461355     
   35.9000000000000        38.8408398575307        1.29844154174865     
   36.0000000000000        38.8410706642356        1.29844925757083     
   36.1000000000000        38.8413014316929        1.29845697208098     
   36.2000000000000        38.8415321599288        1.29846468527996     
   36.3000000000000        38.8417628489698        1.29847239716866     
   36.4000000000000        38.8419934988426        1.29848010774797     
   36.5000000000000        38.8422241095741        1.29848781701880     
   36.6000000000000        38.8424546811913        1.29849552498205     
   36.7000000000000        38.8426852137215        1.29850323163863     
   36.8000000000000        38.8429157071923        1.29851093698946     
   36.9000000000000        38.8431461616312        1.29851864103546     
   37.0000000000000        38.8433765770663        1.29852634377757     
   37.1000000000000        38.8436069535255        1.29853404521672     
   37.2000000000000        38.8438372910374        1.29854174535388     
   37.3000000000000        38.8440675896303        1.29854944418998     
   37.4000000000000        38.8442978493333        1.29855714172599     
   37.5000000000000        38.8445280701752        1.29856483796289     
   37.6000000000000        38.8447582521853        1.29857253290166     
   37.7000000000000        38.8449883953933        1.29858022654327     
   37.8000000000000        38.8452184998289        1.29858791888873     
   37.9000000000000        38.8454485655220        1.29859560993903     
   38.0000000000000        38.8456785925031        1.29860329969520     
   38.1000000000000        38.8459085808026        1.29861098815826     
   38.2000000000000        38.8461385304513        1.29861867532922     
   38.3000000000000        38.8463684414805        1.29862636120914     
   38.4000000000000        38.8465983139213        1.29863404579906     
   38.5000000000000        38.8468281478055        1.29864172910004     
   38.6000000000000        38.8470579431651        1.29864941111315     
   38.7000000000000        38.8472877000322        1.29865709183946     
   38.8000000000000        38.8475174184393        1.29866477128007     
   38.9000000000000        38.8477470984194        1.29867244943607     
   39.0000000000000        38.8479767400055        1.29868012630856     
   39.1000000000000        38.8482063432311        1.29868780189867     
   39.2000000000000        38.8484359081299        1.29869547620752     
   39.3000000000000        38.8486654347362        1.29870314923626     
   39.4000000000000        38.8488949230841        1.29871082098603     
   39.5000000000000        38.8491243732086        1.29871849145800     
   39.6000000000000        38.8493537851447        1.29872616065334     
   39.7000000000000        38.8495831589278        1.29873382857323     
   39.8000000000000        38.8498124945937        1.29874149521887     
   39.9000000000000        38.8500417921785        1.29874916059147     
   40.0000000000000        38.8502710517188        1.29875682469225     
