           1  -1057.50000000000                0
           1  -1057.50000000000                1
 
           2  -634.500000000000                0
           2  -634.500000000000                1
 
           3  -211.500000000000                0
           3  -211.500000000000                1
 
           4   211.500000000000                0
           4   211.500000000000                1
 
           5   634.500000000000                0
           5   634.500000000000                1
 
           6   1057.50000000000                0
           6   1057.50000000000                1
 
