  0.000000000000000E+000  9.393359809260367E-017  0.000000000000000E+000
  0.100000000000000       2.455623384875035E-002 -9.757983275342949E-004
  0.200000000000000       4.910617505729645E-002 -3.903447211021193E-003
  0.300000000000000       7.364353259795031E-002 -8.783706437877931E-003
  0.400000000000000       9.816201866764264E-002 -1.561783594254906E-002
  0.500000000000000       0.122655350299200      -2.440758626122448E-002
  0.600000000000000       0.147117250971380      -3.515518521154856E-002
  0.700000000000000       0.171541452217260      -4.786332084027935E-002
  0.800000000000000       0.197443858189117      -6.253538152184289E-002
  0.900000000000000       0.221770550414348      -7.917647432870539E-002
   1.00000000000000       0.246040412985235      -9.778924449594785E-002
   1.10000000000000       0.271757917387608      -0.118378930764946     
   1.20000000000000       0.295890945221002      -0.140952314159712     
   1.30000000000000       0.321449066608636      -0.165514295525152     
   1.40000000000000       0.346914197194734      -0.192071595363320     
   1.50000000000000       0.370789834428147      -0.220632260458490     
   1.60000000000000       0.397536048143782      -0.251204512231017     
   1.70000000000000       0.422678124300281      -0.283797049992703     
   1.80000000000000       0.447697925478708      -0.318418606495453     
   1.90000000000000       0.474048161047095      -0.355079118191543     
   2.00000000000000       0.498793470723343      -0.393790212136127     
   2.10000000000000       0.524836958957806      -0.434563726921860     
   2.20000000000000       0.552142476408221      -0.477411796444473     
   2.30000000000000       0.577826975723224      -0.522348765034853     
   2.40000000000000       0.604734918463517      -0.569387700260334     
   2.50000000000000       0.631424336963509      -0.618545009213757     
   2.60000000000000       0.657885586857176      -0.669837111999342     
   2.70000000000000       0.685482526129727      -0.723281428610807     
   2.80000000000000       0.712805003330135      -0.778897226334037     
   2.90000000000000       0.739842078743058      -0.836704336771625     
   3.00000000000000       0.767912000799917      -0.896725108782417     
   3.10000000000000       0.796954799228340      -0.958982168084324     
   3.20000000000000       0.825611495731880       -1.02350073799375     
   3.30000000000000       0.853868206956433       -1.09030800089022     
   3.40000000000000       0.882966787522896       -1.15943178665077     
   3.50000000000000       0.912831812000784       -1.23090383193473     
   3.60000000000000       0.943381311665260       -1.30475718745337     
   3.70000000000000       0.973340630508120       -1.38102788277415     
   3.80000000000000        1.00501219943340       -1.45975576951066     
   3.90000000000000        1.03708189582206       -1.54098238917202     
   4.00000000000000        1.06943866690437       -1.62475481995941     
   4.10000000000000        1.10196351906032       -1.71112397295700     
   4.20000000000000        1.13556181886693       -1.80014483908458     
   4.30000000000000        1.16998396282480       -1.89187915571829     
   4.40000000000000        1.20590387901170       -1.98639493893544     
   4.50000000000000        1.24197572714555       -2.08376869246080     
   4.60000000000000        1.27955361704471       -2.18408534160121     
   4.70000000000000        1.31870105155155       -2.28744172717904     
   4.80000000000000        1.35839051536228       -2.39394879323696     
   4.90000000000000        1.40059269481230       -2.50373459537172     
   5.00000000000000        1.44511941789271       -2.61694944946139     
   5.10000000000000        1.49148675671174       -2.73377305248680     
   5.20000000000000        1.53405207375717       -2.85438423849335     
   5.30000000000000        1.53405207375717       -2.97646022374276     
   5.40000000000000        1.53405207375717       -3.09853620899218     
   5.50000000000000        1.53405207375717       -3.22061219424159     
   5.60000000000000        1.53405207375717       -3.34268817949100     
   5.70000000000000        1.53405207375717       -3.46476416474042     
   5.80000000000000        1.53405207375717       -3.58684014998983     
   5.90000000000000        1.53405207375717       -3.70891613523924     
   6.00000000000000        1.53405207375717       -3.83099212048866     
   6.10000000000000        1.53405207375717       -3.95306810573807     
   6.20000000000000        1.53405207375717       -4.07514409098748     
   6.30000000000000        1.53405207375717       -4.19722007623689     
   6.40000000000000        1.53405207375717       -4.31929606148631     
   6.50000000000000        1.53405207375717       -4.44137204673572     
   6.60000000000000        1.53405207375717       -4.56344803198513     
   6.70000000000000        1.53405207375717       -4.68552401723455     
   6.80000000000000        1.53405207375717       -4.80760000248396     
   6.90000000000000        1.53405207375717       -4.92967598773337     
   7.00000000000000        1.53405207375717       -5.05175197298278     
   7.10000000000000        1.53405207375717       -5.17382795823220     
   7.20000000000000        1.53405207375717       -5.29590394348161     
   7.30000000000000        1.53405207375717       -5.41797992873102     
   7.40000000000000        1.53405207375717       -5.54005591398044     
   7.50000000000000        1.53405207375717       -5.66213189922985     
   7.60000000000000        1.53405207375717       -5.78420788447926     
   7.70000000000000        1.53405207375717       -5.90628386972868     
   7.80000000000000        1.53405207375717       -6.02835985497809     
   7.90000000000000        1.53405207375717       -6.15043584022750     
   8.00000000000000        1.53405207375717       -6.27251182547691     
   8.10000000000000        1.53405207375717       -6.39458781072633     
   8.20000000000000        1.53405207375717       -6.51666379597574     
   8.30000000000000        1.53405207375717       -6.63873978122515     
   8.40000000000000        1.53405207375717       -6.76081576647457     
   8.50000000000000        1.53405207375717       -6.88289175172398     
   8.60000000000000        1.53405207375717       -7.00496773697339     
   8.70000000000000        1.53405207375717       -7.12704372222280     
   8.80000000000000        1.53405207375717       -7.24911970747222     
   8.90000000000000        1.53405207375717       -7.37119569272163     
   9.00000000000000        1.53405207375717       -7.49327167797104     
   9.10000000000000        1.53405207375717       -7.61534766322046     
   9.20000000000000        1.53405207375717       -7.73742364846987     
   9.30000000000000        1.53405207375717       -7.85949963371928     
   9.40000000000000        1.53405207375717       -7.98157561896870     
   9.50000000000000        1.53405207375717       -8.10365160421811     
   9.60000000000000        1.53405207375717       -8.22572758946752     
   9.70000000000000        1.53405207375717       -8.34780357471693     
   9.80000000000000        1.53405207375717       -8.46987955996635     
   9.90000000000000        1.53405207375717       -8.59195554521576     
   10.0000000000000        1.53405207375717       -8.71403153046517     
   10.1000000000000        1.53405207375717       -8.83610751571458     
   10.2000000000000        1.53405207375717       -8.95818350096400     
   10.3000000000000        1.53405207375717       -9.08025948621341     
   10.4000000000000        1.53405207375717       -9.20233547146282     
   10.5000000000000        1.53405207375717       -9.32441145671224     
   10.6000000000000        1.53405207375717       -9.44648744196165     
   10.7000000000000        1.53405207375717       -9.56856342721106     
   10.8000000000000        1.53405207375717       -9.69063941246048     
   10.9000000000000        1.53405207375717       -9.81271539770989     
   11.0000000000000        1.53405207375717       -9.93479138295930     
   11.1000000000000        1.53405207375717       -10.0568673682087     
   11.2000000000000        1.53405207375717       -10.1789433534581     
   11.3000000000000        1.53405207375717       -10.3010193387075     
   11.4000000000000        1.53405207375717       -10.4230953239570     
   11.5000000000000        1.53405207375717       -10.5451713092064     
   11.6000000000000        1.53405207375717       -10.6672472944558     
   11.7000000000000        1.53405207375717       -10.7893232797052     
   11.8000000000000        1.53405207375717       -10.9113992649546     
   11.9000000000000        1.53405207375717       -11.0334752502040     
   12.0000000000000        1.53405207375717       -11.1555512354534     
   12.1000000000000        1.53405207375717       -11.2776272207028     
   12.2000000000000        1.53405207375717       -11.3997032059523     
   12.3000000000000        1.53405207375717       -11.5217791912017     
   12.4000000000000        1.53405207375717       -11.6438551764511     
   12.5000000000000        1.53405207375717       -11.7659311617005     
   12.6000000000000        1.53405207375717       -11.8880071469499     
   12.7000000000000        1.53405207375717       -12.0100831321993     
   12.8000000000000        1.53405207375717       -12.1321591174487     
   12.9000000000000        1.53405207375717       -12.2542351026981     
   13.0000000000000        1.53405207375717       -12.3763110879476     
   13.1000000000000        1.53405207375717       -12.4983870731970     
   13.2000000000000        1.53405207375717       -12.6204630584464     
   13.3000000000000        1.53405207375717       -12.7425390436958     
   13.4000000000000        1.53405207375717       -12.8646150289452     
   13.5000000000000        1.53405207375717       -12.9866910141946     
   13.6000000000000        1.53405207375717       -13.1087669994440     
   13.7000000000000        1.53405207375717       -13.2308429846935     
   13.8000000000000        1.53405207375717       -13.3529189699429     
   13.9000000000000        1.53405207375717       -13.4749949551923     
   14.0000000000000        1.53405207375717       -13.5970709404417     
   14.1000000000000        1.53405207375717       -13.7191469256911     
   14.2000000000000        1.53405207375717       -13.8412229109405     
   14.3000000000000        1.53405207375717       -13.9632988961899     
   14.4000000000000        1.53405207375717       -14.0853748814393     
   14.5000000000000        1.53405207375717       -14.2074508666888     
   14.6000000000000        1.53405207375717       -14.3295268519382     
   14.7000000000000        1.53405207375717       -14.4516028371876     
   14.8000000000000        1.53405207375717       -14.5736788224370     
   14.9000000000000        1.53405207375717       -14.6957548076864     
   15.0000000000000        1.53405207375717       -14.8178307929358     
   15.1000000000000        1.53405207375717       -14.9399067781852     
   15.2000000000000        1.53405207375717       -15.0619827634346     
   15.3000000000000        1.53405207375717       -15.1840587486841     
   15.4000000000000        1.53405207375717       -15.3061347339335     
   15.5000000000000        1.53405207375717       -15.4282107191829     
   15.6000000000000        1.53405207375717       -15.5502867044323     
   15.7000000000000        1.53405207375717       -15.6723626896817     
   15.8000000000000        1.53405207375717       -15.7944386749311     
   15.9000000000000        1.53405207375717       -15.9165146601805     
   16.0000000000000        1.53405207375717       -16.0385906454299     
   16.1000000000000        1.53405207375717       -16.1606666306794     
   16.2000000000000        1.53405207375717       -16.2827426159288     
   16.3000000000000        1.53405207375717       -16.4048186011782     
   16.4000000000000        1.53405207375717       -16.5268945864276     
   16.5000000000000        1.53405207375717       -16.6489705716770     
   16.6000000000000        1.53405207375717       -16.7710465569264     
   16.7000000000000        1.53405207375717       -16.8931225421758     
   16.8000000000000        1.53405207375717       -17.0151985274253     
   16.9000000000000        1.53405207375717       -17.1372745126747     
   17.0000000000000        1.53405207375717       -17.2593504979241     
   17.1000000000000        1.53405207375717       -17.3814264831735     
   17.2000000000000        1.53405207375717       -17.5035024684229     
   17.3000000000000        1.53405207375717       -17.6255784536723     
   17.4000000000000        1.53405207375717       -17.7476544389217     
   17.5000000000000        1.53405207375717       -17.8697304241711     
   17.6000000000000        1.53405207375717       -17.9918064094206     
   17.7000000000000        1.53405207375717       -18.1138823946700     
   17.8000000000000        1.53405207375717       -18.2359583799194     
   17.9000000000000        1.53405207375717       -18.3580343651688     
   18.0000000000000        1.53405207375717       -18.4801103504182     
   18.1000000000000        1.53405207375717       -18.6021863356676     
   18.2000000000000        1.53405207375717       -18.7242623209170     
   18.3000000000000        1.53405207375717       -18.8463383061664     
   18.4000000000000        1.53405207375717       -18.9684142914159     
   18.5000000000000        1.53405207375717       -19.0904902766653     
   18.6000000000000        1.53405207375717       -19.2125662619147     
   18.7000000000000        1.53405207375717       -19.3346422471641     
   18.8000000000000        1.53405207375717       -19.4567182324135     
   18.9000000000000        1.53405207375717       -19.5787942176629     
   19.0000000000000        1.53405207375717       -19.7008702029123     
   19.1000000000000        1.53405207375717       -19.8229461881617     
   19.2000000000000        1.53405207375717       -19.9450221734112     
   19.3000000000000        1.53405207375717       -20.0670981586606     
   19.4000000000000        1.53405207375717       -20.1891741439100     
   19.5000000000000        1.53405207375717       -20.3112501291594     
   19.6000000000000        1.53405207375717       -20.4333261144088     
   19.7000000000000        1.53405207375717       -20.5554020996582     
   19.8000000000000        1.53405207375717       -20.6774780849076     
   19.9000000000000        1.53405207375717       -20.7995540701571     
   20.0000000000000        1.53405207375717       -20.9216300554065     
   20.1000000000000        1.53405207375717       -21.0437060406559     
   20.2000000000000        1.53405207375717       -21.1657820259053     
   20.3000000000000        1.53405207375717       -21.2878580111547     
   20.4000000000000        1.53405207375717       -21.4099339964041     
   20.5000000000000        1.53405207375717       -21.5320099816535     
   20.6000000000000        1.53405207375717       -21.6540859669029     
   20.7000000000000        1.53405207375717       -21.7761619521524     
   20.8000000000000        1.53405207375717       -21.8982379374018     
   20.9000000000000        1.53405207375717       -22.0203139226512     
   21.0000000000000        1.53405207375717       -22.1423899079006     
   21.1000000000000        1.53405207375717       -22.2644658931500     
   21.2000000000000        1.53405207375717       -22.3865418783994     
   21.3000000000000        1.53405207375717       -22.5086178636488     
   21.4000000000000        1.53405207375717       -22.6306938488982     
   21.5000000000000        1.53405207375717       -22.7527698341477     
   21.6000000000000        1.53405207375717       -22.8748458193971     
   21.7000000000000        1.53405207375717       -22.9969218046465     
   21.8000000000000        1.53405207375717       -23.1189977898959     
   21.9000000000000        1.53405207375717       -23.2410737751453     
   22.0000000000000        1.53405207375717       -23.3631497603947     
   22.1000000000000        1.53405207375717       -23.4852257456441     
   22.2000000000000        1.53405207375717       -23.6073017308935     
   22.3000000000000        1.53405207375717       -23.7293777161430     
   22.4000000000000        1.53405207375717       -23.8514537013924     
   22.5000000000000        1.53405207375717       -23.9735296866418     
   22.6000000000000        1.53405207375717       -24.0956056718912     
   22.7000000000000        1.53405207375717       -24.2176816571406     
   22.8000000000000        1.53405207375717       -24.3397576423900     
   22.9000000000000        1.53405207375717       -24.4618336276394     
   23.0000000000000        1.53405207375717       -24.5839096128889     
   23.1000000000000        1.53405207375717       -24.7059855981383     
   23.2000000000000        1.53405207375717       -24.8280615833877     
   23.3000000000000        1.53405207375717       -24.9501375686371     
   23.4000000000000        1.53405207375717       -25.0722135538865     
   23.5000000000000        1.53405207375717       -25.1942895391359     
   23.6000000000000        1.53405207375717       -25.3163655243853     
   23.7000000000000        1.53405207375717       -25.4384415096347     
   23.8000000000000        1.53405207375717       -25.5605174948842     
   23.9000000000000        1.53405207375717       -25.6825934801336     
   24.0000000000000        1.53405207375717       -25.8046694653830     
   24.1000000000000        1.53405207375717       -25.9267454506324     
   24.2000000000000        1.53405207375717       -26.0488214358818     
   24.3000000000000        1.53405207375717       -26.1708974211312     
   24.4000000000000        1.53405207375717       -26.2929734063806     
   24.5000000000000        1.53405207375717       -26.4150493916301     
   24.6000000000000        1.53405207375717       -26.5371253768795     
   24.7000000000000        1.53405207375717       -26.6592013621289     
   24.8000000000000        1.53405207375717       -26.7812773473783     
   24.9000000000000        1.53405207375717       -26.9033533326277     
   25.0000000000000        1.53405207375717       -27.0254293178771     
   25.1000000000000        1.53405207375717       -27.1475053031265     
   25.2000000000000        1.53405207375717       -27.2695812883759     
   25.3000000000000        1.53405207375717       -27.3916572736254     
   25.4000000000000        1.53405207375717       -27.5137332588748     
   25.5000000000000        1.53405207375717       -27.6358092441242     
   25.6000000000000        1.53405207375717       -27.7578852293736     
   25.7000000000000        1.53405207375717       -27.8799612146230     
   25.8000000000000        1.53405207375717       -28.0020371998724     
   25.9000000000000        1.53405207375717       -28.1241131851218     
   26.0000000000000        1.53405207375717       -28.2461891703712     
   26.1000000000000        1.53405207375717       -28.3682651556207     
   26.2000000000000        1.53405207375717       -28.4903411408701     
   26.3000000000000        1.53405207375717       -28.6124171261195     
   26.4000000000000        1.53405207375717       -28.7344931113689     
   26.5000000000000        1.53405207375717       -28.8565690966183     
   26.6000000000000        1.53405207375717       -28.9786450818677     
   26.7000000000000        1.53405207375717       -29.1007210671171     
   26.8000000000000        1.53405207375717       -29.2227970523665     
   26.9000000000000        1.53405207375717       -29.3448730376160     
   27.0000000000000        1.53405207375717       -29.4669490228654     
   27.1000000000000        1.53405207375717       -29.5890250081148     
   27.2000000000000        1.53405207375717       -29.7111009933642     
   27.3000000000000        1.53405207375717       -29.8331769786136     
   27.4000000000000        1.53405207375717       -29.9552529638630     
   27.5000000000000        1.53405207375717       -30.0773289491124     
   27.6000000000000        1.53405207375717       -30.1994049343619     
   27.7000000000000        1.53405207375717       -30.3214809196113     
   27.8000000000000        1.53405207375717       -30.4435569048607     
   27.9000000000000        1.53405207375717       -30.5656328901101     
   28.0000000000000        1.53405207375717       -30.6877088753595     
   28.1000000000000        1.53405207375717       -30.8097848606089     
   28.2000000000000        1.53405207375717       -30.9318608458583     
   28.3000000000000        1.53405207375717       -31.0539368311077     
   28.4000000000000        1.53405207375717       -31.1760128163572     
   28.5000000000000        1.53405207375717       -31.2980888016066     
   28.6000000000000        1.53405207375717       -31.4201647868560     
   28.7000000000000        1.53405207375717       -31.5422407721054     
   28.8000000000000        1.53405207375717       -31.6643167573548     
   28.9000000000000        1.53405207375717       -31.7863927426042     
   29.0000000000000        1.53405207375717       -31.9084687278536     
   29.1000000000000        1.53405207375717       -32.0305447131030     
   29.2000000000000        1.53405207375717       -32.1526206983525     
   29.3000000000000        1.53405207375717       -32.2746966836019     
   29.4000000000000        1.53405207375717       -32.3967726688513     
   29.5000000000000        1.53405207375717       -32.5188486541007     
   29.6000000000000        1.53405207375717       -32.6409246393501     
   29.7000000000000        1.53405207375717       -32.7630006245995     
   29.8000000000000        1.53405207375717       -32.8850766098489     
   29.9000000000000        1.53405207375717       -33.0071525950984     
   30.0000000000000        1.53405207375717       -33.1292285803478     
   30.1000000000000        1.53405207375717       -33.2513045655972     
   30.2000000000000        1.53405207375717       -33.3733805508466     
   30.3000000000000        1.53405207375717       -33.4954565360960     
   30.4000000000000        1.53405207375717       -33.6175325213454     
   30.5000000000000        1.53405207375717       -33.7396085065948     
   30.6000000000000        1.53405207375717       -33.8616844918442     
   30.7000000000000        1.53405207375717       -33.9837604770937     
   30.8000000000000        1.53405207375717       -34.1058364623431     
   30.9000000000000        1.53405207375717       -34.2279124475925     
   31.0000000000000        1.53405207375717       -34.3499884328419     
   31.1000000000000        1.53405207375717       -34.4720644180913     
   31.2000000000000        1.53405207375717       -34.5941404033407     
   31.3000000000000        1.53405207375717       -34.7162163885901     
   31.4000000000000        1.53405207375717       -34.8382923738395     
   31.5000000000000        1.53405207375717       -34.9603683590890     
   31.6000000000000        1.53405207375717       -35.0824443443384     
   31.7000000000000        1.53405207375717       -35.2045203295878     
   31.8000000000000        1.53405207375717       -35.3265963148372     
   31.9000000000000        1.53405207375717       -35.4486723000866     
   32.0000000000000        1.53405207375717       -35.5707482853360     
   32.1000000000000        1.53405207375717       -35.6928242705854     
   32.2000000000000        1.53405207375717       -35.8149002558348     
   32.3000000000000        1.53405207375717       -35.9369762410843     
   32.4000000000000        1.53405207375717       -36.0590522263337     
   32.5000000000000        1.53405207375717       -36.1811282115831     
   32.6000000000000        1.53405207375717       -36.3032041968325     
   32.7000000000000        1.53405207375717       -36.4252801820819     
   32.8000000000000        1.53405207375717       -36.5473561673313     
   32.9000000000000        1.53405207375717       -36.6694321525807     
   33.0000000000000        1.53405207375717       -36.7915081378301     
   33.1000000000000        1.53405207375717       -36.9135841230796     
   33.2000000000000        1.53405207375717       -37.0356601083290     
   33.3000000000000        1.53405207375717       -37.1577360935784     
   33.4000000000000        1.53405207375717       -37.2798120788278     
   33.5000000000000        1.53405207375717       -37.4018880640772     
   33.6000000000000        1.53405207375717       -37.5239640493266     
   33.7000000000000        1.53405207375717       -37.6460400345760     
   33.8000000000000        1.53405207375717       -37.7681160198255     
   33.9000000000000        1.53405207375717       -37.8901920050749     
   34.0000000000000        1.53405207375717       -38.0122679903243     
   34.1000000000000        1.53405207375717       -38.1343439755737     
   34.2000000000000        1.53405207375717       -38.2564199608231     
   34.3000000000000        1.53405207375717       -38.3784959460725     
   34.4000000000000        1.53405207375717       -38.5005719313219     
   34.5000000000000        1.53405207375717       -38.6226479165713     
   34.6000000000000        1.53405207375717       -38.7447239018208     
   34.7000000000000        1.53405207375717       -38.8667998870702     
   34.8000000000000        1.53405207375717       -38.9888758723196     
   34.9000000000000        1.53405207375717       -39.1109518575690     
   35.0000000000000        1.53405207375717       -39.2330278428184     
   35.1000000000000        1.53405207375717       -39.3551038280678     
   35.2000000000000        1.53405207375717       -39.4771798133172     
   35.3000000000000        1.53405207375717       -39.5992557985666     
   35.4000000000000        1.53405207375717       -39.7213317838161     
   35.5000000000000        1.53405207375717       -39.8434077690655     
   35.6000000000000        1.53405207375717       -39.9654837543149     
   35.7000000000000        1.53405207375717       -40.0875597395643     
   35.8000000000000        1.53405207375717       -40.2096357248137     
   35.9000000000000        1.53405207375717       -40.3317117100631     
   36.0000000000000        1.53405207375717       -40.4537876953125     
   36.1000000000000        1.53405207375717       -40.5758636805620     
   36.2000000000000        1.53405207375717       -40.6979396658114     
   36.3000000000000        1.53405207375717       -40.8200156510608     
   36.4000000000000        1.53405207375717       -40.9420916363102     
   36.5000000000000        1.53405207375717       -41.0641676215596     
   36.6000000000000        1.53405207375717       -41.1862436068090     
   36.7000000000000        1.53405207375717       -41.3083195920584     
   36.8000000000000        1.53405207375717       -41.4303955773078     
   36.9000000000000        1.53405207375717       -41.5524715625573     
   37.0000000000000        1.53405207375717       -41.6745475478067     
   37.1000000000000        1.53405207375717       -41.7966235330561     
   37.2000000000000        1.53405207375717       -41.9186995183055     
   37.3000000000000        1.53405207375717       -42.0407755035549     
   37.4000000000000        1.53405207375717       -42.1628514888043     
   37.5000000000000        1.53405207375717       -42.2849274740537     
   37.6000000000000        1.53405207375717       -42.4070034593031     
   37.7000000000000        1.53405207375717       -42.5290794445526     
   37.8000000000000        1.53405207375717       -42.6511554298020     
   37.9000000000000        1.53405207375717       -42.7732314150514     
   38.0000000000000        1.53405207375717       -42.8953074003008     
   38.1000000000000        1.53405207375717       -43.0173833855502     
   38.2000000000000        1.53405207375717       -43.1394593707996     
   38.3000000000000        1.53405207375717       -43.2615353560490     
   38.4000000000000        1.53405207375717       -43.3836113412985     
   38.5000000000000        1.53405207375717       -43.5056873265479     
   38.6000000000000        1.53405207375717       -43.6277633117973     
   38.7000000000000        1.53405207375717       -43.7498392970467     
   38.8000000000000        1.53405207375717       -43.8719152822961     
   38.9000000000000        1.53405207375717       -43.9939912675455     
   39.0000000000000        1.53405207375717       -44.1160672527949     
   39.1000000000000        1.53405207375717       -44.2381432380443     
   39.2000000000000        1.53405207375717       -44.3602192232938     
   39.3000000000000        1.53405207375717       -44.4822952085432     
   39.4000000000000        1.53405207375717       -44.6043711937926     
   39.5000000000000        1.53405207375717       -44.7264471790420     
   39.6000000000000        1.53405207375717       -44.8485231642914     
   39.7000000000000        1.53405207375717       -44.9705991495408     
   39.8000000000000        1.53405207375717       -45.0926751347902     
   39.9000000000000        1.53405207375717       -45.2147511200396     
   40.0000000000000        1.53405207375717       -45.3368271052891     
