  0.000000000000000E+000  0.956624263062241       -15.1831406836527     
  0.100000000000000        1.36310504652558       -15.2799447004157     
  0.200000000000000        1.36310504652558       -15.3887796943340     
  0.300000000000000        1.36310504652558       -15.4976146882524     
  0.400000000000000        1.36310504652558       -15.6064496821707     
  0.500000000000000        1.36310504652558       -15.7152846760890     
  0.600000000000000        1.36310504652558       -15.8241196700074     
  0.700000000000000        1.36310504652558       -15.9329546639257     
  0.800000000000000        1.36310504652558       -16.0417896578441     
  0.900000000000000        1.36310504652558       -16.1506246517624     
   1.00000000000000        1.36310504652558       -16.2594596456807     
   1.10000000000000        1.36310504652558       -16.3682946395991     
   1.20000000000000        1.36310504652558       -16.4771296335174     
   1.30000000000000        1.36310504652558       -16.5859646274357     
   1.40000000000000        1.36310504652558       -16.6947996213541     
   1.50000000000000        1.36310504652558       -16.8036346152724     
   1.60000000000000        1.36310504652558       -16.9124696091908     
   1.70000000000000        1.36310504652558       -17.0213046031091     
   1.80000000000000        1.36310504652558       -17.1301395970274     
   1.90000000000000        1.36310504652558       -17.2389745909458     
   2.00000000000000        1.36310504652558       -17.3478095848641     
   2.10000000000000        1.36310504652558       -17.4566445787824     
   2.20000000000000        1.36310504652558       -17.5654795727008     
   2.30000000000000        1.36310504652558       -17.6743145666191     
   2.40000000000000        1.36310504652558       -17.7831495605374     
   2.50000000000000        1.36310504652558       -17.8919845544558     
   2.60000000000000        1.36310504652558       -18.0008195483741     
   2.70000000000000        1.36310504652558       -18.1096545422925     
   2.80000000000000        1.36310504652558       -18.2184895362108     
   2.90000000000000        1.36310504652558       -18.3273245301291     
   3.00000000000000        1.36310504652558       -18.4361595240475     
   3.10000000000000        1.36310504652558       -18.5449945179658     
   3.20000000000000        1.36310504652558       -18.6538295118841     
   3.30000000000000        1.36310504652558       -18.7626645058025     
   3.40000000000000        1.36310504652558       -18.8714994997208     
   3.50000000000000        1.36310504652558       -18.9803344936391     
   3.60000000000000        1.36310504652558       -19.0891694875575     
   3.70000000000000        1.36310504652558       -19.1980044814758     
   3.80000000000000        1.36310504652558       -19.3068394753942     
   3.90000000000000        1.36310504652558       -19.4156744693125     
   4.00000000000000        1.36310504652558       -19.5245094632308     
   4.10000000000000        1.36310504652558       -19.6333444571492     
   4.20000000000000        1.36310504652558       -19.7421794510675     
   4.30000000000000        1.36310504652558       -19.8510144449858     
   4.40000000000000        1.36310504652558       -19.9598494389042     
   4.50000000000000        1.36310504652558       -20.0686844328225     
   4.60000000000000        1.36310504652558       -20.1775194267409     
   4.70000000000000        1.36310504652558       -20.2863544206592     
   4.80000000000000        1.36310504652558       -20.3951894145775     
   4.90000000000000        1.36310504652558       -20.5040244084959     
   5.00000000000000        1.36310504652558       -20.6128594024142     
   5.10000000000000        1.36310504652558       -20.7216943963325     
   5.20000000000000        1.36310504652558       -20.8305293902509     
   5.30000000000000        1.36310504652558       -20.9393643841692     
   5.40000000000000        1.36310504652558       -21.0481993780875     
   5.50000000000000        1.36310504652558       -21.1570343720059     
   5.60000000000000        1.36310504652558       -21.2658693659242     
   5.70000000000000        1.36310504652558       -21.3747043598426     
   5.80000000000000        1.36310504652558       -21.4835393537609     
   5.90000000000000        1.36310504652558       -21.5923743476792     
   6.00000000000000        1.36310504652558       -21.7012093415976     
   6.10000000000000        1.36310504652558       -21.8100443355159     
   6.20000000000000        1.36310504652558       -21.9188793294342     
   6.30000000000000        1.36310504652558       -22.0277143233526     
   6.40000000000000        1.36310504652558       -22.1365493172709     
   6.50000000000000        1.36310504652558       -22.2453843111893     
   6.60000000000000        1.36310504652558       -22.3542193051076     
   6.70000000000000        1.36310504652558       -22.4630542990259     
   6.80000000000000        1.36310504652558       -22.5718892929443     
   6.90000000000000        1.36310504652558       -22.6807242868626     
   7.00000000000000        1.36310504652558       -22.7895592807809     
   7.10000000000000        1.36310504652558       -22.8983942746993     
   7.20000000000000        1.36310504652558       -23.0072292686176     
   7.30000000000000        1.36310504652558       -23.1160642625359     
   7.40000000000000        1.36310504652558       -23.2248992564543     
   7.50000000000000        1.36310504652558       -23.3337342503726     
   7.60000000000000        1.36310504652558       -23.4425692442910     
   7.70000000000000        1.36310504652558       -23.5514042382093     
   7.80000000000000        1.36310504652558       -23.6602392321276     
   7.90000000000000        1.36310504652558       -23.7690742260460     
   8.00000000000000        1.36310504652558       -23.8779092199643     
   8.10000000000000        1.36310504652558       -23.9867442138826     
   8.20000000000000        1.36310504652558       -24.0955792078010     
   8.30000000000000        1.36310504652558       -24.2044142017193     
   8.40000000000000        1.36310504652558       -24.3132491956376     
   8.50000000000000        1.36310504652558       -24.4220841895560     
   8.60000000000000        1.36310504652558       -24.5309191834743     
   8.70000000000000        1.36310504652558       -24.6397541773927     
   8.80000000000000        1.36310504652558       -24.7485891713110     
   8.90000000000000        1.36310504652558       -24.8574241652293     
   9.00000000000000        1.36310504652558       -24.9662591591477     
   9.10000000000000        1.36310504652558       -25.0750941530660     
   9.20000000000000        1.36310504652558       -25.1839291469843     
   9.30000000000000        1.36310504652558       -25.2927641409027     
   9.40000000000000        1.36310504652558       -25.4015991348210     
   9.50000000000000        1.36310504652558       -25.5104341287393     
   9.60000000000000        1.36310504652558       -25.6192691226577     
   9.70000000000000        1.36310504652558       -25.7281041165760     
   9.80000000000000        1.36310504652558       -25.8369391104944     
   9.90000000000000        1.36310504652558       -25.9457741044127     
   10.0000000000000        1.36310504652558       -26.0546090983310     
   10.1000000000000        1.36310504652558       -26.1634440922494     
   10.2000000000000        1.36310504652558       -26.2722790861677     
   10.3000000000000        1.36310504652558       -26.3811140800860     
   10.4000000000000        1.36310504652558       -26.4899490740044     
   10.5000000000000        1.36310504652558       -26.5987840679227     
   10.6000000000000        1.36310504652558       -26.7076190618411     
   10.7000000000000        1.36310504652558       -26.8164540557594     
   10.8000000000000        1.36310504652558       -26.9252890496777     
   10.9000000000000        1.36310504652558       -27.0341240435961     
   11.0000000000000        1.36310504652558       -27.1429590375144     
   11.1000000000000        1.36310504652558       -27.2517940314327     
   11.2000000000000        1.36310504652558       -27.3606290253511     
   11.3000000000000        1.36310504652558       -27.4694640192694     
   11.4000000000000        1.36310504652558       -27.5782990131877     
   11.5000000000000        1.36310504652558       -27.6871340071061     
   11.6000000000000        1.36310504652558       -27.7959690010244     
   11.7000000000000        1.36310504652558       -27.9048039949428     
   11.8000000000000        1.36310504652558       -28.0136389888611     
   11.9000000000000        1.36310504652558       -28.1224739827794     
   12.0000000000000        1.36310504652558       -28.2313089766978     
   12.1000000000000        1.36310504652558       -28.3401439706161     
   12.2000000000000        1.36310504652558       -28.4489789645344     
   12.3000000000000        1.36310504652558       -28.5578139584528     
   12.4000000000000        1.36310504652558       -28.6666489523711     
   12.5000000000000        1.36310504652558       -28.7754839462894     
   12.6000000000000        1.36310504652558       -28.8843189402078     
   12.7000000000000        1.36310504652558       -28.9931539341261     
   12.8000000000000        1.36310504652558       -29.1019889280445     
   12.9000000000000        1.36310504652558       -29.2108239219628     
   13.0000000000000        1.36310504652558       -29.3196589158811     
   13.1000000000000        1.36310504652558       -29.4284939097995     
   13.2000000000000        1.36310504652558       -29.5373289037178     
   13.3000000000000        1.36310504652558       -29.6461638976361     
   13.4000000000000        1.36310504652558       -29.7549988915545     
   13.5000000000000        1.36310504652558       -29.8638338854728     
   13.6000000000000        1.36310504652558       -29.9726688793912     
   13.7000000000000        1.36310504652558       -30.0815038733095     
   13.8000000000000        1.36310504652558       -30.1903388672278     
   13.9000000000000        1.36310504652558       -30.2991738611462     
   14.0000000000000        1.36310504652558       -30.4080088550645     
   14.1000000000000        1.36310504652558       -30.5168438489828     
   14.2000000000000        1.36310504652558       -30.6256788429012     
   14.3000000000000        1.36310504652558       -30.7345138368195     
   14.4000000000000        1.36310504652558       -30.8433488307378     
   14.5000000000000        1.36310504652558       -30.9521838246562     
   14.6000000000000        1.36310504652558       -31.0610188185745     
   14.7000000000000        1.36310504652558       -31.1698538124929     
   14.8000000000000        1.36310504652558       -31.2786888064112     
   14.9000000000000        1.36310504652558       -31.3875238003295     
   15.0000000000000        1.36310504652558       -31.4963587942479     
   15.1000000000000        1.36310504652558       -31.6051937881662     
   15.2000000000000        1.36310504652558       -31.7140287820845     
   15.3000000000000        1.36310504652558       -31.8228637760029     
   15.4000000000000        1.36310504652558       -31.9316987699212     
   15.5000000000000        1.36310504652558       -32.0405337638395     
   15.6000000000000        1.36310504652558       -32.1493687577579     
   15.7000000000000        1.36310504652558       -32.2582037516762     
   15.8000000000000        1.36310504652558       -32.3670387455946     
   15.9000000000000        1.36310504652558       -32.4758737395129     
   16.0000000000000        1.36310504652558       -32.5847087334312     
   16.1000000000000        1.36310504652558       -32.6935437273496     
   16.2000000000000        1.36310504652558       -32.8023787212679     
   16.3000000000000        1.36310504652558       -32.9112137151862     
   16.4000000000000        1.36310504652558       -33.0200487091046     
   16.5000000000000        1.36310504652558       -33.1288837030229     
   16.6000000000000        1.36310504652558       -33.2377186969413     
   16.7000000000000        1.36310504652558       -33.3465536908596     
   16.8000000000000        1.36310504652558       -33.4553886847779     
   16.9000000000000        1.36310504652558       -33.5642236786963     
   17.0000000000000        1.36310504652558       -33.6730586726146     
   17.1000000000000        1.36310504652558       -33.7818936665329     
   17.2000000000000        1.36310504652558       -33.8907286604513     
   17.3000000000000        1.36310504652558       -33.9995636543696     
   17.4000000000000        1.36310504652558       -34.1083986482879     
   17.5000000000000        1.36310504652558       -34.2172336422063     
   17.6000000000000        1.36310504652558       -34.3260686361246     
   17.7000000000000        1.36310504652558       -34.4349036300430     
   17.8000000000000        1.36310504652558       -34.5437386239613     
   17.9000000000000        1.36310504652558       -34.6525736178796     
   18.0000000000000        1.36310504652558       -34.7614086117980     
   18.1000000000000        1.36310504652558       -34.8702436057163     
   18.2000000000000        1.36310504652558       -34.9790785996346     
   18.3000000000000        1.36310504652558       -35.0879135935530     
   18.4000000000000        1.36310504652558       -35.1967485874713     
   18.5000000000000        1.36310504652558       -35.3055835813897     
   18.6000000000000        1.36310504652558       -35.4144185753080     
   18.7000000000000        1.36310504652558       -35.5232535692263     
   18.8000000000000        1.36310504652558       -35.6320885631447     
   18.9000000000000        1.36310504652558       -35.7409235570630     
   19.0000000000000        1.36310504652558       -35.8497585509813     
   19.1000000000000        1.36310504652558       -35.9585935448997     
   19.2000000000000        1.36310504652558       -36.0674285388180     
   19.3000000000000        1.36310504652558       -36.1762635327363     
   19.4000000000000        1.36310504652558       -36.2850985266547     
   19.5000000000000        1.36310504652558       -36.3939335205730     
   19.6000000000000        1.36310504652558       -36.5027685144914     
   19.7000000000000        1.36310504652558       -36.6116035084097     
   19.8000000000000        1.36310504652558       -36.7204385023280     
   19.9000000000000        1.36310504652558       -36.8292734962464     
   20.0000000000000        1.36310504652558       -36.9381084901647     
   20.1000000000000        1.36310504652558       -37.0469434840830     
   20.2000000000000        1.36310504652558       -37.1557784780014     
   20.3000000000000        1.36310504652558       -37.2646134719197     
   20.4000000000000        1.36310504652558       -37.3734484658381     
   20.5000000000000        1.36310504652558       -37.4822834597564     
   20.6000000000000        1.36310504652558       -37.5911184536747     
   20.7000000000000        1.36310504652558       -37.6999534475931     
   20.8000000000000        1.36310504652558       -37.8087884415114     
   20.9000000000000        1.36310504652558       -37.9176234354297     
   21.0000000000000        1.36310504652558       -38.0264584293481     
   21.1000000000000        1.36310504652558       -38.1352934232664     
   21.2000000000000        1.36310504652558       -38.2441284171847     
   21.3000000000000        1.36310504652558       -38.3529634111031     
   21.4000000000000        1.36310504652558       -38.4617984050214     
   21.5000000000000        1.36310504652558       -38.5706333989398     
   21.6000000000000        1.36310504652558       -38.6794683928581     
   21.7000000000000        1.36310504652558       -38.7883033867764     
   21.8000000000000        1.36310504652558       -38.8971383806948     
   21.9000000000000        1.36310504652558       -39.0059733746131     
   22.0000000000000        1.36310504652558       -39.1148083685314     
   22.1000000000000        1.36310504652558       -39.2236433624498     
   22.2000000000000        1.36310504652558       -39.3324783563681     
   22.3000000000000        1.36310504652558       -39.4413133502864     
   22.4000000000000        1.36310504652558       -39.5501483442048     
   22.5000000000000        1.36310504652558       -39.6589833381231     
   22.6000000000000        1.36310504652558       -39.7678183320415     
   22.7000000000000        1.36310504652558       -39.8766533259598     
   22.8000000000000        1.36310504652558       -39.9854883198781     
   22.9000000000000        1.36310504652558       -40.0943233137965     
   23.0000000000000        1.36310504652558       -40.2031583077148     
   23.1000000000000        1.36310504652558       -40.3119933016331     
   23.2000000000000        1.36310504652558       -40.4208282955515     
   23.3000000000000        1.36310504652558       -40.5296632894698     
   23.4000000000000        1.36310504652558       -40.6384982833882     
   23.5000000000000        1.36310504652558       -40.7473332773065     
   23.6000000000000        1.36310504652558       -40.8561682712248     
   23.7000000000000        1.36310504652558       -40.9650032651432     
   23.8000000000000        1.36310504652558       -41.0738382590615     
   23.9000000000000        1.36310504652558       -41.1826732529798     
   24.0000000000000        1.36310504652558       -41.2915082468982     
   24.1000000000000        1.36310504652558       -41.4003432408165     
   24.2000000000000        1.36310504652558       -41.5091782347348     
   24.3000000000000        1.36310504652558       -41.6180132286532     
   24.4000000000000        1.36310504652558       -41.7268482225715     
   24.5000000000000        1.36310504652558       -41.8356832164899     
   24.6000000000000        1.36310504652558       -41.9445182104082     
   24.7000000000000        1.36310504652558       -42.0533532043265     
   24.8000000000000        1.36310504652558       -42.1621881982449     
   24.9000000000000        1.36310504652558       -42.2710231921632     
   25.0000000000000        1.36310504652558       -42.3798581860815     
   25.1000000000000        1.36310504652558       -42.4886931799999     
   25.2000000000000        1.36310504652558       -42.5975281739182     
   25.3000000000000        1.36310504652558       -42.7063631678365     
   25.4000000000000        1.36310504652558       -42.8151981617549     
   25.5000000000000        1.36310504652558       -42.9240331556732     
   25.6000000000000        1.36310504652558       -43.0328681495916     
   25.7000000000000        1.36310504652558       -43.1417031435099     
   25.8000000000000        1.36310504652558       -43.2505381374282     
   25.9000000000000        1.36310504652558       -43.3593731313466     
   26.0000000000000        1.36310504652558       -43.4682081252649     
   26.1000000000000        1.36310504652558       -43.5770431191832     
   26.2000000000000        1.36310504652558       -43.6858781131016     
   26.3000000000000        1.36310504652558       -43.7947131070199     
   26.4000000000000        1.36310504652558       -43.9035481009383     
   26.5000000000000        1.36310504652558       -44.0123830948566     
   26.6000000000000        1.36310504652558       -44.1212180887749     
   26.7000000000000        1.36310504652558       -44.2300530826933     
   26.8000000000000        1.36310504652558       -44.3388880766116     
   26.9000000000000        1.36310504652558       -44.4477230705299     
   27.0000000000000        1.36310504652558       -44.5565580644483     
   27.1000000000000        1.36310504652558       -44.6653930583666     
   27.2000000000000        1.36310504652558       -44.7742280522849     
   27.3000000000000        1.36310504652558       -44.8830630462033     
   27.4000000000000        1.36310504652558       -44.9918980401216     
   27.5000000000000        1.36310504652558       -45.1007330340400     
   27.6000000000000        1.36310504652558       -45.2095680279583     
   27.7000000000000        1.36310504652558       -45.3184030218766     
   27.8000000000000        1.36310504652558       -45.4272380157950     
   27.9000000000000        1.36310504652558       -45.5360730097133     
   28.0000000000000        1.36310504652558       -45.6449080036316     
   28.1000000000000        1.36310504652558       -45.7537429975500     
   28.2000000000000        1.36310504652558       -45.8625779914683     
   28.3000000000000        1.36310504652558       -45.9714129853866     
   28.4000000000000        1.36310504652558       -46.0802479793050     
   28.5000000000000        1.36310504652558       -46.1890829732233     
   28.6000000000000        1.36310504652558       -46.2979179671417     
   28.7000000000000        1.36310504652558       -46.4067529610600     
   28.8000000000000        1.36310504652558       -46.5155879549783     
   28.9000000000000        1.36310504652558       -46.6244229488967     
   29.0000000000000        1.36310504652558       -46.7332579428150     
   29.1000000000000        1.36310504652558       -46.8420929367333     
   29.2000000000000        1.36310504652558       -46.9509279306517     
   29.3000000000000        1.36310504652558       -47.0597629245700     
   29.4000000000000        1.36310504652558       -47.1685979184883     
   29.5000000000000        1.36310504652558       -47.2774329124067     
   29.6000000000000        1.36310504652558       -47.3862679063250     
   29.7000000000000        1.36310504652558       -47.4951029002434     
   29.8000000000000        1.36310504652558       -47.6039378941617     
   29.9000000000000        1.36310504652558       -47.7127728880800     
   30.0000000000000        1.36310504652558       -47.8216078819984     
   30.1000000000000        1.36310504652558       -47.9304428759167     
   30.2000000000000        1.36310504652558       -48.0392778698350     
   30.3000000000000        1.36310504652558       -48.1481128637534     
   30.4000000000000        1.36310504652558       -48.2569478576717     
   30.5000000000000        1.36310504652558       -48.3657828515901     
   30.6000000000000        1.36310504652558       -48.4746178455084     
   30.7000000000000        1.36310504652558       -48.5834528394267     
   30.8000000000000        1.36310504652558       -48.6922878333451     
   30.9000000000000        1.36310504652558       -48.8011228272634     
   31.0000000000000        1.36310504652558       -48.9099578211817     
   31.1000000000000        1.36310504652558       -49.0187928151001     
   31.2000000000000        1.36310504652558       -49.1276278090184     
   31.3000000000000        1.36310504652558       -49.2364628029368     
   31.4000000000000        1.36310504652558       -49.3452977968551     
   31.5000000000000        1.36310504652558       -49.4541327907734     
   31.6000000000000        1.36310504652558       -49.5629677846918     
   31.7000000000000        1.36310504652558       -49.6718027786101     
   31.8000000000000        1.36310504652558       -49.7806377725284     
   31.9000000000000        1.36310504652558       -49.8894727664468     
   32.0000000000000        1.36310504652558       -49.9983077603651     
   32.1000000000000        1.36310504652558       -50.1071427542834     
   32.2000000000000        1.36310504652558       -50.2159777482018     
   32.3000000000000        1.36310504652558       -50.3248127421201     
   32.4000000000000        1.36310504652558       -50.4336477360385     
   32.5000000000000        1.36310504652558       -50.5424827299568     
   32.6000000000000        1.36310504652558       -50.6513177238751     
   32.7000000000000        1.36310504652558       -50.7601527177935     
   32.8000000000000        1.36310504652558       -50.8689877117118     
   32.9000000000000        1.36310504652558       -50.9778227056301     
   33.0000000000000        1.36310504652558       -51.0866576995485     
   33.1000000000000        1.36310504652558       -51.1954926934668     
   33.2000000000000        1.36310504652558       -51.3043276873851     
   33.3000000000000        1.36310504652558       -51.4131626813035     
   33.4000000000000        1.36310504652558       -51.5219976752218     
   33.5000000000000        1.36310504652558       -51.6308326691402     
   33.6000000000000        1.36310504652558       -51.7396676630585     
   33.7000000000000        1.36310504652558       -51.8485026569768     
   33.8000000000000        1.36310504652558       -51.9573376508952     
   33.9000000000000        1.36310504652558       -52.0661726448135     
   34.0000000000000        1.36310504652558       -52.1750076387318     
   34.1000000000000        1.36310504652558       -52.2838426326502     
   34.2000000000000        1.36310504652558       -52.3926776265685     
   34.3000000000000        1.36310504652558       -52.5015126204868     
   34.4000000000000        1.36310504652558       -52.6103476144052     
   34.5000000000000        1.36310504652558       -52.7191826083235     
   34.6000000000000        1.36310504652558       -52.8280176022419     
   34.7000000000000        1.36310504652558       -52.9368525961602     
   34.8000000000000        1.36310504652558       -53.0456875900785     
   34.9000000000000        1.36310504652558       -53.1545225839969     
   35.0000000000000        1.36310504652558       -53.2633575779152     
   35.1000000000000        1.36310504652558       -53.3721925718335     
   35.2000000000000        1.36310504652558       -53.4810275657519     
   35.3000000000000        1.36310504652558       -53.5898625596702     
   35.4000000000000        1.36310504652558       -53.6986975535886     
   35.5000000000000        1.36310504652558       -53.8075325475069     
   35.6000000000000        1.36310504652558       -53.9163675414252     
   35.7000000000000        1.36310504652558       -54.0252025353436     
   35.8000000000000        1.36310504652558       -54.1340375292619     
   35.9000000000000        1.36310504652558       -54.2428725231802     
   36.0000000000000        1.36310504652558       -54.3517075170986     
   36.1000000000000        1.36310504652558       -54.4605425110169     
   36.2000000000000        1.36310504652558       -54.5693775049352     
   36.3000000000000        1.36310504652558       -54.6782124988536     
   36.4000000000000        1.36310504652558       -54.7870474927719     
   36.5000000000000        1.36310504652558       -54.8958824866903     
   36.6000000000000        1.36310504652558       -55.0047174806086     
   36.7000000000000        1.36310504652558       -55.1135524745269     
   36.8000000000000        1.36310504652558       -55.2223874684453     
   36.9000000000000        1.36310504652558       -55.3312224623636     
   37.0000000000000        1.36310504652558       -55.4400574562819     
   37.1000000000000        1.36310504652558       -55.5488924502003     
   37.2000000000000        1.36310504652558       -55.6577274441186     
   37.3000000000000        1.36310504652558       -55.7665624380369     
   37.4000000000000        1.36310504652558       -55.8753974319553     
   37.5000000000000        1.36310504652558       -55.9842324258736     
   37.6000000000000        1.36310504652558       -56.0930674197920     
   37.7000000000000        1.36310504652558       -56.2019024137103     
   37.8000000000000        1.36310504652558       -56.3107374076286     
   37.9000000000000        1.36310504652558       -56.4195724015470     
   38.0000000000000        1.36310504652558       -56.5284073954653     
   38.1000000000000        1.36310504652558       -56.6372423893836     
   38.2000000000000        1.36310504652558       -56.7460773833020     
   38.3000000000000        1.36310504652558       -56.8549123772203     
   38.4000000000000        1.36310504652558       -56.9637473711387     
   38.5000000000000        1.36310504652558       -57.0725823650570     
   38.6000000000000        1.36310504652558       -57.1814173589753     
   38.7000000000000        1.36310504652558       -57.2902523528937     
   38.8000000000000        1.36310504652558       -57.3990873468120     
   38.9000000000000        1.36310504652558       -57.5079223407303     
   39.0000000000000        1.36310504652558       -57.6167573346487     
   39.1000000000000        1.36310504652558       -57.7255923285670     
   39.2000000000000        1.36310504652558       -57.8344273224853     
   39.3000000000000        1.36310504652558       -57.9432623164037     
   39.4000000000000        1.36310504652558       -58.0520973103220     
   39.5000000000000        1.36310504652558       -58.1609323042404     
   39.6000000000000        1.36310504652558       -58.2697672981587     
   39.7000000000000        1.36310504652558       -58.3786022920770     
   39.8000000000000        1.36310504652558       -58.4874372859954     
   39.9000000000000        1.36310504652558       -58.5962722799137     
   40.0000000000000        1.36310504652558       -58.7051072738320     
