 # applied field (T), magnetization (2 f.u.), magnetization (T)
  0.000000000000000E+000 -1.838427168386237E-015 -6.145825413837469E-017
  0.100000000000000       0.238075525105638       7.958817394388775E-003
  0.200000000000000       0.436547628451899       1.459370028590926E-002
  0.300000000000000       0.674601458032920       2.255179240323051E-002
  0.400000000000000       0.873043780257243       2.918567971777513E-002
  0.500000000000000        1.11104787486104       3.714210920471183E-002
  0.600000000000000        1.34901304641518       4.509723750184984E-002
  0.700000000000000        1.54736341939254       5.172805097137893E-002
  0.800000000000000        1.78523559341388       5.968007037951457E-002
  0.900000000000000        2.02304525959366       6.763000016295451E-002
   1.00000000000000        2.22124796763806       7.425587722318057E-002
   1.10000000000000        2.45892139763903       8.220125265829299E-002
   1.20000000000000        2.65699887001823       8.882294311517057E-002
   1.30000000000000        2.89450809503018       9.676282921019927E-002
   1.40000000000000        3.13191598947337       0.104699327844493     
   1.50000000000000        3.32975408629863       0.111313016024271     
   1.60000000000000        3.56695458430440       0.119242581436963     
   1.70000000000000        3.80403020998252       0.127167972392607     
   1.80000000000000        4.00157331832366       0.133771799166105     
   1.90000000000000        4.23839840762459       0.141688814740552     
   2.00000000000000        4.43572102629601       0.148285270588298     
   2.10000000000000        4.67226769739873       0.156192978697822     
   2.20000000000000        4.90865079373640       0.164095218535525     
   2.30000000000000        5.10558699657356       0.170678756578883     
   2.40000000000000        5.34164864913329       0.178570250615100     
   2.50000000000000        5.57752328511965       0.186455492724512     
   2.60000000000000        5.77401769522386       0.193024261724785     
   2.70000000000000        6.00952794727527       0.200897322551814     
   2.80000000000000        6.24482779069094       0.208763349460051     
   2.90000000000000        6.44082514874577       0.215315502109295     
   3.00000000000000        6.67571776506153       0.223167915496677     
   3.10000000000000        6.91037663667976       0.231012514845367     
   3.20000000000000        7.10582181574165       0.237546208260837     
   3.30000000000000        7.34003072548841       0.245375765473768     
   3.40000000000000        7.57398261666105       0.253196730606949     
   3.50000000000000        7.76882063677979       0.259710126819858     
   3.60000000000000        8.00227995099519       0.267514625203449     
   3.70000000000000        8.23545904107593       0.275309755750022     
   3.80000000000000        8.42963508378674       0.281801022190009     
   3.90000000000000        8.66227911270707       0.289578265748540     
   4.00000000000000        8.89461978632666       0.297345368199777     
   4.10000000000000        9.08807920901796       0.303812678175218     
   4.20000000000000        9.31984247925373       0.311560478146317     
   4.30000000000000        9.55127934343853       0.319297366428132     
   4.40000000000000        9.74396769358509       0.325738899601952     
   4.50000000000000        9.97478496512954       0.333455075025184     
   4.60000000000000        10.2052528662467       0.341159571064606     
   4.70000000000000        10.4353633145116       0.348852117526359     
   4.80000000000000        10.6269221785465       0.355255892204387     
   4.90000000000000        10.8563562190579       0.362925826489642     
   5.00000000000000        11.0854099685493       0.370583047721825     
   5.10000000000000        11.3140753910059       0.378227287258565     
   5.20000000000000        11.5044060237377       0.384590002408721     
   5.30000000000000        11.7323385496659       0.392209741360465     
   5.40000000000000        11.9598600471875       0.399815739714426     
   5.50000000000000        12.1869625303978       0.407407730503406     
   5.60000000000000        12.3759667784213       0.413726104876897     
   5.70000000000000        12.6022802286861       0.421291718451631     
   5.80000000000000        12.8281521104436       0.428842570479102     
   5.90000000000000        13.0535744915220       0.436378395788380     
   6.00000000000000        13.2785394543484       0.443898929696586     
   6.10000000000000        13.4657324276762       0.450156753517696     
   6.20000000000000        13.6898381196672       0.457648562172987     
   6.30000000000000        13.9134640391951       0.465124332130379     
   6.40000000000000        14.1366023268555       0.472583800651545     
   6.50000000000000        14.3592451389774       0.480026705524125     
   6.60000000000000        14.5444731902601       0.486218842392558     
   6.70000000000000        14.7661871437948       0.493630695707542     
   6.80000000000000        14.9873834830987       0.501025245281864     
   6.90000000000000        15.2080544269170       0.508402230989732     
   7.00000000000000        15.4281922108072       0.515761393267374     
   7.10000000000000        15.6477890873533       0.523102473120220     
   7.20000000000000        15.8668373263779       0.530425212129976     
   7.30000000000000        16.0853292151505       0.537729352461599     
   7.40000000000000        16.2670503770870       0.543804254717542     
   7.50000000000000        16.4845021309910       0.551073623547637     
   7.60000000000000        16.7013757761618       0.558323666317905     
   7.70000000000000        16.9176636686353       0.565554127492148     
   7.80000000000000        17.1333581828548       0.572764752149521     
   7.90000000000000        17.3484517118588       0.579955285990824     
   8.00000000000000        17.5629366674667       0.587125475344683     
   8.10000000000000        17.7768054804590       0.594275067173601     
   8.20000000000000        17.9900506007553       0.601403809079889     
   8.30000000000000        18.2026644975875       0.608511449311478     
   8.40000000000000        18.4146396596704       0.615597736767591     
   8.50000000000000        18.6259685953674       0.622662421004310     
   8.60000000000000        18.8366438328529       0.629705252240000     
   8.70000000000000        19.0466579202716       0.636725981360613     
   8.80000000000000        19.2560034258924       0.643724359924864     
   8.90000000000000        19.4646729382601       0.650700140169277     
   9.00000000000000        19.6726590663416       0.657653075013094     
   9.10000000000000        19.8799544396699       0.664582918063063     
   9.20000000000000        20.1208447994980       0.672635834821686     
   9.30000000000000        20.3266185769257       0.679514811223707     
   9.40000000000000        20.5316783990062       0.686369920240649     
   9.50000000000000        20.7360169823960       0.693200918391785     
   9.60000000000000        20.9396270649913       0.700007562906433     
   9.70000000000000        21.1425014060460       0.706789611727892     
   9.80000000000000        21.3781786311299       0.714668254430147     
   9.90000000000000        21.5794343655437       0.721396193553929     
   10.0000000000000        21.7799315734427       0.728098775287372     
   10.1000000000000        21.9796631042316       0.734775760587501     
   10.2000000000000        22.2116370036924       0.742530601851648     
   10.3000000000000        22.4096853864798       0.749151319849266     
   10.4000000000000        22.6069455953457       0.755745689349643     
   10.5000000000000        22.8034105715257       0.762313474379690     
   10.6000000000000        23.0315372911859       0.769939705189222     
   10.7000000000000        23.2262554064705       0.776449093007405     
   10.8000000000000        23.4523255041785       0.784006571354626     
   10.9000000000000        23.6452639613743       0.790456465557298     
   11.0000000000000        23.8373699203484       0.796878529510198     
   11.1000000000000        24.0603655460594       0.804333228870803     
   11.2000000000000        24.2506443230962       0.810694210495402     
   11.3000000000000        24.4714899683994       0.818077036439121     
   11.4000000000000        24.6599093323115       0.824375858253241     
   11.5000000000000        24.8785675370971       0.831685558496058     
   11.6000000000000        25.0650954887959       0.837921150776538     
   11.7000000000000        25.2815290642152       0.845156482102647     
   11.8000000000000        25.4967496003483       0.852351261766982     
   11.9000000000000        25.6803058675243       0.858487511225639     
   12.0000000000000        25.8932450949909       0.865606027195551     
   12.1000000000000        26.1049409407494       0.872682977162561     
   12.2000000000000        26.2854511967300       0.878717399073536     
   12.3000000000000        26.4948097037256       0.885716212271155     
   12.4000000000000        26.7028948372478       0.892672456847138     
   12.5000000000000        26.9096961840674       0.899585784689302     
   12.6000000000000        27.0859780333132       0.905478851805167     
   12.7000000000000        27.2903674397744       0.912311548961459     
   12.8000000000000        27.4934435453713       0.919100342731387     
   12.9000000000000        27.6951961050107       0.925844890623523     
   13.0000000000000        27.8956149175813       0.932544851616750     
   13.1000000000000        28.0946898261534       0.939199886166932     
   13.2000000000000        28.2924107182013       0.945809656214340     
   13.3000000000000        28.4887675258505       0.952373825191945     
   13.4000000000000        28.6837502261551       0.958892058034654     
   13.5000000000000        28.9048416894606       0.966283101625237     
   13.6000000000000        29.0968466335199       0.972701788669653     
   13.7000000000000        29.2874462669728       0.979073496460348     
   13.8000000000000        29.4766307566605       0.985397896276778     
   13.9000000000000        29.6910469385843       0.992565786540073     
   14.0000000000000        29.8771663890466       0.998787722705565     
   14.1000000000000        30.0880548479552        1.00583768189097     
   14.2000000000000        30.2710647980325        1.01195566807781     
   14.3000000000000        30.4783750001892        1.01888600685256     
   14.4000000000000        30.6582314718781        1.02489857288486     
   14.5000000000000        30.8619134441387        1.03170762065670     
   14.6000000000000        31.0636402921377        1.03845130901382     
   14.7000000000000        31.2385773088736        1.04429941864668     
   14.8000000000000        31.4366004385325        1.05091929243724     
   14.9000000000000        31.6326285656340        1.05747247368959     
   15.0000000000000        31.8266480051584        1.06395850491624     
   15.1000000000000        32.0186451718359        1.07037693196433     
   15.2000000000000        32.2086065829251        1.07672730410850     
   15.3000000000000        32.3965188611722        1.08300917414982     
   15.4000000000000        32.6054157264754        1.08999255475759     
   15.5000000000000        32.7889299962792        1.09612740025246     
   15.6000000000000        32.9703540448815        1.10219237006881     
   15.7000000000000        33.1719039738949        1.10893014405947     
   15.8000000000000        33.3707746525519        1.11557835124426     
   15.9000000000000        33.5453176173593        1.12141328779963     
   16.0000000000000        33.7390782711645        1.12789066787122     
   16.1000000000000        33.9301082960632        1.13427676356223     
   16.2000000000000        34.1183903370619        1.14057099469871     
   16.3000000000000        34.3039072730275        1.14677278892456     
   16.4000000000000        34.5067424299490        1.15355352782825     
   16.5000000000000        34.6863671037098        1.15955834490197     
   16.6000000000000        34.8631749873099        1.16546899724154     
   16.7000000000000        35.0562747322905        1.17192428326274     
   16.8000000000000        35.2458561346316        1.17826195179013     
   16.9000000000000        35.4318979606229        1.18448129298502     
   17.0000000000000        35.6143794173424        1.19058161174415     
   17.1000000000000        35.8109465083591        1.19715281045286     
   17.2000000000000        35.9858858221063        1.20300099687436     
   17.3000000000000        36.1741096093321        1.20929328059880     
   17.4000000000000        36.3579264150502        1.21543823980904     
   17.5000000000000        36.5373118411230        1.22143505888019     
   17.6000000000000        36.7279010153517        1.22780641702110     
   17.7000000000000        36.9131591483143        1.23399955951410     
   17.8000000000000        37.0930575004422        1.24001352560113     
   17.9000000000000        37.2818473247349        1.24632473183200     
   18.0000000000000        37.4642810232711        1.25242345404458     
   18.1000000000000        37.6403261077378        1.25830860616103     
   18.2000000000000        37.8227154782082        1.26440584649519     
   18.3000000000000        38.0098132040973        1.27066048621339     
   18.4000000000000        38.1882790748376        1.27662656473289     
   18.5000000000000        38.3690677889399        1.28267029544343     
   18.6000000000000        38.5502780231222        1.28872811748629     
   18.7000000000000        38.7298771754342        1.29473208138306     
   18.8000000000000        38.9057004907491        1.30060981980092     
   18.9000000000000        39.0835142890388        1.30655409966826     
   19.0000000000000        39.2653942118880        1.31263430926989     
   19.1000000000000        39.4426902653894        1.31856128103206     
   19.2000000000000        39.6199079891282        1.32448563424586     
   19.3000000000000        39.7941312218427        1.33030988222103     
   19.4000000000000        39.8958960895989        1.33371186148486     
   19.5000000000000        39.8960822086247        1.33371808340684     
   19.6000000000000        39.8962683063917        1.33372430461813     
   19.7000000000000        39.8964543829133        1.33373052511919     
   19.8000000000000        39.8966404382032        1.33373674491048     
   19.9000000000000        39.8968264722749        1.33374296399245     
   20.0000000000000        39.8970124851418        1.33374918236555     
   20.1000000000000        39.8971984768174        1.33375540003022     
   20.2000000000000        39.8973844473149        1.33376161698692     
   20.3000000000000        39.8975703966477        1.33376783323609     
   20.4000000000000        39.8977563248289        1.33377404877816     
   20.5000000000000        39.8979422318718        1.33378026361358     
   20.6000000000000        39.8981281177894        1.33378647774279     
   20.7000000000000        39.8983139825948        1.33379269116622     
   20.8000000000000        39.8984998263010        1.33379890388431     
   20.9000000000000        39.8986856489207        1.33380511589749     
   21.0000000000000        39.8988714504668        1.33381132720617     
   21.1000000000000        39.8990572309521        1.33381753781080     
   21.2000000000000        39.8992429903889        1.33382374771178     
   21.3000000000000        39.8994287287898        1.33382995690953     
   21.4000000000000        39.8996144461669        1.33383616540447     
   21.5000000000000        39.8998001425320        1.33384237319697     
   21.6000000000000        39.8999858178963        1.33384858028743     
   21.7000000000000        39.9001714722705        1.33385478667618     
   21.8000000000000        39.9003571056634        1.33386099236354     
   21.9000000000000        39.9005427180816        1.33386719734972     
   22.0000000000000        39.9007283095264        1.33387340163476     
   22.1000000000000        39.9009138799886        1.33387960521836     
   22.2000000000000        39.9010994294356        1.33388580809942     
   22.3000000000000        39.9012849577883        1.33389201027531     
   22.4000000000000        39.9014704649165        1.33389821174166     
   22.5000000000000        39.9016559507567        1.33390441249636     
   22.6000000000000        39.9018414154210        1.33391061254316     
   22.7000000000000        39.9020268590615        1.33391681188713     
   22.8000000000000        39.9022122817750        1.33392301053152     
   22.9000000000000        39.9023976836155        1.33392920847813     
   23.0000000000000        39.9025830646165        1.33393540572807     
   23.1000000000000        39.9027684248022        1.33394160228217     
   23.2000000000000        39.9029537641924        1.33394779814107     
   23.3000000000000        39.9031390828044        1.33395399330537     
   23.4000000000000        39.9033243806548        1.33396018777561     
   23.5000000000000        39.9035096577590        1.33396638155231     
   23.6000000000000        39.9036949141327        1.33397257463599     
   23.7000000000000        39.9038801497910        1.33397876702716     
   23.8000000000000        39.9040653647492        1.33398495872633     
   23.9000000000000        39.9042505590226        1.33399114973401     
   24.0000000000000        39.9044357326268        1.33399734005072     
   24.1000000000000        39.9046208855772        1.33400352967698     
   24.2000000000000        39.9048060178896        1.33400971861332     
   24.3000000000000        39.9049911295802        1.33401590686027     
   24.4000000000000        39.9051762206650        1.33402209441838     
   24.5000000000000        39.9053612911607        1.33402828128819     
   24.6000000000000        39.9055463410840        1.33403446747028     
   24.7000000000000        39.9057313704523        1.33404065296522     
   24.8000000000000        39.9059163792830        1.33404683777358     
   24.9000000000000        39.9061013675943        1.33405302189599     
   25.0000000000000        39.9062863354047        1.33405920533306     
   25.1000000000000        39.9064712827334        1.33406538808543     
   25.2000000000000        39.9066562096002        1.33407157015376     
   25.3000000000000        39.9068411160258        1.33407775153875     
   25.4000000000000        39.9070260020320        1.33408393224111     
   25.5000000000000        39.9072108676417        1.33409011226163     
   25.6000000000000        39.9073957128793        1.33409629160112     
   25.7000000000000        39.9075805377711        1.33410247026044     
   25.8000000000000        39.9077653423459        1.33410864824058     
   25.9000000000000        39.9079501266353        1.33411482554257     
   26.0000000000000        39.9081348906749        1.33412100216763     
   26.1000000000000        39.9083196345055        1.33412717811709     
   26.2000000000000        39.9085043581742        1.33413335339255     
   26.3000000000000        39.9086890617694        1.33413952799696     
   26.4000000000000        39.9088737452925        1.33414570193036     
   26.5000000000000        39.9090584088578        1.33415187519657     
   26.6000000000000        39.9092430525640        1.33415804779890     
   26.7000000000000        39.9094276765297        1.33416421974131     
   26.8000000000000        39.9096122808941        1.33417039102845     
   26.9000000000000        39.9097968658112        1.33417656166547     
   27.0000000000000        39.9099814314324        1.33418273165743     
   27.1000000000000        39.9101659778730        1.33418890100819     
   27.2000000000000        39.9103505051626        1.33419506971873     
   27.3000000000000        39.9105350131963        1.33420123778556     
   27.4000000000000        39.9107195017196        1.33420740520016     
   27.5000000000000        39.9109039703766        1.33421357195062     
   27.6000000000000        39.9110884188078        1.33421973802495     
   27.7000000000000        39.9112728467444        1.33422590341414     
   27.8000000000000        39.9114572540507        1.33423206811367     
   27.9000000000000        39.9116416407103        1.33423823212298     
   28.0000000000000        39.9118260067854        1.33424439544416     
   28.1000000000000        39.9120103523758        1.33425055808054     
   28.2000000000000        39.9121946775914        1.33425672003578     
   28.3000000000000        39.9123789825363        1.33426288131339     
   28.4000000000000        39.9125632673028        1.33426904191644     
   28.5000000000000        39.9127475319703        1.33427520184758     
   28.6000000000000        39.9129317766056        1.33428136110904     
   28.7000000000000        39.9131160012652        1.33428751970273     
   28.8000000000000        39.9133002059969        1.33429367763023     
   28.9000000000000        39.9134843908416        1.33429983489291     
   29.0000000000000        39.9136685558343        1.33430599149194     
   29.1000000000000        39.9138527010056        1.33431214742835     
   29.2000000000000        39.9140368263823        1.33431830270302     
   29.3000000000000        39.9142209320151        1.33432445731767     
   29.4000000000000        39.9144050179635        1.33433061127426     
   29.5000000000000        39.9145890841794        1.33433676457120     
   29.6000000000000        39.9147731306798        1.33434291720906     
   29.7000000000000        39.9149571574799        1.33434906918834     
   29.8000000000000        39.9151411645934        1.33435522050950     
   29.9000000000000        39.9153251520325        1.33436137117295     
   30.0000000000000        39.9155091198088        1.33436752117908     
   30.1000000000000        39.9156930679318        1.33437367052820     
   30.2000000000000        39.9158769964097        1.33437981922059     
   30.3000000000000        39.9160609052499        1.33438596725650     
   30.4000000000000        39.9162447944590        1.33439211463614     
   30.5000000000000        39.9164286640426        1.33439826135970     
   30.6000000000000        39.9166125140052        1.33440440742734     
   30.7000000000000        39.9167963443508        1.33441055283919     
   30.8000000000000        39.9169801550823        1.33441669759533     
   30.9000000000000        39.9171640372251        1.33442284473875     
   31.0000000000000        39.9173478074392        1.33442898814041     
   31.1000000000000        39.9175315580375        1.33443513088632     
   31.2000000000000        39.9177152890210        1.33444127297651     
   31.3000000000000        39.9178990003897        1.33444741441099     
   31.4000000000000        39.9180826921435        1.33445355518974     
   31.5000000000000        39.9182663642815        1.33445969531273     
   31.6000000000000        39.9184500168024        1.33446583477993     
   31.7000000000000        39.9186336497045        1.33447197359128     
   31.8000000000000        39.9188172629858        1.33447811174671     
   31.9000000000000        39.9190008566439        1.33448424924614     
   32.0000000000000        39.9191844306762        1.33449038608949     
   32.1000000000000        39.9193679850799        1.33449652227665     
   32.2000000000000        39.9195515198521        1.33450265780753     
   32.3000000000000        39.9197350349895        1.33450879268203     
   32.4000000000000        39.9199185304889        1.33451492690004     
   32.5000000000000        39.9201020063472        1.33452106046144     
   32.6000000000000        39.9202854625609        1.33452719336613     
   32.7000000000000        39.9204688991268        1.33453332561400     
   32.8000000000000        39.9206523160149        1.33453945720405     
   32.9000000000000        39.9208357132178        1.33454558813602     
   33.0000000000000        39.9210190907630        1.33455171841083     
   33.1000000000000        39.9212024486475        1.33455784802840     
   33.2000000000000        39.9213857868684        1.33456397698862     
   33.3000000000000        39.9215691054229        1.33457010529139     
   33.4000000000000        39.9217524043085        1.33457623293663     
   33.5000000000000        39.9219356835226        1.33458235992426     
   33.6000000000000        39.9221189430631        1.33458848625421     
   33.7000000000000        39.9223021829279        1.33459461192639     
   33.8000000000000        39.9224854031150        1.33460073694076     
   33.9000000000000        39.9226686036230        1.33460686129726     
   34.0000000000000        39.9228517844503        1.33461298499584     
   34.1000000000000        39.9230349455957        1.33461910803646     
   34.2000000000000        39.9232180870584        1.33462523041909     
   34.3000000000000        39.9234012088377        1.33463135214370     
   34.4000000000000        39.9235843109331        1.33463747321029     
   34.5000000000000        39.9237673933444        1.33464359361884     
   34.6000000000000        39.9239504560718        1.33464971336936     
   34.7000000000000        39.9241334991155        1.33465583246186     
   34.8000000000000        39.9243165224761        1.33466195089636     
   34.9000000000000        39.9244995261547        1.33466806867289     
   35.0000000000000        39.9246825101524        1.33467418579150     
   35.1000000000000        39.9248654744706        1.33468030225222     
   35.2000000000000        39.9250484191113        1.33468641805513     
   35.3000000000000        39.9252313440766        1.33469253320029     
   35.4000000000000        39.9254142493688        1.33469864768778     
   35.5000000000000        39.9255971349909        1.33470476151771     
   35.6000000000000        39.9257800009460        1.33471087469018     
   35.7000000000000        39.9259628472377        1.33471698720530     
   35.8000000000000        39.9261456738701        1.33472309906321     
   35.9000000000000        39.9263284808474        1.33472921026405     
   36.0000000000000        39.9265112681746        1.33473532080800     
   36.1000000000000        39.9266940358573        1.33474143069524     
   36.2000000000000        39.9268767839012        1.33474753992596     
   36.3000000000000        39.9270595123131        1.33475364850038     
   36.4000000000000        39.9272422211003        1.33475975641875     
   36.5000000000000        39.9274249102707        1.33476586368134     
   36.6000000000000        39.9276075798332        1.33477197028843     
   36.7000000000000        39.9277902297977        1.33477807624037     
   36.8000000000000        39.9279728601748        1.33478418153751     
   36.9000000000000        39.9281554709765        1.33479028618025     
   37.0000000000000        39.9283380622162        1.33479639016903     
   37.1000000000000        39.9285206339085        1.33480249350435     
   37.2000000000000        39.9287031860695        1.33480859618674     
   37.3000000000000        39.9288857187173        1.33481469821680     
   37.4000000000000        39.9290682318718        1.33482079959521     
   37.5000000000000        39.9292507255548        1.33482690032269     
   37.6000000000000        39.9294331997904        1.33483300040005     
   37.7000000000000        39.9296156556206        1.33483909986212     
   37.8000000000000        39.9297980922306        1.33484519868167     
   37.9000000000000        39.9299805094414        1.33485129685269     
   38.0000000000000        39.9301629072784        1.33485739437606     
   38.1000000000000        39.9303452857671        1.33486349125262     
   38.2000000000000        39.9305276449318        1.33486958748318     
   38.3000000000000        39.9307099847937        1.33487568306845     
   38.4000000000000        39.9308923053695        1.33488177800900     
   38.5000000000000        39.9310746066689        1.33488787230513     
   38.6000000000000        39.9312568886917        1.33489396595686     
   38.7000000000000        39.9314391514258        1.33490005896376     
   38.8000000000000        39.9316213948446        1.33490615132496     
   38.9000000000000        39.9318036189066        1.33491224303907     
   39.0000000000000        39.9319858235553        1.33491833410419     
   39.1000000000000        39.9321680087221        1.33492442451804     
   39.2000000000000        39.9323501743300        1.33493051427803     
   39.3000000000000        39.9325323202995        1.33493660338152     
   39.4000000000000        39.9327144465545        1.33494269182596     
   39.5000000000000        39.9328965530283        1.33494877960911     
   39.6000000000000        39.9330786396674        1.33495486672920     
   39.7000000000000        39.9332607105165        1.33496095332142     
   39.8000000000000        39.9334427574464        1.33496703911404     
   39.9000000000000        39.9336247844776        1.33497312424144     
   40.0000000000000        39.9338067916175        1.33497920870388     
