 # applied field (T), theta (degree), phi (degree), abs for RE 3-4
     0.00000     0.00000     0.00000     0.00329     0.00000     0.00000     0.00329
     0.10000    90.00000   234.60818     0.10405    90.00000   140.90611     0.07836
     0.20000    90.00000   180.00000     0.11148    90.00000   180.00000     0.05061
     0.30000    90.00000   180.00000     0.11135    90.00000   180.00000     0.05050
     0.40000    90.00000   180.00000     0.11121    90.00000   180.00000     0.05039
     0.50000    90.00000   180.00000     0.11108    90.00000   180.00000     0.05028
     0.60000    90.00000   180.00000     0.11094    90.00000   180.00000     0.05017
     0.70000    90.00000   180.00000     0.11081    90.00000   180.00000     0.05005
     0.80000    90.00000   180.00000     0.11067    90.00000   180.00000     0.04994
     0.90000    90.00000   180.00000     0.11053    90.00000   180.00000     0.04983
     1.00000    90.00000   180.00000     0.11040    90.00000   180.00000     0.04972
     1.10000    90.00000   180.00000     0.11026    90.00000   180.00000     0.04961
     1.20000    90.00000   180.00000     0.11013    90.00000   180.00000     0.04950
     1.30000    90.00000   180.00000     0.10999    90.00000   180.00000     0.04939
     1.40000    90.00000   180.00000     0.10986    90.00000   180.00000     0.04928
     1.50000    90.00000   180.00000     0.10972    90.00000   180.00000     0.04917
     1.60000    90.00000   180.00000     0.10959    90.00000   180.00000     0.04906
     1.70000    90.00000   180.00000     0.10946    90.00000   180.00000     0.04895
     1.80000    90.00000   180.00000     0.10932    90.00000   180.00000     0.04884
     1.90000    90.00000   180.00000     0.10919    90.00000   180.00000     0.04873
     2.00000    90.00000   180.00000     0.10905    90.00000   180.00000     0.04862
     2.10000    90.00000   180.00000     0.10892    90.00000   180.00000     0.04850
     2.20000    90.00000   180.00000     0.10878    90.00000   180.00000     0.04839
     2.30000    90.00000   180.00000     0.10865    90.00000   180.00000     0.04828
     2.40000    90.00000   180.00000     0.10851    90.00000   180.00000     0.04817
     2.50000    90.00000   180.00000     0.10838    90.00000   180.00000     0.04806
     2.60000    90.00000   180.00000     0.10824    90.00000   180.00000     0.04795
     2.70000    90.00000   180.00000     0.10811    90.00000   180.00000     0.04784
     2.80000    90.00000   180.00000     0.10797    90.00000   180.00000     0.04773
     2.90000    90.00000   180.00000     0.10784    90.00000   180.00000     0.04762
     3.00000    90.00000   180.00000     0.10770    90.00000   180.00000     0.04751
     3.10000    90.00000   180.00000     0.10757    90.00000   180.00000     0.04740
     3.20000    90.00000   180.00000     0.10744    90.00000   180.00000     0.04729
     3.30000    90.00000   180.00000     0.10730    90.00000   180.00000     0.04718
     3.40000    90.00000   180.00000     0.10717    90.00000   180.00000     0.04707
     3.50000    90.00000   180.00000     0.10703    90.00000   180.00000     0.04696
     3.60000    90.00000   180.00000     0.10690    90.00000   180.00000     0.04685
     3.70000    90.00000   180.00000     0.10676    90.00000   180.00000     0.04674
     3.80000    90.00000   180.00000     0.10663    90.00000   180.00000     0.04663
     3.90000    90.00000   180.00000     0.10650    90.00000   180.00000     0.04652
     4.00000    90.00000   180.00000     0.10636    90.00000   180.00000     0.04641
     4.10000    90.00000   180.00000     0.10623    90.00000   180.00000     0.04630
     4.20000    90.00000   180.00000     0.10609    90.00000   180.00000     0.04619
     4.30000    90.00000   180.00000     0.10596    90.00000   180.00000     0.04608
     4.40000    90.00000   180.00000     0.10582    90.00000   180.00000     0.04597
     4.50000    90.00000   180.00000     0.10569    90.00000   180.00000     0.04586
     4.60000    90.00000   180.00000     0.10556    90.00000   180.00000     0.04575
     4.70000    90.00000   180.00000     0.10542    90.00000   180.00000     0.04564
     4.80000    90.00000   180.00000     0.10529    90.00000   180.00000     0.04553
     4.90000    90.00000   180.00000     0.10515    90.00000   180.00000     0.04542
     5.00000    90.00000   180.00000     0.10502    90.00000   180.00000     0.04531
     5.10000    90.00000   180.00000     0.10489    90.00000   180.00000     0.04520
     5.20000    90.00000   180.00000     0.10475    90.00000   180.00000     0.04509
     5.30000    90.00000   180.00000     0.10462    90.00000   180.00000     0.04498
     5.40000    90.00000   180.00000     0.10449    90.00000   180.00000     0.04487
     5.50000    90.00000   180.00000     0.10435    90.00000   180.00000     0.04476
     5.60000    90.00000   180.00000     0.10422    90.00000   180.00000     0.04465
     5.70000    90.00000   180.00000     0.10408    90.00000   180.00000     0.04454
     5.80000    90.00000   180.00000     0.10395    90.00000   180.00000     0.04443
     5.90000    90.00000   180.00000     0.10382    90.00000   180.00000     0.04432
     6.00000    90.00000   180.00000     0.10368    90.00000   180.00000     0.04421
     6.10000    90.00000   180.00000     0.10355    90.00000   180.00000     0.04410
     6.20000    90.00000   180.00000     0.10342    90.00000   180.00000     0.04399
     6.30000    90.00000   180.00000     0.10328    90.00000   180.00000     0.04388
     6.40000    90.00000   180.00000     0.10315    90.00000   180.00000     0.04377
     6.50000    90.00000   180.00000     0.10302    90.00000   180.00000     0.04366
     6.60000    90.00000   180.00000     0.10288    90.00000   180.00000     0.04355
     6.70000    90.00000   180.00000     0.10275    90.00000   180.00000     0.04344
     6.80000    90.00000   180.00000     0.10262    90.00000   180.00000     0.04333
     6.90000    90.00000   180.00000     0.10248    90.00000   180.00000     0.04322
     7.00000    90.00000   180.00000     0.10235    90.00000   180.00000     0.04311
     7.10000    90.00000   180.00000     0.10222    90.00000   180.00000     0.04300
     7.20000    90.00000   180.00000     0.10208    90.00000   180.00000     0.04289
     7.30000    90.00000   180.00000     0.10195    90.00000   180.00000     0.04278
     7.40000    90.00000   180.00000     0.10182    90.00000   180.00000     0.04267
     7.50000    90.00000   180.00000     0.10168    90.00000   180.00000     0.04256
     7.60000    90.00000   180.00000     0.10155    90.00000   180.00000     0.04245
     7.70000    90.00000   180.00000     0.10142    90.00000   180.00000     0.04234
     7.80000    90.00000   180.00000     0.10128    90.00000   180.00000     0.04223
     7.90000    90.00000   180.00000     0.10115    90.00000   180.00000     0.04212
     8.00000    90.00000   180.00000     0.10102    90.00000   180.00000     0.04201
     8.10000    90.00000   180.00000     0.10089    90.00000   180.00000     0.04190
     8.20000    90.00000   180.00000     0.10075    90.00000   180.00000     0.04179
     8.30000    90.00000   180.00000     0.10062    90.00000   180.00000     0.04168
     8.40000    90.00000   180.00000     0.10049    90.00000   180.00000     0.04157
     8.50000    90.00000   180.00000     0.10035    90.00000   180.00000     0.04146
     8.60000    90.00000   180.00000     0.10022    90.00000   180.00000     0.04135
     8.70000    90.00000   180.00000     0.10009    90.00000   180.00000     0.04124
     8.80000    90.00000   180.00000     0.09996    90.00000   180.00000     0.04113
     8.90000    90.00000   180.00000     0.09982    90.00000   180.00000     0.04102
     9.00000    90.00000   180.00000     0.09969    90.00000   180.00000     0.04091
     9.10000    90.00000   180.00000     0.09956    90.00000   180.00000     0.04080
     9.20000    90.00000   180.00000     0.09942    90.00000   180.00000     0.04069
     9.30000    90.00000   180.00000     0.09929    90.00000   180.00000     0.04059
     9.40000    90.00000   180.00000     0.09916    90.00000   180.00000     0.04048
     9.50000    90.00000   180.00000     0.09903    90.00000   180.00000     0.04037
     9.60000    90.00000   180.00000     0.09889    90.00000   180.00000     0.04026
     9.70000    90.00000   180.00000     0.09876    90.00000   180.00000     0.04015
     9.80000    90.00000   180.00000     0.09863    90.00000   180.00000     0.04004
     9.90000    90.00000   180.00000     0.09850    90.00000   180.00000     0.03993
    10.00000    90.00000   180.00000     0.09836    90.00000   180.00000     0.03982
    10.10000    90.00000   180.00000     0.09823    90.00000   180.00000     0.03971
    10.20000    90.00000   180.00000     0.09810    90.00000   180.00000     0.03960
    10.30000    90.00000   180.00000     0.09797    90.00000   180.00000     0.03949
    10.40000    90.00000   180.00000     0.09784    90.00000   180.00000     0.03938
    10.50000    90.00000   180.00000     0.09770    90.00000   180.00000     0.03927
    10.60000    90.00000   180.00000     0.09757    90.00000   180.00000     0.03916
    10.70000    90.00000   180.00000     0.09744    90.00000   180.00000     0.03905
    10.80000    90.00000   180.00000     0.09731    90.00000   180.00000     0.03895
    10.90000    90.00000   180.00000     0.09717    90.00000   180.00000     0.03884
    11.00000    90.00000   180.00000     0.09704    90.00000   180.00000     0.03873
    11.10000    90.00000   180.00000     0.09691    90.00000   180.00000     0.03862
    11.20000    90.00000   180.00000     0.09678    90.00000   180.00000     0.03851
    11.30000    90.00000   180.00000     0.09665    90.00000   180.00000     0.03840
    11.40000    90.00000   180.00000     0.09651    90.00000   180.00000     0.03829
    11.50000    90.00000   180.00000     0.09638    90.00000   180.00000     0.03818
    11.60000    90.00000   180.00000     0.09625    90.00000   180.00000     0.03807
    11.70000    90.00000   180.00000     0.09612    90.00000   180.00000     0.03796
    11.80000    90.00000   180.00000     0.09599    90.00000   180.00000     0.03785
    11.90000    90.00000   180.00000     0.09585    90.00000   180.00000     0.03774
    12.00000    90.00000   180.00000     0.09572    90.00000   180.00000     0.03764
    12.10000    90.00000   180.00000     0.09559    90.00000   180.00000     0.03753
    12.20000    90.00000   180.00000     0.09546    90.00000   180.00000     0.03742
    12.30000    90.00000   180.00000     0.09533    90.00000   180.00000     0.03731
    12.40000    90.00000   180.00000     0.09520    90.00000   180.00000     0.03720
    12.50000    90.00000   180.00000     0.09506    90.00000   180.00000     0.03709
    12.60000    90.00000   180.00000     0.09493    90.00000   180.00000     0.03698
    12.70000    90.00000   180.00000     0.09480    90.00000   180.00000     0.03687
    12.80000    90.00000   180.00000     0.09467    90.00000   180.00000     0.03676
    12.90000    90.00000   180.00000     0.09454    90.00000   180.00000     0.03665
    13.00000    90.00000   180.00000     0.09441    90.00000   180.00000     0.03655
    13.10000    90.00000   180.00000     0.09428    90.00000   180.00000     0.03644
    13.20000    90.00000   180.00000     0.09414    90.00000   180.00000     0.03633
    13.30000    90.00000   180.00000     0.09401    90.00000   180.00000     0.03622
    13.40000    90.00000   180.00000     0.09388    90.00000   180.00000     0.03611
    13.50000    90.00000   180.00000     0.09375    90.00000   180.00000     0.03600
    13.60000    90.00000   180.00000     0.09362    90.00000   180.00000     0.03589
    13.70000    90.00000   180.00000     0.09349    90.00000   180.00000     0.03578
    13.80000    90.00000   180.00000     0.09336    90.00000   180.00000     0.03568
    13.90000    90.00000   180.00000     0.09322    90.00000   180.00000     0.03557
    14.00000    90.00000   180.00000     0.09309    90.00000   180.00000     0.03546
    14.10000    90.00000   180.00000     0.09296    90.00000   180.00000     0.03535
    14.20000    90.00000   180.00000     0.09283    90.00000   180.00000     0.03524
    14.30000    90.00000   180.00000     0.09270    90.00000   180.00000     0.03513
    14.40000    90.00000   180.00000     0.09257    90.00000   180.00000     0.03502
    14.50000    90.00000   180.00000     0.09244    90.00000   180.00000     0.03491
    14.60000    90.00000   180.00000     0.09231    90.00000   180.00000     0.03481
    14.70000    90.00000   180.00000     0.09218    90.00000   180.00000     0.03470
    14.80000    90.00000   180.00000     0.09204    90.00000   180.00000     0.03459
    14.90000    90.00000   180.00000     0.09191    90.00000   180.00000     0.03448
    15.00000    90.00000   180.00000     0.09178    90.00000   180.00000     0.03437
    15.10000    90.00000   180.00000     0.09165    90.00000   180.00000     0.03426
    15.20000    90.00000   180.00000     0.09152    90.00000   180.00000     0.03415
    15.30000    90.00000   180.00000     0.09139    90.00000   180.00000     0.03405
    15.40000    90.00000   180.00000     0.09126    90.00000   180.00000     0.03394
    15.50000    90.00000   180.00000     0.09113    90.00000   180.00000     0.03383
    15.60000    90.00000   180.00000     0.09100    90.00000   180.00000     0.03372
    15.70000    90.00000   180.00000     0.09087    90.00000   180.00000     0.03361
    15.80000    90.00000   180.00000     0.09074    90.00000   180.00000     0.03350
    15.90000    90.00000   180.00000     0.09061    90.00000   180.00000     0.03339
    16.00000    90.00000   180.00000     0.09048    90.00000   180.00000     0.03329
    16.10000    90.00000   180.00000     0.09034    90.00000   180.00000     0.03318
    16.20000    90.00000   180.00000     0.09021    90.00000   180.00000     0.03307
    16.30000    90.00000   180.00000     0.09008    90.00000   180.00000     0.03296
    16.40000    90.00000   180.00000     0.08995    90.00000   180.00000     0.03285
    16.50000    90.00000   180.00000     0.08982    90.00000   180.00000     0.03274
    16.60000    90.00000   180.00000     0.08969    90.00000   180.00000     0.03264
    16.70000    90.00000   180.00000     0.08956    90.00000   180.00000     0.03253
    16.80000    90.00000   180.00000     0.08943    90.00000   180.00000     0.03242
    16.90000    90.00000   180.00000     0.08930    90.00000   180.00000     0.03231
    17.00000    90.00000   180.00000     0.08917    90.00000   180.00000     0.03220
    17.10000    90.00000   180.00000     0.08904    90.00000   180.00000     0.03209
    17.20000    90.00000   180.00000     0.08891    90.00000   180.00000     0.03199
    17.30000    90.00000   180.00000     0.08878    90.00000   180.00000     0.03188
    17.40000    90.00000   180.00000     0.08865    90.00000   180.00000     0.03177
    17.50000    90.00000   180.00000     0.08852    90.00000   180.00000     0.03166
    17.60000    90.00000   180.00000     0.08839    90.00000   180.00000     0.03155
    17.70000    90.00000   180.00000     0.08826    90.00000   180.00000     0.03144
    17.80000    90.00000   180.00000     0.08813    90.00000   180.00000     0.03134
    17.90000    90.00000   180.00000     0.08800    90.00000   180.00000     0.03123
    18.00000    90.00000   180.00000     0.08787    90.00000   180.00000     0.03112
    18.10000    90.00000   180.00000     0.08774    90.00000   180.00000     0.03101
    18.20000    90.00000   180.00000     0.08761    90.00000   180.00000     0.03090
    18.30000    90.00000   180.00000     0.08748    90.00000   180.00000     0.03080
    18.40000    90.00000   180.00000     0.08735    90.00000   180.00000     0.03069
    18.50000    90.00000   180.00000     0.08722    90.00000   180.00000     0.03058
    18.60000    90.00000   180.00000     0.08709    90.00000   180.00000     0.03047
    18.70000    90.00000   180.00000     0.08696    90.00000   180.00000     0.03036
    18.80000    90.00000   180.00000     0.08683    90.00000   180.00000     0.03026
    18.90000    90.00000   180.00000     0.08670    90.00000   180.00000     0.03015
    19.00000    90.00000   180.00000     0.08657    90.00000   180.00000     0.03004
    19.10000    90.00000   180.00000     0.08644    90.00000   180.00000     0.02993
    19.20000    90.00000   180.00000     0.08631    90.00000   180.00000     0.02982
    19.30000    90.00000   180.00000     0.08618    90.00000   180.00000     0.02972
    19.40000    90.00000   180.00000     0.08605    90.00000   180.00000     0.02961
    19.50000    90.00000   180.00000     0.08592    90.00000   180.00000     0.02950
    19.60000    90.00000   180.00000     0.08579    90.00000   180.00000     0.02939
    19.70000    90.00000   180.00000     0.08566    90.00000   180.00000     0.02928
    19.80000    90.00000   180.00000     0.08553    90.00000   180.00000     0.02918
    19.90000    90.00000   180.00000     0.08540    90.00000   180.00000     0.02907
    20.00000    90.00000   180.00000     0.08527    90.00000   180.00000     0.02896
    20.10000    90.00000   180.00000     0.08514    90.00000   180.00000     0.02885
    20.20000    90.00000   180.00000     0.08501    90.00000   180.00000     0.02874
    20.30000    90.00000   180.00000     0.08488    90.00000   180.00000     0.02864
    20.40000    90.00000   180.00000     0.08476    90.00000   180.00000     0.02853
    20.50000    90.00000   180.00000     0.08463    90.00000   180.00000     0.02842
    20.60000    90.00000   180.00000     0.08450    90.00000   180.00000     0.02831
    20.70000    90.00000   180.00000     0.08437    90.00000   180.00000     0.02821
    20.80000    90.00000   180.00000     0.08424    90.00000   180.00000     0.02810
    20.90000    90.00000   180.00000     0.08411    90.00000   180.00000     0.02799
    21.00000    90.00000   180.00000     0.08398    90.00000   180.00000     0.02788
    21.10000    90.00000   180.00000     0.08385    90.00000   180.00000     0.02778
    21.20000    90.00000   180.00000     0.08372    90.00000   180.00000     0.02767
    21.30000    90.00000   180.00000     0.08359    90.00000   180.00000     0.02756
    21.40000    90.00000   180.00000     0.08346    90.00000   180.00000     0.02745
    21.50000    90.00000   180.00000     0.08333    90.00000   180.00000     0.02734
    21.60000    90.00000   180.00000     0.08320    90.00000   180.00000     0.02724
    21.70000    90.00000   180.00000     0.08308    90.00000   180.00000     0.02713
    21.80000    90.00000   180.00000     0.08295    90.00000   180.00000     0.02702
    21.90000    90.00000   180.00000     0.08282    90.00000   180.00000     0.02691
    22.00000    90.00000   180.00000     0.08269    90.00000   180.00000     0.02681
    22.10000    90.00000   180.00000     0.08256    90.00000   180.00000     0.02670
    22.20000    90.00000   180.00000     0.08243    90.00000   180.00000     0.02659
    22.30000    90.00000   180.00000     0.08230    90.00000   180.00000     0.02648
    22.40000    90.00000   180.00000     0.08217    90.00000   180.00000     0.02638
    22.50000    90.00000   180.00000     0.08204    90.00000   180.00000     0.02627
    22.60000    90.00000   180.00000     0.08192    90.00000   180.00000     0.02616
    22.70000    90.00000   180.00000     0.08179    90.00000   180.00000     0.02605
    22.80000    90.00000   180.00000     0.08166    90.00000   180.00000     0.02595
    22.90000    90.00000   180.00000     0.08153    90.00000   180.00000     0.02584
    23.00000    90.00000   180.00000     0.08140    90.00000   180.00000     0.02573
    23.10000    90.00000   180.00000     0.08127    90.00000   180.00000     0.02562
    23.20000    90.00000   180.00000     0.08114    90.00000   180.00000     0.02552
    23.30000    90.00000   180.00000     0.08102    90.00000   180.00000     0.02541
    23.40000    90.00000   180.00000     0.08089    90.00000   180.00000     0.02530
    23.50000    90.00000   180.00000     0.08076    90.00000   180.00000     0.02520
    23.60000    90.00000   180.00000     0.08063    90.00000   180.00000     0.02509
    23.70000    90.00000   180.00000     0.08050    90.00000   180.00000     0.02498
    23.80000    90.00000   180.00000     0.08037    90.00000   180.00000     0.02487
    23.90000    90.00000   180.00000     0.08024    90.00000   180.00000     0.02477
    24.00000    90.00000   180.00000     0.08012    90.00000   180.00000     0.02466
    24.10000    90.00000   180.00000     0.07999    90.00000   180.00000     0.02455
    24.20000    90.00000   180.00000     0.07986    90.00000   180.00000     0.02444
    24.30000    90.00000   180.00000     0.07973    90.00000   180.00000     0.02434
    24.40000    90.00000   180.00000     0.07960    90.00000   180.00000     0.02423
    24.50000    90.00000   180.00000     0.07947    90.00000   180.00000     0.02412
    24.60000    90.00000   180.00000     0.07935    90.00000   180.00000     0.02402
    24.70000    90.00000   180.00000     0.07922    90.00000   180.00000     0.02391
    24.80000    90.00000   180.00000     0.07909    90.00000   180.00000     0.02380
    24.90000    90.00000   180.00000     0.07896    90.00000   180.00000     0.02369
    25.00000    90.00000   180.00000     0.07883    90.00000   180.00000     0.02359
    25.10000    90.00000   180.00000     0.07870    90.00000   180.00000     0.02348
    25.20000    90.00000   180.00000     0.07858    90.00000   180.00000     0.02337
    25.30000    90.00000   180.00000     0.07845    90.00000   180.00000     0.02327
    25.40000    90.00000   180.00000     0.07832    90.00000   180.00000     0.02316
    25.50000    90.00000   180.00000     0.07819    90.00000   180.00000     0.02305
    25.60000    90.00000   180.00000     0.07806    90.00000   180.00000     0.02294
    25.70000    90.00000   180.00000     0.07794    90.00000   180.00000     0.02284
    25.80000    90.00000   180.00000     0.07781    90.00000   180.00000     0.02273
    25.90000    90.00000   180.00000     0.07768    90.00000   180.00000     0.02262
    26.00000    90.00000   180.00000     0.07755    90.00000   180.00000     0.02252
    26.10000    90.00000   180.00000     0.07743    90.00000   180.00000     0.02241
    26.20000    90.00000   180.00000     0.07730    90.00000   180.00000     0.02230
    26.30000    90.00000   180.00000     0.07717    90.00000   180.00000     0.02220
    26.40000    90.00000   180.00000     0.07704    90.00000   180.00000     0.02209
    26.50000    90.00000   180.00000     0.07691    90.00000   180.00000     0.02198
    26.60000    90.00000   180.00000     0.07679    90.00000   180.00000     0.02187
    26.70000    90.00000   180.00000     0.07666    90.00000   180.00000     0.02177
    26.80000    90.00000   180.00000     0.07653    90.00000   180.00000     0.02166
    26.90000    90.00000   180.00000     0.07640    90.00000   180.00000     0.02155
    27.00000    90.00000   180.00000     0.07628    90.00000   180.00000     0.02145
    27.10000    90.00000   180.00000     0.07615    90.00000   180.00000     0.02134
    27.20000    90.00000   180.00000     0.07602    90.00000   180.00000     0.02123
    27.30000    90.00000   180.00000     0.07589    90.00000   180.00000     0.02113
    27.40000    90.00000   180.00000     0.07577    90.00000   180.00000     0.02102
    27.50000    90.00000   180.00000     0.07564    90.00000   180.00000     0.02091
    27.60000    90.00000   180.00000     0.07551    90.00000   180.00000     0.02081
    27.70000    90.00000   180.00000     0.07538    90.00000   180.00000     0.02070
    27.80000    90.00000   180.00000     0.07526    90.00000   180.00000     0.02059
    27.90000    90.00000   180.00000     0.07513    90.00000   180.00000     0.02049
    28.00000    90.00000   180.00000     0.07500    90.00000   180.00000     0.02038
    28.10000    90.00000   180.00000     0.07487    90.00000   180.00000     0.02027
    28.20000    90.00000   180.00000     0.07475    90.00000   180.00000     0.02017
    28.30000    90.00000   180.00000     0.07462    90.00000   180.00000     0.02006
    28.40000    90.00000   180.00000     0.07449    90.00000   180.00000     0.01995
    28.50000    90.00000   180.00000     0.07437    90.00000   180.00000     0.01985
    28.60000    90.00000   180.00000     0.07424    90.00000   180.00000     0.01974
    28.70000    90.00000   180.00000     0.07411    90.00000   180.00000     0.01963
    28.80000    90.00000   180.00000     0.07398    90.00000   180.00000     0.01953
    28.90000    90.00000   180.00000     0.07386    90.00000   180.00000     0.01942
    29.00000    90.00000   180.00000     0.07373    90.00000   180.00000     0.01931
    29.10000    90.00000   180.00000     0.07360    90.00000   180.00000     0.01921
    29.20000    90.00000   180.00000     0.07348    90.00000   180.00000     0.01910
    29.30000    90.00000   180.00000     0.07335    90.00000   180.00000     0.01899
    29.40000    90.00000   180.00000     0.07322    90.00000   180.00000     0.01889
    29.50000    90.00000   180.00000     0.07309    90.00000   180.00000     0.01878
    29.60000    90.00000   180.00000     0.07297    90.00000   180.00000     0.01867
    29.70000    90.00000   180.00000     0.07284    90.00000   180.00000     0.01857
    29.80000    90.00000   180.00000     0.07271    90.00000   180.00000     0.01846
    29.90000    90.00000   180.00000     0.07259    90.00000   180.00000     0.01836
    30.00000    90.00000   180.00000     0.07246    90.00000   180.00000     0.01825
    30.10000    90.00000   180.00000     0.07233    90.00000   180.00000     0.01814
    30.20000    90.00000   180.00000     0.07221    90.00000   180.00000     0.01804
    30.30000    90.00000   180.00000     0.07208    90.00000   180.00000     0.01793
    30.40000    90.00000   180.00000     0.07195    90.00000   180.00000     0.01782
    30.50000    90.00000   180.00000     0.07183    90.00000   180.00000     0.01772
    30.60000    90.00000   180.00000     0.07170    90.00000   180.00000     0.01761
    30.70000    90.00000   180.00000     0.07157    90.00000   180.00000     0.01750
    30.80000    90.00000   180.00000     0.07145    90.00000   180.00000     0.01740
    30.90000    90.00000   180.00000     0.07132    90.00000   180.00000     0.01729
    31.00000    90.00000   180.00000     0.07119    90.00000   180.00000     0.01719
    31.10000    90.00000   180.00000     0.07107    90.00000   180.00000     0.01708
    31.20000    90.00000   180.00000     0.07094    90.00000   180.00000     0.01697
    31.30000    90.00000   180.00000     0.07081    90.00000   180.00000     0.01687
    31.40000    90.00000   180.00000     0.07069    90.00000   180.00000     0.01676
    31.50000    90.00000   180.00000     0.07056    90.00000   180.00000     0.01665
    31.60000    90.00000   180.00000     0.07043    90.00000   180.00000     0.01655
    31.70000    90.00000   180.00000     0.07031    90.00000   180.00000     0.01644
    31.80000    90.00000   180.00000     0.07018    90.00000   180.00000     0.01634
    31.90000    90.00000   180.00000     0.07006    90.00000   180.00000     0.01623
    32.00000    90.00000   180.00000     0.06993    90.00000   180.00000     0.01612
    32.10000    90.00000   180.00000     0.06980    90.00000   180.00000     0.01602
    32.20000    90.00000   180.00000     0.06968    90.00000   180.00000     0.01591
    32.30000    90.00000   180.00000     0.06955    90.00000   180.00000     0.01581
    32.40000    90.00000   180.00000     0.06942    90.00000   180.00000     0.01570
    32.50000    90.00000   180.00000     0.06930    90.00000   180.00000     0.01559
    32.60000    90.00000   180.00000     0.06917    90.00000   180.00000     0.01549
    32.70000    90.00000   180.00000     0.06905    90.00000   180.00000     0.01538
    32.80000    90.00000   180.00000     0.06892    90.00000   180.00000     0.01528
    32.90000    90.00000   180.00000     0.06879    90.00000   180.00000     0.01517
    33.00000    90.00000   180.00000     0.06867    90.00000   180.00000     0.01506
    33.10000    90.00000   180.00000     0.06854    90.00000   180.00000     0.01496
    33.20000    90.00000   180.00000     0.06842    90.00000   180.00000     0.01485
    33.30000    90.00000   180.00000     0.06829    90.00000   180.00000     0.01475
    33.40000    90.00000   180.00000     0.06816    90.00000   180.00000     0.01464
    33.50000    90.00000   180.00000     0.06804    90.00000   180.00000     0.01453
    33.60000    90.00000   180.00000     0.06791    90.00000   180.00000     0.01443
    33.70000    90.00000   180.00000     0.06779    90.00000   180.00000     0.01432
    33.80000    90.00000   180.00000     0.06766    90.00000   180.00000     0.01422
    33.90000    90.00000   180.00000     0.06754    90.00000   180.00000     0.01411
    34.00000    90.00000   180.00000     0.06741    90.00000   180.00000     0.01400
    34.10000    90.00000   180.00000     0.06728    90.00000   180.00000     0.01390
    34.20000    90.00000   180.00000     0.06716    90.00000   180.00000     0.01379
    34.30000    90.00000   180.00000     0.06703    90.00000   180.00000     0.01369
    34.40000    90.00000   180.00000     0.06691    90.00000   180.00000     0.01358
    34.50000    90.00000   180.00000     0.06678    90.00000   180.00000     0.01348
    34.60000    90.00000   180.00000     0.06666    90.00000   180.00000     0.01337
    34.70000    90.00000   180.00000     0.06653    90.00000   180.00000     0.01326
    34.80000    90.00000   180.00000     0.06640    90.00000   180.00000     0.01316
    34.90000    90.00000   180.00000     0.06628    90.00000   180.00000     0.01305
    35.00000    90.00000   180.00000     0.06615    90.00000   180.00000     0.01295
    35.10000    90.00000   180.00000     0.06603    90.00000   180.00000     0.01284
    35.20000    90.00000   180.00000     0.06590    90.00000   180.00000     0.01274
    35.30000    90.00000   180.00000     0.06578    90.00000   180.00000     0.01263
    35.40000    90.00000   180.00000     0.06565    90.00000   180.00000     0.01252
    35.50000    90.00000   180.00000     0.06553    90.00000   180.00000     0.01242
    35.60000    90.00000   180.00000     0.06540    90.00000   180.00000     0.01231
    35.70000    90.00000   180.00000     0.06528    90.00000   180.00000     0.01221
    35.80000    90.00000   180.00000     0.06515    90.00000   180.00000     0.01210
    35.90000    90.00000   180.00000     0.06503    90.00000   180.00000     0.01200
    36.00000    90.00000   180.00000     0.06490    90.00000   180.00000     0.01189
    36.10000    90.00000   180.00000     0.06477    90.00000   180.00000     0.01179
    36.20000    90.00000   180.00000     0.06465    90.00000   180.00000     0.01168
    36.30000    90.00000   180.00000     0.06452    90.00000   180.00000     0.01157
    36.40000    90.00000   180.00000     0.06440    90.00000   180.00000     0.01147
    36.50000    90.00000   180.00000     0.06427    90.00000   180.00000     0.01136
    36.60000    90.00000   180.00000     0.06415    90.00000   180.00000     0.01126
    36.70000    90.00000   180.00000     0.06402    90.00000   180.00000     0.01115
    36.80000    90.00000   180.00000     0.06390    90.00000   180.00000     0.01105
    36.90000    90.00000   180.00000     0.06377    90.00000   180.00000     0.01094
    37.00000    90.00000   180.00000     0.06365    90.00000   180.00000     0.01084
    37.10000    90.00000   180.00000     0.06352    90.00000   180.00000     0.01073
    37.20000    90.00000   180.00000     0.06340    90.00000   180.00000     0.01062
    37.30000    90.00000   180.00000     0.06327    90.00000   180.00000     0.01052
    37.40000    90.00000   180.00000     0.06315    90.00000   180.00000     0.01041
    37.50000    90.00000   180.00000     0.06302    90.00000   180.00000     0.01031
    37.60000    90.00000   180.00000     0.06290    90.00000   180.00000     0.01020
    37.70000    90.00000   180.00000     0.06277    90.00000   180.00000     0.01010
    37.80000    90.00000   180.00000     0.06265    90.00000   180.00000     0.00999
    37.90000    90.00000   180.00000     0.06252    90.00000   180.00000     0.00989
    38.00000    90.00000   180.00000     0.06240    90.00000   180.00000     0.00978
    38.10000    90.00000   180.00000     0.06228    90.00000   180.00000     0.00968
    38.20000    90.00000   180.00000     0.06215    90.00000   180.00000     0.00957
    38.30000    90.00000   180.00000     0.06203    90.00000   180.00000     0.00947
    38.40000    90.00000   180.00000     0.06190    90.00000   180.00000     0.00936
    38.50000    90.00000   180.00000     0.06178    90.00000   180.00000     0.00926
    38.60000    90.00000   180.00000     0.06165    90.00000   180.00000     0.00915
    38.70000    90.00000   180.00000     0.06153    90.00000   180.00000     0.00905
    38.80000    90.00000   180.00000     0.06140    90.00000   180.00000     0.00894
    38.90000    90.00000   180.00000     0.06128    90.00000   180.00000     0.00884
    39.00000    90.00000   180.00000     0.06115    90.00000   180.00000     0.00873
    39.10000    90.00000   180.00000     0.06103    90.00000   180.00000     0.00863
    39.20000    90.00000   180.00000     0.06091    90.00000   180.00000     0.00852
    39.30000    90.00000   180.00000     0.06078    90.00000   180.00000     0.00841
    39.40000    90.00000   180.00000     0.06066    90.00000   180.00000     0.00831
    39.50000    90.00000   180.00000     0.06053    90.00000   180.00000     0.00820
    39.60000    90.00000   180.00000     0.06041    90.00000   180.00000     0.00810
    39.70000    90.00000   180.00000     0.06028    90.00000   180.00000     0.00799
    39.80000    90.00000   180.00000     0.06016    90.00000   180.00000     0.00789
    39.90000    90.00000   180.00000     0.06003    90.00000   180.00000     0.00778
    40.00000    90.00000   180.00000     0.05991    90.00000   180.00000     0.00768
