 # applied field (T), magnetization (2 f.u.), magnetization (T)
  0.000000000000000E+000  1.198291245063953E-015  4.172781319493151E-017
  0.100000000000000       0.821612849110595       2.861083031981310E-002
  0.200000000000000        1.60553622897903       5.590920914802829E-002
  0.300000000000000        2.42600625082378       8.448024306370362E-002
  0.400000000000000        3.24530739918936       0.113010573574102     
  0.500000000000000        4.06304488094463       0.141486452891201     
  0.600000000000000        4.87882461760607       0.169894158112984     
  0.700000000000000        5.69225342588047       0.198219997510432     
  0.800000000000000        6.50293919808929       0.226450316810405     
  0.900000000000000        7.34709724668466       0.255846233290548     
   1.00000000000000        8.15095651846824       0.283838834977468     
   1.10000000000000        8.98712816707035       0.312956642935670     
   1.20000000000000        9.81856512969142       0.341909576041479     
   1.30000000000000        10.6806105219392       0.371928379267689     
   1.40000000000000        11.5365280901857       0.401733794725051     
   1.50000000000000        12.3858259997718       0.431308695371316     
   1.60000000000000        13.2280160505335       0.460636080727402     
   1.70000000000000        14.0971994305380       0.490903448416490     
   1.80000000000000        14.9576025339055       0.520865062604654     
   1.90000000000000        15.8425135528559       0.551680110152571     
   2.00000000000000        16.7501364607675       0.583286048449111     
   2.10000000000000        17.6455855633139       0.614468061194792     
   2.20000000000000        18.5606277538834       0.646332359420160     
   2.30000000000000        19.4930277496523       0.678801104399036     
   2.40000000000000        20.4403484636294       0.711789430026345     
   2.50000000000000        21.3999421799286       0.745205135516732     
   2.60000000000000        22.3689423523338       0.778948399807896     
   2.70000000000000        23.3442561711490       0.812911522717789     
   2.80000000000000        24.3509011342968       0.847965682671705     
   2.90000000000000        25.3826343638515       0.883893485405142     
   3.00000000000000        26.4589086021586       0.921372329173376     
   3.10000000000000        27.5434306320823       0.959138383842355     
   3.20000000000000        28.6514660202526       0.997723238635714     
   3.30000000000000        29.8144665498892        1.03822213157696     
   3.40000000000000        31.0075512720416        1.07976863925344     
   3.50000000000000        32.2586560507345        1.12333556566438     
   3.60000000000000        33.5642281156058        1.16879919352604     
   3.70000000000000        34.9433545553387        1.21682418802251     
   3.80000000000000        36.4127514528993        1.26799264936544     
   3.90000000000000        37.3566027472090        1.30086016021056     
   4.00000000000000        37.3568713004513        1.30086951197673     
   4.10000000000000        37.3571398318317        1.30087886298160     
   4.20000000000000        37.3574083413589        1.30088821322550     
   4.30000000000000        37.3576768290421        1.30089756270872     
   4.40000000000000        37.3579452948902        1.30090691143158     
   4.50000000000000        37.3582137389122        1.30091625939440     
   4.60000000000000        37.3584821611170        1.30092560659748     
   4.70000000000000        37.3587505615137        1.30093495304114     
   4.80000000000000        37.3590189401112        1.30094429872570     
   4.90000000000000        37.3592872969186        1.30095364365146     
   5.00000000000000        37.3595556319447        1.30096298781874     
   5.10000000000000        37.3598239451986        1.30097233122785     
   5.20000000000000        37.3600922366892        1.30098167387910     
   5.30000000000000        37.3603605064256        1.30099101577282     
   5.40000000000000        37.3606287544167        1.30100035690930     
   5.50000000000000        37.3608969806716        1.30100969728886     
   5.60000000000000        37.3611651851991        1.30101903691182     
   5.70000000000000        37.3614333680083        1.30102837577848     
   5.80000000000000        37.3617015291082        1.30103771388917     
   5.90000000000000        37.3619696685077        1.30104705124419     
   6.00000000000000        37.3622377862159        1.30105638784386     
   6.10000000000000        37.3625058822417        1.30106572368849     
   6.20000000000000        37.3627739565942        1.30107505877839     
   6.30000000000000        37.3630420092822        1.30108439311388     
   6.40000000000000        37.3633100403149        1.30109372669527     
   6.50000000000000        37.3635780497011        1.30110305952287     
   6.60000000000000        37.3638460374500        1.30111239159699     
   6.70000000000000        37.3641140035704        1.30112172291795     
   6.80000000000000        37.3643819480714        1.30113105348607     
   6.90000000000000        37.3646498709619        1.30114038330165     
   7.00000000000000        37.3649177722510        1.30114971236500     
   7.10000000000000        37.3651856519476        1.30115904067645     
   7.20000000000000        37.3654535100608        1.30116836823631     
   7.30000000000000        37.3657213465995        1.30117769504488     
   7.40000000000000        37.3659891615728        1.30118702110248     
   7.50000000000000        37.3662569549895        1.30119634640942     
   7.60000000000000        37.3665247268588        1.30120567096603     
   7.70000000000000        37.3667924771896        1.30121499477260     
   7.80000000000000        37.3670602059910        1.30122431782945     
   7.90000000000000        37.3673279132718        1.30123364013691     
   8.00000000000000        37.3675955990411        1.30124296169527     
   8.10000000000000        37.3678632633080        1.30125228250486     
   8.20000000000000        37.3681309060813        1.30126160256598     
   8.30000000000000        37.3683985273702        1.30127092187896     
   8.40000000000000        37.3686661271836        1.30128024044410     
   8.50000000000000        37.3689337055304        1.30128955826172     
   8.60000000000000        37.3692012624198        1.30129887533212     
   8.70000000000000        37.3694687978607        1.30130819165564     
   8.80000000000000        37.3697363118621        1.30131750723257     
   8.90000000000000        37.3700038044331        1.30132682206323     
   9.00000000000000        37.3702712755825        1.30133613614793     
   9.10000000000000        37.3705387253195        1.30134544948700     
   9.20000000000000        37.3708061536529        1.30135476208073     
   9.30000000000000        37.3710735605920        1.30136407392946     
   9.40000000000000        37.3713409461455        1.30137338503348     
   9.50000000000000        37.3716083103226        1.30138269539311     
   9.60000000000000        37.3718756531323        1.30139200500867     
   9.70000000000000        37.3721429745835        1.30140131388047     
   9.80000000000000        37.3724102746852        1.30141062200882     
   9.90000000000000        37.3726775534466        1.30141992939404     
   10.0000000000000        37.3729448108765        1.30142923603644     
   10.1000000000000        37.3732120469840        1.30143854193634     
   10.2000000000000        37.3734792617781        1.30144784709404     
   10.3000000000000        37.3737464552678        1.30145715150987     
   10.4000000000000        37.3740136274621        1.30146645518413     
   10.5000000000000        37.3742807783700        1.30147575811714     
   10.6000000000000        37.3745479080006        1.30148506030922     
   10.7000000000000        37.3748150163628        1.30149436176067     
   10.8000000000000        37.3750821034657        1.30150366247181     
   10.9000000000000        37.3753491693183        1.30151296244296     
   11.0000000000000        37.3756162139295        1.30152226167443     
   11.1000000000000        37.3758832373085        1.30153156016653     
   11.2000000000000        37.3761502394641        1.30154085791957     
   11.3000000000000        37.3764172204055        1.30155015493388     
   11.4000000000000        37.3766841801416        1.30155945120976     
   11.5000000000000        37.3769511186816        1.30156874674753     
   11.6000000000000        37.3772180360342        1.30157804154750     
   11.7000000000000        37.3774849322087        1.30158733560999     
   11.8000000000000        37.3777518072140        1.30159662893531     
   11.9000000000000        37.3780186610591        1.30160592152377     
   12.0000000000000        37.3782854937530        1.30161521337570     
   12.1000000000000        37.3785523053049        1.30162450449139     
   12.2000000000000        37.3788190957236        1.30163379487117     
   12.3000000000000        37.3790858650182        1.30164308451535     
   12.4000000000000        37.3793526131977        1.30165237342425     
   12.5000000000000        37.3796193402712        1.30166166159817     
   12.6000000000000        37.3798860462477        1.30167094903744     
   12.7000000000000        37.3801527311361        1.30168023574236     
   12.8000000000000        37.3804193949456        1.30168952171326     
   12.9000000000000        37.3806860376850        1.30169880695044     
   13.0000000000000        37.3809526593636        1.30170809145422     
   13.1000000000000        37.3812192599902        1.30171737522492     
   13.2000000000000        37.3814858395739        1.30172665826284     
   13.3000000000000        37.3817523981238        1.30173594056831     
   13.4000000000000        37.3820189356488        1.30174522214163     
   13.5000000000000        37.3822854521580        1.30175450298312     
   13.6000000000000        37.3825519476604        1.30176378309310     
   13.7000000000000        37.3828184221650        1.30177306247188     
   13.8000000000000        37.3830848756809        1.30178234111977     
   13.9000000000000        37.3833513082170        1.30179161903709     
   14.0000000000000        37.3836177197825        1.30180089622416     
   14.1000000000000        37.3838841103864        1.30181017268128     
   14.2000000000000        37.3841504800376        1.30181944840877     
   14.3000000000000        37.3844168287452        1.30182872340695     
   14.4000000000000        37.3846831565182        1.30183799767613     
   14.5000000000000        37.3849494633657        1.30184727121663     
   14.6000000000000        37.3852157492967        1.30185654402875     
   14.7000000000000        37.3854820143203        1.30186581611282     
   14.8000000000000        37.3857482584454        1.30187508746914     
   14.9000000000000        37.3860144816810        1.30188435809804     
   15.0000000000000        37.3862806840364        1.30189362799983     
   15.1000000000000        37.3865468655203        1.30190289717482     
   15.2000000000000        37.3868130261420        1.30191216562333     
   15.3000000000000        37.3870791659104        1.30192143334566     
   15.4000000000000        37.3873452848345        1.30193070034215     
   15.5000000000000        37.3876113829234        1.30193996661309     
   15.6000000000000        37.3878774601862        1.30194923215881     
   15.7000000000000        37.3881435166318        1.30195849697962     
   15.8000000000000        37.3884095522694        1.30196776107584     
   15.9000000000000        37.3886755671079        1.30197702444777     
   16.0000000000000        37.3889415611564        1.30198628709574     
   16.1000000000000        37.3892075344239        1.30199554902005     
   16.2000000000000        37.3894734869194        1.30200481022103     
   16.3000000000000        37.3897394186521        1.30201407069899     
   16.4000000000000        37.3900053296309        1.30202333045424     
   16.5000000000000        37.3902712198649        1.30203258948710     
   16.6000000000000        37.3905370893631        1.30204184779789     
   16.7000000000000        37.3908029381345        1.30205110538691     
   16.8000000000000        37.3910687661883        1.30206036225448     
   16.9000000000000        37.3913345735334        1.30206961840092     
   17.0000000000000        37.3916003601789        1.30207887382654     
   17.1000000000000        37.3918661261338        1.30208812853166     
   17.2000000000000        37.3921318714072        1.30209738251659     
   17.3000000000000        37.3923975960081        1.30210663578165     
   17.4000000000000        37.3926632999456        1.30211588832715     
   17.5000000000000        37.3929289832287        1.30212514015341     
   17.6000000000000        37.3931946458664        1.30213439126074     
   17.7000000000000        37.3934602878679        1.30214364164946     
   17.8000000000000        37.3937259092421        1.30215289131988     
   17.9000000000000        37.3939915099981        1.30216214027232     
   18.0000000000000        37.3942570901449        1.30217138850708     
   18.1000000000000        37.3945226496917        1.30218063602450     
   18.2000000000000        37.3947881886474        1.30218988282488     
   18.3000000000000        37.3950537070210        1.30219912890854     
   18.4000000000000        37.3953192048217        1.30220837427578     
   18.5000000000000        37.3955846820585        1.30221761892694     
   18.6000000000000        37.3958501387404        1.30222686286232     
   18.7000000000000        37.3961155748766        1.30223610608224     
   18.8000000000000        37.3963809904759        1.30224534858701     
   18.9000000000000        37.3966463855476        1.30225459037695     
   19.0000000000000        37.3969117601006        1.30226383145237     
   19.1000000000000        37.3971771141440        1.30227307181359     
   19.2000000000000        37.3974424476869        1.30228231146093     
   19.3000000000000        37.3977077607383        1.30229155039470     
   19.4000000000000        37.3979730533072        1.30230078861521     
   19.5000000000000        37.3982383254027        1.30231002612278     
   19.6000000000000        37.3985035770340        1.30231926291773     
   19.7000000000000        37.3987688082099        1.30232849900036     
   19.8000000000000        37.3990340189396        1.30233773437101     
   19.9000000000000        37.3992992092322        1.30234696902997     
   20.0000000000000        37.3995643790967        1.30235620297758     
   20.1000000000000        37.3998295285421        1.30236543621413     
   20.2000000000000        37.4000946575776        1.30237466873995     
   20.3000000000000        37.4003597662121        1.30238390055536     
   20.4000000000000        37.4006248544547        1.30239313166067     
   20.5000000000000        37.4008899223146        1.30240236205619     
   20.6000000000000        37.4011549698007        1.30241159174223     
   20.7000000000000        37.4014199969221        1.30242082071913     
   20.8000000000000        37.4016850036879        1.30243004898718     
   20.9000000000000        37.4019499901071        1.30243927654672     
   21.0000000000000        37.4022149561888        1.30244850339804     
   21.1000000000000        37.4024799019421        1.30245772954147     
   21.2000000000000        37.4027448273760        1.30246695497733     
   21.3000000000000        37.4030097324996        1.30247617970592     
   21.4000000000000        37.4032746173219        1.30248540372757     
   21.5000000000000        37.4035394818521        1.30249462704259     
   21.6000000000000        37.4038043260991        1.30250384965129     
   21.7000000000000        37.4040691500721        1.30251307155399     
   21.8000000000000        37.4043339537801        1.30252229275102     
   21.9000000000000        37.4045987372322        1.30253151324267     
   22.0000000000000        37.4048635004374        1.30254073302927     
   22.1000000000000        37.4051282434048        1.30254995211114     
   22.2000000000000        37.4053929661435        1.30255917048859     
   22.3000000000000        37.4056576686626        1.30256838816193     
   22.4000000000000        37.4059223509711        1.30257760513149     
   22.5000000000000        37.4061870130780        1.30258682139757     
   22.6000000000000        37.4064516549925        1.30259603696050     
   22.7000000000000        37.4067162767236        1.30260525182058     
   22.8000000000000        37.4069808782805        1.30261446597814     
   22.9000000000000        37.4072454596721        1.30262367943349     
   23.0000000000000        37.4075100209075        1.30263289218695     
   23.1000000000000        37.4077745619959        1.30264210423883     
   23.2000000000000        37.4080390829462        1.30265131558945     
   23.3000000000000        37.4083035837676        1.30266052623912     
   23.4000000000000        37.4085680644691        1.30266973618817     
   23.5000000000000        37.4088325250599        1.30267894543690     
   23.6000000000000        37.4090969655489        1.30268815398563     
   23.7000000000000        37.4093613859452        1.30269736183468     
   23.8000000000000        37.4096257862580        1.30270656898437     
   23.9000000000000        37.4098901664963        1.30271577543500     
   24.0000000000000        37.4101545266692        1.30272498118691     
   24.1000000000000        37.4104188667857        1.30273418624039     
   24.2000000000000        37.4106831868550        1.30274339059578     
   24.3000000000000        37.4109474868860        1.30275259425338     
   24.4000000000000        37.4112117668880        1.30276179721351     
   24.5000000000000        37.4114760268700        1.30277099947648     
   24.6000000000000        37.4117402668409        1.30278020104263     
   24.7000000000000        37.4120044868100        1.30278940191225     
   24.8000000000000        37.4122686867864        1.30279860208566     
   24.9000000000000        37.4125328667790        1.30280780156319     
   25.0000000000000        37.4127970267969        1.30281700034515     
   25.1000000000000        37.4130611668494        1.30282619843185     
   25.2000000000000        37.4133252869453        1.30283539582361     
   25.3000000000000        37.4135893870939        1.30284459252075     
   25.4000000000000        37.4138534673041        1.30285378852358     
   25.5000000000000        37.4141175275852        1.30286298383242     
   25.6000000000000        37.4143815679461        1.30287217844759     
   25.7000000000000        37.4146455883960        1.30288137236940     
   25.8000000000000        37.4149095889439        1.30289056559816     
   25.9000000000000        37.4151735695989        1.30289975813420     
   26.0000000000000        37.4154375303701        1.30290894997784     
   26.1000000000000        37.4157014712666        1.30291814112938     
   26.2000000000000        37.4159653922975        1.30292733158915     
   26.3000000000000        37.4162292934718        1.30293652135745     
   26.4000000000000        37.4164931747987        1.30294571043461     
   26.5000000000000        37.4167570362872        1.30295489882095     
   26.6000000000000        37.4170208779465        1.30296408651678     
   26.7000000000000        37.4172846997856        1.30297327352241     
   26.8000000000000        37.4175485018135        1.30298245983816     
   26.9000000000000        37.4178122840395        1.30299164546436     
   27.0000000000000        37.4180760464726        1.30300083040131     
   27.1000000000000        37.4183397891218        1.30301001464933     
   27.2000000000000        37.4186035119963        1.30301919820874     
   27.3000000000000        37.4188672151052        1.30302838107986     
   27.4000000000000        37.4191308984575        1.30303756326300     
   27.5000000000000        37.4193945620623        1.30304674475848     
   27.6000000000000        37.4196582059288        1.30305592556662     
   27.7000000000000        37.4199218300661        1.30306510568773     
   27.8000000000000        37.4201854344831        1.30307428512212     
   27.9000000000000        37.4204490191890        1.30308346387012     
   28.0000000000000        37.4207125841930        1.30309264193205     
   28.1000000000000        37.4209761295041        1.30310181930821     
   28.2000000000000        37.4212396551314        1.30311099599893     
   28.3000000000000        37.4215031610840        1.30312017200452     
   28.4000000000000        37.4217666473710        1.30312934732530     
   28.5000000000000        37.4220301140015        1.30313852196159     
   28.6000000000000        37.4222935609845        1.30314769591370     
   28.7000000000000        37.4225569883293        1.30315686918195     
   28.8000000000000        37.4228203960448        1.30316604176666     
   28.9000000000000        37.4230837841403        1.30317521366814     
   29.0000000000000        37.4233471526247        1.30318438488671     
   29.1000000000000        37.4236105015072        1.30319355542268     
   29.2000000000000        37.4238738307969        1.30320272527639     
   29.3000000000000        37.4241371405029        1.30321189444813     
   29.4000000000000        37.4244004306342        1.30322106293823     
   29.5000000000000        37.4246637012001        1.30323023074700     
   29.6000000000000        37.4249269522095        1.30323939787477     
   29.7000000000000        37.4251901836717        1.30324856432185     
   29.8000000000000        37.4254533955956        1.30325773008855     
   29.9000000000000        37.4257165879905        1.30326689517519     
   30.0000000000000        37.4259797608653        1.30327605958210     
   30.1000000000000        37.4262429142293        1.30328522330958     
   30.2000000000000        37.4265060480915        1.30329438635795     
   30.3000000000000        37.4267691624609        1.30330354872754     
   30.4000000000000        37.4270322573469        1.30331271041866     
   30.5000000000000        37.4272953327583        1.30332187143162     
   30.6000000000000        37.4275583887044        1.30333103176674     
   30.7000000000000        37.4278214251943        1.30334019142434     
   30.8000000000000        37.4280844422370        1.30334935040474     
   30.9000000000000        37.4283474398417        1.30335850870825     
   31.0000000000000        37.4286104180174        1.30336766633519     
   31.1000000000000        37.4288733767733        1.30337682328588     
   31.2000000000000        37.4291363161185        1.30338597956064     
   31.3000000000000        37.4293992360621        1.30339513515978     
   31.4000000000000        37.4296621366132        1.30340429008362     
   31.5000000000000        37.4299250177809        1.30341344433247     
   31.6000000000000        37.4301878795744        1.30342259790667     
   31.7000000000000        37.4304507220027        1.30343175080651     
   31.8000000000000        37.4307135450750        1.30344090303232     
   31.9000000000000        37.4309763488003        1.30345005458442     
   32.0000000000000        37.4312391331878        1.30345920546312     
   32.1000000000000        37.4315018982466        1.30346835566874     
   32.2000000000000        37.4317646439858        1.30347750520160     
   32.3000000000000        37.4320273704146        1.30348665406202     
   32.4000000000000        37.4322900775420        1.30349580225031     
   32.5000000000000        37.4325527653771        1.30350494976679     
   32.6000000000000        37.4328154339291        1.30351409661178     
   32.7000000000000        37.4330780832071        1.30352324278559     
   32.8000000000000        37.4333407132202        1.30353238828855     
   32.9000000000000        37.4336033239775        1.30354153312097     
   33.0000000000000        37.4338659154881        1.30355067728316     
   33.1000000000000        37.4341284877612        1.30355982077546     
   33.2000000000000        37.4343910408059        1.30356896359816     
   33.3000000000000        37.4346535746313        1.30357810575159     
   33.4000000000000        37.4349160892465        1.30358724723608     
   33.5000000000000        37.4351785846606        1.30359638805193     
   33.6000000000000        37.4354410608827        1.30360552819946     
   33.7000000000000        37.4357035179221        1.30361466767899     
   33.8000000000000        37.4359659557877        1.30362380649084     
   33.9000000000000        37.4362283744888        1.30363294463533     
   34.0000000000000        37.4364907740343        1.30364208211278     
   34.1000000000000        37.4367531544336        1.30365121892349     
   34.2000000000000        37.4370155156956        1.30366035506779     
   34.3000000000000        37.4372778578296        1.30366949054600     
   34.4000000000000        37.4375401808445        1.30367862535844     
   34.5000000000000        37.4378024847496        1.30368775950541     
   34.6000000000000        37.4380647695541        1.30369689298725     
   34.7000000000000        37.4383270352669        1.30370602580426     
   34.8000000000000        37.4385892818972        1.30371515795677     
   34.9000000000000        37.4388515094542        1.30372428944510     
   35.0000000000000        37.4391137179470        1.30373342026955     
   35.1000000000000        37.4393759073847        1.30374255043046     
   35.2000000000000        37.4396380777764        1.30375167992813     
   35.3000000000000        37.4399002291313        1.30376080876289     
   35.4000000000000        37.4401623614585        1.30376993693504     
   35.5000000000000        37.4404244747671        1.30377906444492     
   35.6000000000000        37.4406865690663        1.30378819129284     
   35.7000000000000        37.4409486443651        1.30379731747912     
   35.8000000000000        37.4412107006728        1.30380644300407     
   35.9000000000000        37.4414727379984        1.30381556786801     
   36.0000000000000        37.4417347563511        1.30382469207126     
   36.1000000000000        37.4419967557400        1.30383381561414     
   36.2000000000000        37.4422587361742        1.30384293849696     
   36.3000000000000        37.4425206976629        1.30385206072005     
   36.4000000000000        37.4427826402152        1.30386118228372     
   36.5000000000000        37.4430445638402        1.30387030318830     
   36.6000000000000        37.4433064685471        1.30387942343409     
   36.7000000000000        37.4435683543450        1.30388854302142     
   36.8000000000000        37.4438302212430        1.30389766195060     
   36.9000000000000        37.4440920692503        1.30390678022195     
   37.0000000000000        37.4443538983761        1.30391589783580     
   37.1000000000000        37.4446157086293        1.30392501479245     
   37.2000000000000        37.4448775000193        1.30393413109223     
   37.3000000000000        37.4451392725550        1.30394324673546     
   37.4000000000000        37.4454010262458        1.30395236172245     
   37.5000000000000        37.4456627611006        1.30396147605352     
   37.6000000000000        37.4459244771286        1.30397058972900     
   37.7000000000000        37.4461861743390        1.30397970274919     
   37.8000000000000        37.4464478527409        1.30398881511441     
   37.9000000000000        37.4467095123435        1.30399792682499     
   38.0000000000000        37.4469711531559        1.30400703788125     
   38.1000000000000        37.4472327751871        1.30401614828349     
   38.2000000000000        37.4474943784465        1.30402525803205     
   38.3000000000000        37.4477559629431        1.30403436712723     
   38.4000000000000        37.4480175286860        1.30404347556936     
   38.5000000000000        37.4482790756844        1.30405258335875     
   38.6000000000000        37.4485406039474        1.30406169049572     
   38.7000000000000        37.4488021134842        1.30407079698060     
   38.8000000000000        37.4490636043040        1.30407990281370     
   38.9000000000000        37.4493250764158        1.30408900799533     
   39.0000000000000        37.4495865298288        1.30409811252582     
   39.1000000000000        37.4498479645522        1.30410721640549     
   39.2000000000000        37.4501093805951        1.30411631963465     
   39.3000000000000        37.4503707779666        1.30412542221362     
   39.4000000000000        37.4506321566759        1.30413452414272     
   39.5000000000000        37.4508935167321        1.30414362542227     
   39.6000000000000        37.4511548581445        1.30415272605259     
   39.7000000000000        37.4514161809221        1.30416182603399     
   39.8000000000000        37.4516774850740        1.30417092536680     
   39.9000000000000        37.4519387706095        1.30418002405133     
   40.0000000000000        37.4522000375376        1.30418912208790     
