 # applied field (T), magnetization (2 f.u.), magnetization (T)
 # T=0 1st order approx.
 # K1(0) (K, MJ/m^3)   65.8199818918415        5.36625324871224     
 # K2(0) (K, MJ/m^3)  -14.8420016222282       -1.21005714576999     
 # from A20
 # K1(0) from A20 (K, MJ/m^3)   48.8576943235807        1.99166539820184     
  0.000000000000000E+000  5.644883059754309E-015  1.942372709150866E-016
  0.100000000000000       0.799641633590941       2.751522165731918E-002
  0.200000000000000        1.59902567930561       5.502157985979288E-002
  0.300000000000000        2.35355625999190       8.098455540119572E-002
  0.400000000000000        3.15170239134921       0.108448317662557     
  0.500000000000000        3.94883321573526       0.135877143778537     
  0.600000000000000        4.74469190037878       0.163262196277030     
  0.700000000000000        5.53902199536175       0.190594650859699     
  0.800000000000000        6.33156751104028       0.217865699065982     
  0.900000000000000        7.12207299545918       0.245066550936883     
   1.00000000000000        7.91028361175779       0.272188437678467     
   1.10000000000000        8.73948828955574       0.300720907162876     
   1.20000000000000        9.52218448505419       0.327653045766976     
   1.30000000000000        10.3450045662741       0.355965824851763     
   1.40000000000000        11.1641096675596       0.384150773553472     
   1.50000000000000        11.9792052512129       0.412197756994553     
   1.60000000000000        12.7899981346979       0.440096686927805     
   1.70000000000000        13.6384722467802       0.469292206875415     
   1.80000000000000        14.4395211370511       0.496855851448513     
   1.90000000000000        15.2770972191963       0.525676376277369     
   2.00000000000000        16.1499780704576       0.555711718478134     
   2.10000000000000        16.9747274620744       0.584090884055304     
   2.20000000000000        17.8334110615525       0.613637706757675     
   2.30000000000000        18.6842630918749       0.642915049542802     
   2.40000000000000        19.5668035675672       0.673282774021054     
   2.50000000000000        20.4399105452210       0.703325897104593     
   2.60000000000000        21.3421403014622       0.734371118721337     
   2.70000000000000        22.2331201216205       0.765029236325547     
   2.80000000000000        23.1503159832084       0.796589433262062     
   2.90000000000000        24.0542195248664       0.827692248899446     
   3.00000000000000        24.9810720205133       0.859584725216421     
   3.10000000000000        25.9284581841930       0.892183753573240     
   3.20000000000000        26.8937543785412       0.925399056074666     
   3.30000000000000        27.8741191549388       0.959132860061924     
   3.40000000000000        28.9002635705456       0.994441915846137     
   3.50000000000000        29.9004460068833        1.02885763443498     
   3.60000000000000        30.9376472738976        1.06454715029597     
   3.70000000000000        32.0049619022231        1.10127285008800     
   3.80000000000000        33.0947301707449        1.13877116708888     
   3.90000000000000        34.1984997701012        1.17675126205782     
   4.00000000000000        35.3609323872426        1.21674991867942     
   4.10000000000000        36.5624142871840        1.25809223929583     
   4.20000000000000        37.7805072590752        1.30000613761338     
   4.30000000000000        39.0748773366823        1.34454468850401     
   4.40000000000000        40.4245561249815        1.39098638121512     
   4.50000000000000        41.8328161834607        1.43944382268949     
   4.60000000000000        43.3298404729677        1.49095559173933     
   4.70000000000000        44.4430499756778        1.52926050850630     
   4.80000000000000        44.4432960692285        1.52926897644782     
   4.90000000000000        44.4435421402636        1.52927744361460     
   5.00000000000000        44.4437881887916        1.52928591000692     
   5.10000000000000        44.4440342148207        1.52929437562507     
   5.20000000000000        44.4442802183595        1.52930284046934     
   5.30000000000000        44.4445261994163        1.52931130454001     
   5.40000000000000        44.4447721579994        1.52931976783738     
   5.50000000000000        44.4450180941173        1.52932823036173     
   5.60000000000000        44.4452640077784        1.52933669211336     
   5.70000000000000        44.4455098989909        1.52934515309254     
   5.80000000000000        44.4457557677634        1.52935361329958     
   5.90000000000000        44.4460016141042        1.52936207273475     
   6.00000000000000        44.4462474380217        1.52937053139835     
   6.10000000000000        44.4464932395242        1.52937898929066     
   6.20000000000000        44.4467390186202        1.52938744641198     
   6.30000000000000        44.4469847753180        1.52939590276259     
   6.40000000000000        44.4472305096261        1.52940435834278     
   6.50000000000000        44.4474762215528        1.52941281315283     
   6.60000000000000        44.4477219111065        1.52942126719305     
   6.70000000000000        44.4479675782956        1.52942972046371     
   6.80000000000000        44.4482132231284        1.52943817296511     
   6.90000000000000        44.4484588456135        1.52944662469753     
   7.00000000000000        44.4487044457591        1.52945507566126     
   7.10000000000000        44.4489500235736        1.52946352585660     
   7.20000000000000        44.4491955790655        1.52947197528382     
   7.30000000000000        44.4494411122431        1.52948042394323     
   7.40000000000000        44.4496866231149        1.52948887183510     
   7.50000000000000        44.4499321116891        1.52949731895972     
   7.60000000000000        44.4501775779742        1.52950576531739     
   7.70000000000000        44.4504230219786        1.52951421090839     
   7.80000000000000        44.4506684437107        1.52952265573302     
   7.90000000000000        44.4509138431789        1.52953109979155     
   8.00000000000000        44.4511592203915        1.52953954308429     
   8.10000000000000        44.4514045753569        1.52954798561151     
   8.20000000000000        44.4516499080836        1.52955642737351     
   8.30000000000000        44.4518952185800        1.52956486837057     
   8.40000000000000        44.4521405068543        1.52957330860299     
   8.50000000000000        44.4523857729151        1.52958174807105     
   8.60000000000000        44.4526310167707        1.52959018677504     
   8.70000000000000        44.4528762384294        1.52959862471526     
   8.80000000000000        44.4531214378998        1.52960706189198     
   8.90000000000000        44.4533666151902        1.52961549830550     
   9.00000000000000        44.4536117703089        1.52962393395611     
   9.10000000000000        44.4538569032644        1.52963236884409     
   9.20000000000000        44.4541020140651        1.52964080296974     
   9.30000000000000        44.4543471027194        1.52964923633334     
   9.40000000000000        44.4545921692356        1.52965766893519     
   9.50000000000000        44.4548372136221        1.52966610077556     
   9.60000000000000        44.4550822358874        1.52967453185476     
   9.70000000000000        44.4553272360399        1.52968296217306     
   9.80000000000000        44.4555722140878        1.52969139173076     
   9.90000000000000        44.4558171700397        1.52969982052815     
   10.0000000000000        44.4560621039040        1.52970824856552     
   10.1000000000000        44.4563070156889        1.52971667584314     
   10.2000000000000        44.4565519054030        1.52972510236133     
   10.3000000000000        44.4567967730546        1.52973352812035     
   10.4000000000000        44.4570416186521        1.52974195312051     
   10.5000000000000        44.4572864422039        1.52975037736208     
   10.6000000000000        44.4575312437185        1.52975880084537     
   10.7000000000000        44.4577760232041        1.52976722357065     
   10.8000000000000        44.4580207806692        1.52977564553822     
   10.9000000000000        44.4582655161223        1.52978406674836     
   11.0000000000000        44.4585102295716        1.52979248720137     
   11.1000000000000        44.4587549210256        1.52980090689754     
   11.2000000000000        44.4589995904927        1.52980932583715     
   11.3000000000000        44.4592442379814        1.52981774402048     
   11.4000000000000        44.4594888634999        1.52982616144784     
   11.5000000000000        44.4597334670567        1.52983457811952     
   11.6000000000000        44.4599780486602        1.52984299403578     
   11.7000000000000        44.4602226083188        1.52985140919694     
   11.8000000000000        44.4604671460409        1.52985982360328     
   11.9000000000000        44.4607116618348        1.52986823725508     
   12.0000000000000        44.4609561557091        1.52987665015263     
   12.1000000000000        44.4612006276721        1.52988506229623     
   12.2000000000000        44.4614450777322        1.52989347368616     
   12.3000000000000        44.4616895058977        1.52990188432272     
   12.4000000000000        44.4619339121772        1.52991029420619     
   12.5000000000000        44.4621782965789        1.52991870333685     
   12.6000000000000        44.4624226591114        1.52992711171501     
   12.7000000000000        44.4626669997830        1.52993551934095     
   12.8000000000000        44.4629113186021        1.52994392621495     
   12.9000000000000        44.4631556155771        1.52995233233731     
   13.0000000000000        44.4633998907163        1.52996073770832     
   13.1000000000000        44.4636441440284        1.52996914232826     
   13.2000000000000        44.4638883755215        1.52997754619743     
   13.3000000000000        44.4641325852041        1.52998594931611     
   13.4000000000000        44.4643767730847        1.52999435168459     
   13.5000000000000        44.4646209391716        1.53000275330317     
   13.6000000000000        44.4648650834733        1.53001115417213     
   13.7000000000000        44.4651092059981        1.53001955429175     
   13.8000000000000        44.4653533067544        1.53002795366234     
   13.9000000000000        44.4655973857507        1.53003635228418     
   14.0000000000000        44.4658414429953        1.53004475015755     
   14.1000000000000        44.4660854784967        1.53005314728275     
   14.2000000000000        44.4663294922633        1.53006154366007     
   14.3000000000000        44.4665734843034        1.53006993928979     
   14.4000000000000        44.4668174546255        1.53007833417221     
   14.5000000000000        44.4670614032380        1.53008672830761     
   14.6000000000000        44.4673053301493        1.53009512169629     
   14.7000000000000        44.4675492353678        1.53010351433853     
   14.8000000000000        44.4677931189019        1.53011190623462     
   14.9000000000000        44.4680369807600        1.53012029738485     
   15.0000000000000        44.4682808209506        1.53012868778951     
   15.1000000000000        44.4685246394819        1.53013707744890     
   15.2000000000000        44.4687684363625        1.53014546636329     
   15.3000000000000        44.4690122116007        1.53015385453298     
   15.4000000000000        44.4692559652050        1.53016224195826     
   15.5000000000000        44.4694996971838        1.53017062863942     
   15.6000000000000        44.4697434075454        1.53017901457674     
   15.7000000000000        44.4699870962983        1.53018739977052     
   15.8000000000000        44.4702307634509        1.53019578422104     
   15.9000000000000        44.4704744090116        1.53020416792860     
   16.0000000000000        44.4707180329888        1.53021255089349     
   16.1000000000000        44.4709616353909        1.53022093311598     
   16.2000000000000        44.4712052162263        1.53022931459638     
   16.3000000000000        44.4714487755035        1.53023769533497     
   16.4000000000000        44.4716923132309        1.53024607533205     
   16.5000000000000        44.4719358294168        1.53025445458789     
   16.6000000000000        44.4721793240696        1.53026283310280     
   16.7000000000000        44.4724227971979        1.53027121087705     
   16.8000000000000        44.4726662488100        1.53027958791095     
   16.9000000000000        44.4729096789142        1.53028796420477     
   17.0000000000000        44.4731530875191        1.53029633975882     
   17.1000000000000        44.4733964746330        1.53030471457337     
   17.2000000000000        44.4736398402644        1.53031308864871     
   17.3000000000000        44.4738831844216        1.53032146198515     
   17.4000000000000        44.4741265071131        1.53032983458296     
   17.5000000000000        44.4743698083472        1.53033820644243     
   17.6000000000000        44.4746130881325        1.53034657756387     
   17.7000000000000        44.4748563464773        1.53035494794754     
   17.8000000000000        44.4750995833900        1.53036331759375     
   17.9000000000000        44.4753427988791        1.53037168650279     
   18.0000000000000        44.4755859929529        1.53038005467494     
   18.1000000000000        44.4758291656198        1.53038842211049     
   18.2000000000000        44.4760723168884        1.53039678880973     
   18.3000000000000        44.4763154467670        1.53040515477295     
   18.4000000000000        44.4765585552639        1.53041352000045     
   18.5000000000000        44.4768016423877        1.53042188449251     
   18.6000000000000        44.4770447081468        1.53043024824942     
   18.7000000000000        44.4772877525495        1.53043861127147     
   18.8000000000000        44.4775307756043        1.53044697355895     
   18.9000000000000        44.4777737773195        1.53045533511215     
   19.0000000000000        44.4780167577037        1.53046369593135     
   19.1000000000000        44.4782597167653        1.53047205601686     
   19.2000000000000        44.4785026545125        1.53048041536895     
   19.3000000000000        44.4787455709540        1.53048877398793     
   19.4000000000000        44.4789884660980        1.53049713187407     
   19.5000000000000        44.4792313399530        1.53050548902767     
   19.6000000000000        44.4794741925274        1.53051384544901     
   19.7000000000000        44.4797170238297        1.53052220113839     
   19.8000000000000        44.4799598338682        1.53053055609610     
   19.9000000000000        44.4802026226513        1.53053891032242     
   20.0000000000000        44.4804453901876        1.53054726381765     
   20.1000000000000        44.4806881364854        1.53055561658208     
   20.2000000000000        44.4809308615531        1.53056396861599     
   20.3000000000000        44.4811735653992        1.53057231991968     
   20.4000000000000        44.4814162480320        1.53058067049342     
   20.5000000000000        44.4816589094600        1.53058902033753     
   20.6000000000000        44.4819015496916        1.53059736945228     
   20.7000000000000        44.4821441687353        1.53060571783796     
   20.8000000000000        44.4823867665994        1.53061406549486     
   20.9000000000000        44.4826293432924        1.53062241242328     
   21.0000000000000        44.4828718988226        1.53063075862350     
   21.1000000000000        44.4831144331986        1.53063910409582     
   21.2000000000000        44.4833569464287        1.53064744884051     
   21.3000000000000        44.4835994385214        1.53065579285788     
   21.4000000000000        44.4838419094850        1.53066413614822     
   21.5000000000000        44.4840843593281        1.53067247871180     
   21.6000000000000        44.4843267880589        1.53068082054892     
   21.7000000000000        44.4845691956861        1.53068916165988     
   21.8000000000000        44.4848115822178        1.53069750204496     
   21.9000000000000        44.4850539476627        1.53070584170445     
   22.0000000000000        44.4852962920291        1.53071418063864     
   22.1000000000000        44.4855386153254        1.53072251884782     
   22.2000000000000        44.4857809175601        1.53073085633228     
   22.3000000000000        44.4860231987416        1.53073919309232     
   22.4000000000000        44.4862654588783        1.53074752912821     
   22.5000000000000        44.4865076979786        1.53075586444025     
   22.6000000000000        44.4867499160510        1.53076419902874     
   22.7000000000000        44.4869921131039        1.53077253289395     
   22.8000000000000        44.4872342891457        1.53078086603619     
   22.9000000000000        44.4874764441848        1.53078919845573     
   23.0000000000000        44.4877185782296        1.53079753015288     
   23.1000000000000        44.4879606912887        1.53080586112791     
   23.2000000000000        44.4882027833704        1.53081419138113     
   23.3000000000000        44.4884448544831        1.53082252091281     
   23.4000000000000        44.4886869046353        1.53083084972326     
   23.5000000000000        44.4889289338353        1.53083917781275     
   23.6000000000000        44.4891709420917        1.53084750518158     
   23.7000000000000        44.4894129294128        1.53085583183005     
   23.8000000000000        44.4896548958071        1.53086415775843     
   23.9000000000000        44.4898968412830        1.53087248296702     
   24.0000000000000        44.4901387658490        1.53088080745611     
   24.1000000000000        44.4903806695133        1.53088913122599     
   24.2000000000000        44.4906225522846        1.53089745427695     
   24.3000000000000        44.4908644141712        1.53090577660928     
   24.4000000000000        44.4911062551815        1.53091409822327     
   24.5000000000000        44.4913480753240        1.53092241911921     
   24.6000000000000        44.4915898746071        1.53093073929739     
   24.7000000000000        44.4918316530392        1.53093905875810     
   24.8000000000000        44.4920734106288        1.53094737750163     
   24.9000000000000        44.4923151473842        1.53095569552827     
   25.0000000000000        44.4925568633140        1.53096401283830     
   25.1000000000000        44.4927985584265        1.53097232943203     
   25.2000000000000        44.4930402327302        1.53098064530974     
   25.3000000000000        44.4932818862335        1.53098896047172     
   25.4000000000000        44.4935235189448        1.53099727491825     
   25.5000000000000        44.4937651308727        1.53100558864964     
   25.6000000000000        44.4940067220254        1.53101390166617     
   25.7000000000000        44.4942482924114        1.53102221396813     
   25.8000000000000        44.4944898420392        1.53103052555581     
   25.9000000000000        44.4947313709172        1.53103883642950     
   26.0000000000000        44.4949728790538        1.53104714658949     
   26.1000000000000        44.4952143664575        1.53105545603608     
   26.2000000000000        44.4954558331367        1.53106376476954     
   26.3000000000000        44.4956972790998        1.53107207279018     
   26.4000000000000        44.4959387043552        1.53108038009827     
   26.5000000000000        44.4961801089114        1.53108868669412     
   26.6000000000000        44.4964214927769        1.53109699257801     
   26.7000000000000        44.4966628559600        1.53110529775023     
   26.8000000000000        44.4969041984692        1.53111360221108     
   26.9000000000000        44.4971455203130        1.53112190596084     
   27.0000000000000        44.4973868214996        1.53113020899980     
   27.1000000000000        44.4976281020377        1.53113851132825     
   27.2000000000000        44.4978693619356        1.53114681294649     
   27.3000000000000        44.4981106012018        1.53115511385480     
   27.4000000000000        44.4983518198447        1.53116341405347     
   27.5000000000000        44.4985930178727        1.53117171354280     
   27.6000000000000        44.4988341952942        1.53118001232307     
   27.7000000000000        44.4990753521178        1.53118831039457     
   27.8000000000000        44.4993164883518        1.53119660775760     
   27.9000000000000        44.4995576040047        1.53120490441245     
   28.0000000000000        44.4997986990848        1.53121320035940     
   28.1000000000000        44.5000397736008        1.53122149559875     
   28.2000000000000        44.5002808275609        1.53122979013078     
   28.3000000000000        44.5005218609736        1.53123808395579     
   28.4000000000000        44.5007628738474        1.53124637707406     
   28.5000000000000        44.5010038661907        1.53125466948589     
   28.6000000000000        44.5012448380119        1.53126296119157     
   28.7000000000000        44.5014857893195        1.53127125219139     
   28.8000000000000        44.5017267201219        1.53127954248563     
   28.9000000000000        44.5019676304276        1.53128783207459     
   29.0000000000000        44.5022085202449        1.53129612095856     
   29.1000000000000        44.5024493895823        1.53130440913783     
   29.2000000000000        44.5026902384483        1.53131269661269     
   29.3000000000000        44.5029310668513        1.53132098338343     
   29.4000000000000        44.5031718747998        1.53132926945034     
   29.5000000000000        44.5034126623021        1.53133755481371     
   29.6000000000000        44.5036534293668        1.53134583947382     
   29.7000000000000        44.5038941760022        1.53135412343098     
   29.8000000000000        44.5041349022167        1.53136240668548     
   29.9000000000000        44.5043756080190        1.53137068923759     
   30.0000000000000        44.5046162934173        1.53137897108762     
   30.1000000000000        44.5048569584201        1.53138725223585     
   30.2000000000000        44.5050976030359        1.53139553268257     
   30.3000000000000        44.5053382272731        1.53140381242808     
   30.4000000000000        44.5055788311402        1.53141209147266     
   30.5000000000000        44.5058194146455        1.53142036981660     
   30.6000000000000        44.5060599777975        1.53142864746020     
   30.7000000000000        44.5063005206047        1.53143692440375     
   30.8000000000000        44.5065410430756        1.53144520064753     
   30.9000000000000        44.5067815452184        1.53145347619184     
   31.0000000000000        44.5070220270418        1.53146175103697     
   31.1000000000000        44.5072624885541        1.53147002518320     
   31.2000000000000        44.5075029297638        1.53147829863083     
   31.3000000000000        44.5077433506793        1.53148657138015     
   31.4000000000000        44.5079837513091        1.53149484343145     
   31.5000000000000        44.5082241316615        1.53150311478502     
   31.6000000000000        44.5084644917452        1.53151138544115     
   31.7000000000000        44.5087048315684        1.53151965540013     
   31.8000000000000        44.5089451511396        1.53152792466226     
   31.9000000000000        44.5091854504674        1.53153619322781     
   32.0000000000000        44.5094257295601        1.53154446109709     
   32.1000000000000        44.5096659884261        1.53155272827038     
   32.2000000000000        44.5099062270740        1.53156099474797     
   32.3000000000000        44.5101464455122        1.53156926053016     
   32.4000000000000        44.5103866437490        1.53157752561723     
   32.5000000000000        44.5106268217930        1.53158579000948     
   32.6000000000000        44.5108669796526        1.53159405370719     
   32.7000000000000        44.5111071173363        1.53160231671066     
   32.8000000000000        44.5113472348524        1.53161057902018     
   32.9000000000000        44.5115873322095        1.53161884063604     
   33.0000000000000        44.5118274094160        1.53162710155852     
   33.1000000000000        44.5120674664803        1.53163536178793     
   33.2000000000000        44.5123075034109        1.53164362132454     
   33.3000000000000        44.5125475202162        1.53165188016866     
   33.4000000000000        44.5127875169047        1.53166013832056     
   33.5000000000000        44.5130274934847        1.53166839578055     
   33.6000000000000        44.5132674499649        1.53167665254891     
   33.7000000000000        44.5135073863536        1.53168490862594     
   33.8000000000000        44.5137473026593        1.53169316401191     
   33.9000000000000        44.5139871988904        1.53170141870714     
   34.0000000000000        44.5142270750553        1.53170967271190     
   34.1000000000000        44.5144669311625        1.53171792602648     
   34.2000000000000        44.5147067672206        1.53172617865118     
   34.3000000000000        44.5149465832378        1.53173443058629     
   34.4000000000000        44.5151863792226        1.53174268183210     
   34.5000000000000        44.5154261551836        1.53175093238889     
   34.6000000000000        44.5156659111292        1.53175918225697     
   34.7000000000000        44.5159056470677        1.53176743143662     
   34.8000000000000        44.5161453630077        1.53177567992813     
   34.9000000000000        44.5163850589577        1.53178392773179     
   35.0000000000000        44.5166247349259        1.53179217484789     
   35.1000000000000        44.5168643909210        1.53180042127673     
   35.2000000000000        44.5171040269514        1.53180866701859     
   35.3000000000000        44.5173436430255        1.53181691207376     
   35.4000000000000        44.5175832391517        1.53182515644255     
   35.5000000000000        44.5178228153385        1.53183340012523     
   35.6000000000000        44.5180623715945        1.53184164312209     
   35.7000000000000        44.5183019079279        1.53184988543344     
   35.8000000000000        44.5185414243473        1.53185812705956     
   35.9000000000000        44.5187809208611        1.53186636800073     
   36.0000000000000        44.5190203974778        1.53187460825726     
   36.1000000000000        44.5192598542059        1.53188284782943     
   36.2000000000000        44.5194992910537        1.53189108671753     
   36.3000000000000        44.5197387080298        1.53189932492186     
   36.4000000000000        44.5199781051425        1.53190756244270     
   36.5000000000000        44.5202174824004        1.53191579928034     
   36.6000000000000        44.5204568398119        1.53192403543508     
   36.7000000000000        44.5206961773854        1.53193227090721     
   36.8000000000000        44.5209354951295        1.53194050569702     
   36.9000000000000        44.5211747930525        1.53194873980480     
   37.0000000000000        44.5214140711629        1.53195697323083     
   37.1000000000000        44.5216533294692        1.53196520597542     
   37.2000000000000        44.5218925679798        1.53197343803885     
   37.3000000000000        44.5221317867032        1.53198166942141     
   37.4000000000000        44.5223709856478        1.53198990012340     
   37.5000000000000        44.5226101648222        1.53199813014510     
   37.6000000000000        44.5228493242346        1.53200635948681     
   37.7000000000000        44.5230884638937        1.53201458814881     
   37.8000000000000        44.5233275838078        1.53202281613140     
   37.9000000000000        44.5235666839855        1.53203104343487     
   38.0000000000000        44.5238057644351        1.53203927005951     
   38.1000000000000        44.5240448251651        1.53204749600561     
   38.2000000000000        44.5242838661841        1.53205572127346     
   38.3000000000000        44.5245228875003        1.53206394586335     
   38.4000000000000        44.5247618891224        1.53207216977558     
   38.5000000000000        44.5250008710587        1.53208039301043     
   38.6000000000000        44.5252398333178        1.53208861556820     
   38.7000000000000        44.5254787759080        1.53209683744917     
   38.8000000000000        44.5257176988379        1.53210505865364     
   38.9000000000000        44.5259566021158        1.53211327918190     
   39.0000000000000        44.5261954857503        1.53212149903424     
   39.1000000000000        44.5264343497498        1.53212971821096     
   39.2000000000000        44.5266731941228        1.53213793671233     
   39.3000000000000        44.5269120188777        1.53214615453866     
   39.4000000000000        44.5271508240230        1.53215437169023     
   39.5000000000000        44.5273896095671        1.53216258816733     
   39.6000000000000        44.5276283755185        1.53217080397026     
   39.7000000000000        44.5278671218857        1.53217901909931     
   39.8000000000000        44.5281058486771        1.53218723355477     
   39.9000000000000        44.5283445559012        1.53219544733693     
   40.0000000000000        44.5285832435665        1.53220366044608     
