 # applied field (T), theta (degree), phi (degree), abs for RE 1-2
     0.00000     0.00000     0.00000     3.46480     0.00000     0.00000     0.00000
     0.10000     1.18373   360.00000     3.46472     0.00000     0.00000     0.00000
     0.20000     2.31399   360.00000     3.46451     0.00000     0.00000     0.00000
     0.30000     3.49835   360.00000     3.46414     0.00000     0.00000     0.00000
     0.40000     4.68334   360.00000     3.46362     0.00000     0.00000     0.00000
     0.50000     5.86917   360.00000     3.46295     0.00000     0.00000     0.00000
     0.60000     7.05607   360.00000     3.46214     0.00000     0.00000     0.00000
     0.70000     8.24422   360.00000     3.46118     0.00000     0.00000     0.00000
     0.80000     9.43383   360.00000     3.46009     0.00000     0.00000     0.00000
     0.90000    10.67914   360.00000     3.45880     0.00000     0.00000     0.00000
     1.00000    11.92647   360.00000     3.45737     0.00000     0.00000     0.00000
     1.10000    13.17603   360.00000     3.45580     0.00000     0.00000     0.00000
     1.20000    14.42800   360.00000     3.45410     0.00000     0.00000     0.00000
     1.30000    15.73705   360.00000     3.45219     0.00000     0.00000     0.00000
     1.40000    17.04913   360.00000     3.45015     0.00000     0.00000     0.00000
     1.50000    18.36442   360.00000     3.44800     0.00000     0.00000     0.00000
     1.60000    19.73799   360.00000     3.44563     0.00000     0.00000     0.00000
     1.70000    21.17045   360.00000     3.44305     0.00000     0.00000     0.00000
     1.80000    22.60725   360.00000     3.44036     0.00000     0.00000     0.00000
     1.90000    24.10393   360.00000     3.43747     0.00000     0.00000     0.00000
     2.00000    25.66118   360.00000     3.43437     0.00000     0.00000     0.00000
     2.10000    27.22389   360.00000     3.43120     0.00000     0.00000     0.00000
     2.20000    28.90420   360.00000     3.42772     0.00000     0.00000     0.00000
     2.30000    30.59096   360.00000     3.42418     0.00000     0.00000     0.00000
     2.40000    32.39713   360.00000     3.42037     0.00000     0.00000     0.00000
     2.50000    34.32409   360.00000     3.41630     0.00000     0.00000     0.00000
     2.60000    36.31626   360.00000     3.41212     0.00000     0.00000     0.00000
     2.70000    38.48867   360.00000     3.40761     0.00000     0.00000     0.00000
     2.80000    40.78590   360.00000     3.40294     0.00000     0.00000     0.00000
     2.90000    43.26691   360.00000     3.39805     0.00000     0.00000     0.00000
     3.00000    46.04965   360.00000     3.39279     0.00000     0.00000     0.00000
     3.10000    49.07904   360.00000     3.38739     0.00000     0.00000     0.00000
     3.20000    52.59166   360.00000     3.38160     0.00000     0.00000     0.00000
     3.30000    56.71005   360.00000     3.37552     0.00000     0.00000     0.00000
     3.40000    61.79450   360.00000     3.36910     0.00000     0.00000     0.00000
     3.50000    68.74434   360.00000     3.36227     0.00000     0.00000     0.00000
     3.60000    82.40814   360.00000     3.35488     0.00000     0.00000     0.00000
     3.70000    90.00000   360.00000     3.35395     0.00000     0.00000     0.00000
     3.80000    90.00000   360.00000     3.35407     0.00000     0.00000     0.00000
     3.90000    90.00000   360.00000     3.35418     0.00000     0.00000     0.00000
     4.00000    90.00000   360.00000     3.35430     0.00000     0.00000     0.00000
     4.10000    90.00000   360.00000     3.35441     0.00000     0.00000     0.00000
     4.20000    90.00000   360.00000     3.35453     0.00000     0.00000     0.00000
     4.30000    90.00000   360.00000     3.35465     0.00000     0.00000     0.00000
     4.40000    90.00000   360.00000     3.35476     0.00000     0.00000     0.00000
     4.50000    90.00000   360.00000     3.35488     0.00000     0.00000     0.00000
     4.60000    90.00000   360.00000     3.35499     0.00000     0.00000     0.00000
     4.70000    90.00000   360.00000     3.35511     0.00000     0.00000     0.00000
     4.80000    90.00000   360.00000     3.35522     0.00000     0.00000     0.00000
     4.90000    90.00000   360.00000     3.35534     0.00000     0.00000     0.00000
     5.00000    90.00000   360.00000     3.35545     0.00000     0.00000     0.00000
     5.10000    90.00000   360.00000     3.35557     0.00000     0.00000     0.00000
     5.20000    90.00000   360.00000     3.35568     0.00000     0.00000     0.00000
     5.30000    90.00000   360.00000     3.35580     0.00000     0.00000     0.00000
     5.40000    90.00000   360.00000     3.35591     0.00000     0.00000     0.00000
     5.50000    90.00000   360.00000     3.35603     0.00000     0.00000     0.00000
     5.60000    90.00000   360.00000     3.35614     0.00000     0.00000     0.00000
     5.70000    90.00000   360.00000     3.35626     0.00000     0.00000     0.00000
     5.80000    90.00000   360.00000     3.35637     0.00000     0.00000     0.00000
     5.90000    90.00000   360.00000     3.35649     0.00000     0.00000     0.00000
     6.00000    90.00000   360.00000     3.35660     0.00000     0.00000     0.00000
     6.10000    90.00000   360.00000     3.35672     0.00000     0.00000     0.00000
     6.20000    90.00000   360.00000     3.35683     0.00000     0.00000     0.00000
     6.30000    90.00000   360.00000     3.35695     0.00000     0.00000     0.00000
     6.40000    90.00000   360.00000     3.35706     0.00000     0.00000     0.00000
     6.50000    90.00000   360.00000     3.35718     0.00000     0.00000     0.00000
     6.60000    90.00000   360.00000     3.35729     0.00000     0.00000     0.00000
     6.70000    90.00000   360.00000     3.35741     0.00000     0.00000     0.00000
     6.80000    90.00000   360.00000     3.35752     0.00000     0.00000     0.00000
     6.90000    90.00000   360.00000     3.35764     0.00000     0.00000     0.00000
     7.00000    90.00000   360.00000     3.35775     0.00000     0.00000     0.00000
     7.10000    90.00000   360.00000     3.35787     0.00000     0.00000     0.00000
     7.20000    90.00000   360.00000     3.35798     0.00000     0.00000     0.00000
     7.30000    90.00000   360.00000     3.35809     0.00000     0.00000     0.00000
     7.40000    90.00000   360.00000     3.35821     0.00000     0.00000     0.00000
     7.50000    90.00000   360.00000     3.35832     0.00000     0.00000     0.00000
     7.60000    90.00000   360.00000     3.35844     0.00000     0.00000     0.00000
     7.70000    90.00000   360.00000     3.35855     0.00000     0.00000     0.00000
     7.80000    90.00000   360.00000     3.35867     0.00000     0.00000     0.00000
     7.90000    90.00000   360.00000     3.35878     0.00000     0.00000     0.00000
     8.00000    90.00000   360.00000     3.35889     0.00000     0.00000     0.00000
     8.10000    90.00000   360.00000     3.35901     0.00000     0.00000     0.00000
     8.20000    90.00000   360.00000     3.35912     0.00000     0.00000     0.00000
     8.30000    90.00000   360.00000     3.35924     0.00000     0.00000     0.00000
     8.40000    90.00000   360.00000     3.35935     0.00000     0.00000     0.00000
     8.50000    90.00000   360.00000     3.35947     0.00000     0.00000     0.00000
     8.60000    90.00000   360.00000     3.35958     0.00000     0.00000     0.00000
     8.70000    90.00000   360.00000     3.35969     0.00000     0.00000     0.00000
     8.80000    90.00000   360.00000     3.35981     0.00000     0.00000     0.00000
     8.90000    90.00000   360.00000     3.35992     0.00000     0.00000     0.00000
     9.00000    90.00000   360.00000     3.36004     0.00000     0.00000     0.00000
     9.10000    90.00000   360.00000     3.36015     0.00000     0.00000     0.00000
     9.20000    90.00000   360.00000     3.36026     0.00000     0.00000     0.00000
     9.30000    90.00000   360.00000     3.36038     0.00000     0.00000     0.00000
     9.40000    90.00000   360.00000     3.36049     0.00000     0.00000     0.00000
     9.50000    90.00000   360.00000     3.36061     0.00000     0.00000     0.00000
     9.60000    90.00000   360.00000     3.36072     0.00000     0.00000     0.00000
     9.70000    90.00000   360.00000     3.36083     0.00000     0.00000     0.00000
     9.80000    90.00000   360.00000     3.36095     0.00000     0.00000     0.00000
     9.90000    90.00000   360.00000     3.36106     0.00000     0.00000     0.00000
    10.00000    90.00000   360.00000     3.36117     0.00000     0.00000     0.00000
    10.10000    90.00000   360.00000     3.36129     0.00000     0.00000     0.00000
    10.20000    90.00000   360.00000     3.36140     0.00000     0.00000     0.00000
    10.30000    90.00000   360.00000     3.36151     0.00000     0.00000     0.00000
    10.40000    90.00000   360.00000     3.36163     0.00000     0.00000     0.00000
    10.50000    90.00000   360.00000     3.36174     0.00000     0.00000     0.00000
    10.60000    90.00000   360.00000     3.36186     0.00000     0.00000     0.00000
    10.70000    90.00000   360.00000     3.36197     0.00000     0.00000     0.00000
    10.80000    90.00000   360.00000     3.36208     0.00000     0.00000     0.00000
    10.90000    90.00000   360.00000     3.36220     0.00000     0.00000     0.00000
    11.00000    90.00000   360.00000     3.36231     0.00000     0.00000     0.00000
    11.10000    90.00000   360.00000     3.36242     0.00000     0.00000     0.00000
    11.20000    90.00000   360.00000     3.36254     0.00000     0.00000     0.00000
    11.30000    90.00000   360.00000     3.36265     0.00000     0.00000     0.00000
    11.40000    90.00000   360.00000     3.36276     0.00000     0.00000     0.00000
    11.50000    90.00000   360.00000     3.36288     0.00000     0.00000     0.00000
    11.60000    90.00000   360.00000     3.36299     0.00000     0.00000     0.00000
    11.70000    90.00000   360.00000     3.36310     0.00000     0.00000     0.00000
    11.80000    90.00000   360.00000     3.36321     0.00000     0.00000     0.00000
    11.90000    90.00000   360.00000     3.36333     0.00000     0.00000     0.00000
    12.00000    90.00000   360.00000     3.36344     0.00000     0.00000     0.00000
    12.10000    90.00000   360.00000     3.36355     0.00000     0.00000     0.00000
    12.20000    90.00000   360.00000     3.36367     0.00000     0.00000     0.00000
    12.30000    90.00000   360.00000     3.36378     0.00000     0.00000     0.00000
    12.40000    90.00000   360.00000     3.36389     0.00000     0.00000     0.00000
    12.50000    90.00000   360.00000     3.36401     0.00000     0.00000     0.00000
    12.60000    90.00000   360.00000     3.36412     0.00000     0.00000     0.00000
    12.70000    90.00000   360.00000     3.36423     0.00000     0.00000     0.00000
    12.80000    90.00000   360.00000     3.36434     0.00000     0.00000     0.00000
    12.90000    90.00000   360.00000     3.36446     0.00000     0.00000     0.00000
    13.00000    90.00000   360.00000     3.36457     0.00000     0.00000     0.00000
    13.10000    90.00000   360.00000     3.36468     0.00000     0.00000     0.00000
    13.20000    90.00000   360.00000     3.36480     0.00000     0.00000     0.00000
    13.30000    90.00000   360.00000     3.36491     0.00000     0.00000     0.00000
    13.40000    90.00000   360.00000     3.36502     0.00000     0.00000     0.00000
    13.50000    90.00000   360.00000     3.36513     0.00000     0.00000     0.00000
    13.60000    90.00000   360.00000     3.36525     0.00000     0.00000     0.00000
    13.70000    90.00000   360.00000     3.36536     0.00000     0.00000     0.00000
    13.80000    90.00000   360.00000     3.36547     0.00000     0.00000     0.00000
    13.90000    90.00000   360.00000     3.36558     0.00000     0.00000     0.00000
    14.00000    90.00000   360.00000     3.36570     0.00000     0.00000     0.00000
    14.10000    90.00000   360.00000     3.36581     0.00000     0.00000     0.00000
    14.20000    90.00000   360.00000     3.36592     0.00000     0.00000     0.00000
    14.30000    90.00000   360.00000     3.36603     0.00000     0.00000     0.00000
    14.40000    90.00000   360.00000     3.36614     0.00000     0.00000     0.00000
    14.50000    90.00000   360.00000     3.36626     0.00000     0.00000     0.00000
    14.60000    90.00000   360.00000     3.36637     0.00000     0.00000     0.00000
    14.70000    90.00000   360.00000     3.36648     0.00000     0.00000     0.00000
    14.80000    90.00000   360.00000     3.36659     0.00000     0.00000     0.00000
    14.90000    90.00000   360.00000     3.36671     0.00000     0.00000     0.00000
    15.00000    90.00000   360.00000     3.36682     0.00000     0.00000     0.00000
    15.10000    90.00000   360.00000     3.36693     0.00000     0.00000     0.00000
    15.20000    90.00000   360.00000     3.36704     0.00000     0.00000     0.00000
    15.30000    90.00000   360.00000     3.36715     0.00000     0.00000     0.00000
    15.40000    90.00000   360.00000     3.36727     0.00000     0.00000     0.00000
    15.50000    90.00000   360.00000     3.36738     0.00000     0.00000     0.00000
    15.60000    90.00000   360.00000     3.36749     0.00000     0.00000     0.00000
    15.70000    90.00000   360.00000     3.36760     0.00000     0.00000     0.00000
    15.80000    90.00000   360.00000     3.36771     0.00000     0.00000     0.00000
    15.90000    90.00000   360.00000     3.36783     0.00000     0.00000     0.00000
    16.00000    90.00000   360.00000     3.36794     0.00000     0.00000     0.00000
    16.10000    90.00000   360.00000     3.36805     0.00000     0.00000     0.00000
    16.20000    90.00000   360.00000     3.36816     0.00000     0.00000     0.00000
    16.30000    90.00000   360.00000     3.36827     0.00000     0.00000     0.00000
    16.40000    90.00000   360.00000     3.36838     0.00000     0.00000     0.00000
    16.50000    90.00000   360.00000     3.36850     0.00000     0.00000     0.00000
    16.60000    90.00000   360.00000     3.36861     0.00000     0.00000     0.00000
    16.70000    90.00000   360.00000     3.36872     0.00000     0.00000     0.00000
    16.80000    90.00000   360.00000     3.36883     0.00000     0.00000     0.00000
    16.90000    90.00000   360.00000     3.36894     0.00000     0.00000     0.00000
    17.00000    90.00000   360.00000     3.36905     0.00000     0.00000     0.00000
    17.10000    90.00000   360.00000     3.36917     0.00000     0.00000     0.00000
    17.20000    90.00000   360.00000     3.36928     0.00000     0.00000     0.00000
    17.30000    90.00000   360.00000     3.36939     0.00000     0.00000     0.00000
    17.40000    90.00000   360.00000     3.36950     0.00000     0.00000     0.00000
    17.50000    90.00000   360.00000     3.36961     0.00000     0.00000     0.00000
    17.60000    90.00000   360.00000     3.36972     0.00000     0.00000     0.00000
    17.70000    90.00000   360.00000     3.36983     0.00000     0.00000     0.00000
    17.80000    90.00000   360.00000     3.36995     0.00000     0.00000     0.00000
    17.90000    90.00000   360.00000     3.37006     0.00000     0.00000     0.00000
    18.00000    90.00000   360.00000     3.37017     0.00000     0.00000     0.00000
    18.10000    90.00000   360.00000     3.37028     0.00000     0.00000     0.00000
    18.20000    90.00000   360.00000     3.37039     0.00000     0.00000     0.00000
    18.30000    90.00000   360.00000     3.37050     0.00000     0.00000     0.00000
    18.40000    90.00000   360.00000     3.37061     0.00000     0.00000     0.00000
    18.50000    90.00000   360.00000     3.37072     0.00000     0.00000     0.00000
    18.60000    90.00000   360.00000     3.37083     0.00000     0.00000     0.00000
    18.70000    90.00000   360.00000     3.37095     0.00000     0.00000     0.00000
    18.80000    90.00000   360.00000     3.37106     0.00000     0.00000     0.00000
    18.90000    90.00000   360.00000     3.37117     0.00000     0.00000     0.00000
    19.00000    90.00000   360.00000     3.37128     0.00000     0.00000     0.00000
    19.10000    90.00000   360.00000     3.37139     0.00000     0.00000     0.00000
    19.20000    90.00000   360.00000     3.37150     0.00000     0.00000     0.00000
    19.30000    90.00000   360.00000     3.37161     0.00000     0.00000     0.00000
    19.40000    90.00000   360.00000     3.37172     0.00000     0.00000     0.00000
    19.50000    90.00000   360.00000     3.37183     0.00000     0.00000     0.00000
    19.60000    90.00000   360.00000     3.37194     0.00000     0.00000     0.00000
    19.70000    90.00000   360.00000     3.37205     0.00000     0.00000     0.00000
    19.80000    90.00000   360.00000     3.37216     0.00000     0.00000     0.00000
    19.90000    90.00000   360.00000     3.37228     0.00000     0.00000     0.00000
    20.00000    90.00000   360.00000     3.37239     0.00000     0.00000     0.00000
    20.10000    90.00000   360.00000     3.37250     0.00000     0.00000     0.00000
    20.20000    90.00000   360.00000     3.37261     0.00000     0.00000     0.00000
    20.30000    90.00000   360.00000     3.37272     0.00000     0.00000     0.00000
    20.40000    90.00000   360.00000     3.37283     0.00000     0.00000     0.00000
    20.50000    90.00000   360.00000     3.37294     0.00000     0.00000     0.00000
    20.60000    90.00000   360.00000     3.37305     0.00000     0.00000     0.00000
    20.70000    90.00000   360.00000     3.37316     0.00000     0.00000     0.00000
    20.80000    90.00000   360.00000     3.37327     0.00000     0.00000     0.00000
    20.90000    90.00000   360.00000     3.37338     0.00000     0.00000     0.00000
    21.00000    90.00000   360.00000     3.37349     0.00000     0.00000     0.00000
    21.10000    90.00000   360.00000     3.37360     0.00000     0.00000     0.00000
    21.20000    90.00000   360.00000     3.37371     0.00000     0.00000     0.00000
    21.30000    90.00000   360.00000     3.37382     0.00000     0.00000     0.00000
    21.40000    90.00000   360.00000     3.37393     0.00000     0.00000     0.00000
    21.50000    90.00000   360.00000     3.37404     0.00000     0.00000     0.00000
    21.60000    90.00000   360.00000     3.37415     0.00000     0.00000     0.00000
    21.70000    90.00000   360.00000     3.37426     0.00000     0.00000     0.00000
    21.80000    90.00000   360.00000     3.37437     0.00000     0.00000     0.00000
    21.90000    90.00000   360.00000     3.37448     0.00000     0.00000     0.00000
    22.00000    90.00000   360.00000     3.37459     0.00000     0.00000     0.00000
    22.10000    90.00000   360.00000     3.37470     0.00000     0.00000     0.00000
    22.20000    90.00000   360.00000     3.37481     0.00000     0.00000     0.00000
    22.30000    90.00000   360.00000     3.37492     0.00000     0.00000     0.00000
    22.40000    90.00000   360.00000     3.37503     0.00000     0.00000     0.00000
    22.50000    90.00000   360.00000     3.37514     0.00000     0.00000     0.00000
    22.60000    90.00000   360.00000     3.37525     0.00000     0.00000     0.00000
    22.70000    90.00000   360.00000     3.37536     0.00000     0.00000     0.00000
    22.80000    90.00000   360.00000     3.37547     0.00000     0.00000     0.00000
    22.90000    90.00000   360.00000     3.37558     0.00000     0.00000     0.00000
    23.00000    90.00000   360.00000     3.37569     0.00000     0.00000     0.00000
    23.10000    90.00000   360.00000     3.37580     0.00000     0.00000     0.00000
    23.20000    90.00000   360.00000     3.37591     0.00000     0.00000     0.00000
    23.30000    90.00000   360.00000     3.37602     0.00000     0.00000     0.00000
    23.40000    90.00000   360.00000     3.37613     0.00000     0.00000     0.00000
    23.50000    90.00000   360.00000     3.37624     0.00000     0.00000     0.00000
    23.60000    90.00000   360.00000     3.37635     0.00000     0.00000     0.00000
    23.70000    90.00000   360.00000     3.37646     0.00000     0.00000     0.00000
    23.80000    90.00000   360.00000     3.37657     0.00000     0.00000     0.00000
    23.90000    90.00000   360.00000     3.37668     0.00000     0.00000     0.00000
    24.00000    90.00000   360.00000     3.37679     0.00000     0.00000     0.00000
    24.10000    90.00000   360.00000     3.37689     0.00000     0.00000     0.00000
    24.20000    90.00000   360.00000     3.37700     0.00000     0.00000     0.00000
    24.30000    90.00000   360.00000     3.37711     0.00000     0.00000     0.00000
    24.40000    90.00000   360.00000     3.37722     0.00000     0.00000     0.00000
    24.50000    90.00000   360.00000     3.37733     0.00000     0.00000     0.00000
    24.60000    90.00000   360.00000     3.37744     0.00000     0.00000     0.00000
    24.70000    90.00000   360.00000     3.37755     0.00000     0.00000     0.00000
    24.80000    90.00000   360.00000     3.37766     0.00000     0.00000     0.00000
    24.90000    90.00000   360.00000     3.37777     0.00000     0.00000     0.00000
    25.00000    90.00000   360.00000     3.37788     0.00000     0.00000     0.00000
    25.10000    90.00000   360.00000     3.37799     0.00000     0.00000     0.00000
    25.20000    90.00000   360.00000     3.37810     0.00000     0.00000     0.00000
    25.30000    90.00000   360.00000     3.37820     0.00000     0.00000     0.00000
    25.40000    90.00000   360.00000     3.37831     0.00000     0.00000     0.00000
    25.50000    90.00000   360.00000     3.37842     0.00000     0.00000     0.00000
    25.60000    90.00000   360.00000     3.37853     0.00000     0.00000     0.00000
    25.70000    90.00000   360.00000     3.37864     0.00000     0.00000     0.00000
    25.80000    90.00000   360.00000     3.37875     0.00000     0.00000     0.00000
    25.90000    90.00000   360.00000     3.37886     0.00000     0.00000     0.00000
    26.00000    90.00000   360.00000     3.37897     0.00000     0.00000     0.00000
    26.10000    90.00000   360.00000     3.37908     0.00000     0.00000     0.00000
    26.20000    90.00000   360.00000     3.37918     0.00000     0.00000     0.00000
    26.30000    90.00000   360.00000     3.37929     0.00000     0.00000     0.00000
    26.40000    90.00000   360.00000     3.37940     0.00000     0.00000     0.00000
    26.50000    90.00000   360.00000     3.37951     0.00000     0.00000     0.00000
    26.60000    90.00000   360.00000     3.37962     0.00000     0.00000     0.00000
    26.70000    90.00000   360.00000     3.37973     0.00000     0.00000     0.00000
    26.80000    90.00000   360.00000     3.37984     0.00000     0.00000     0.00000
    26.90000    90.00000   360.00000     3.37994     0.00000     0.00000     0.00000
    27.00000    90.00000   360.00000     3.38005     0.00000     0.00000     0.00000
    27.10000    90.00000   360.00000     3.38016     0.00000     0.00000     0.00000
    27.20000    90.00000   360.00000     3.38027     0.00000     0.00000     0.00000
    27.30000    90.00000   360.00000     3.38038     0.00000     0.00000     0.00000
    27.40000    90.00000   360.00000     3.38049     0.00000     0.00000     0.00000
    27.50000    90.00000   360.00000     3.38059     0.00000     0.00000     0.00000
    27.60000    90.00000   360.00000     3.38070     0.00000     0.00000     0.00000
    27.70000    90.00000   360.00000     3.38081     0.00000     0.00000     0.00000
    27.80000    90.00000   360.00000     3.38092     0.00000     0.00000     0.00000
    27.90000    90.00000   360.00000     3.38103     0.00000     0.00000     0.00000
    28.00000    90.00000   360.00000     3.38114     0.00000     0.00000     0.00000
    28.10000    90.00000   360.00000     3.38124     0.00000     0.00000     0.00000
    28.20000    90.00000   360.00000     3.38135     0.00000     0.00000     0.00000
    28.30000    90.00000   360.00000     3.38146     0.00000     0.00000     0.00000
    28.40000    90.00000   360.00000     3.38157     0.00000     0.00000     0.00000
    28.50000    90.00000   360.00000     3.38168     0.00000     0.00000     0.00000
    28.60000    90.00000   360.00000     3.38178     0.00000     0.00000     0.00000
    28.70000    90.00000   360.00000     3.38189     0.00000     0.00000     0.00000
    28.80000    90.00000   360.00000     3.38200     0.00000     0.00000     0.00000
    28.90000    90.00000   360.00000     3.38211     0.00000     0.00000     0.00000
    29.00000    90.00000   360.00000     3.38222     0.00000     0.00000     0.00000
    29.10000    90.00000   360.00000     3.38232     0.00000     0.00000     0.00000
    29.20000    90.00000   360.00000     3.38243     0.00000     0.00000     0.00000
    29.30000    90.00000   360.00000     3.38254     0.00000     0.00000     0.00000
    29.40000    90.00000   360.00000     3.38265     0.00000     0.00000     0.00000
    29.50000    90.00000   360.00000     3.38275     0.00000     0.00000     0.00000
    29.60000    90.00000   360.00000     3.38286     0.00000     0.00000     0.00000
    29.70000    90.00000   360.00000     3.38297     0.00000     0.00000     0.00000
    29.80000    90.00000   360.00000     3.38308     0.00000     0.00000     0.00000
    29.90000    90.00000   360.00000     3.38319     0.00000     0.00000     0.00000
    30.00000    90.00000   360.00000     3.38329     0.00000     0.00000     0.00000
    30.10000    90.00000   360.00000     3.38340     0.00000     0.00000     0.00000
    30.20000    90.00000   360.00000     3.38351     0.00000     0.00000     0.00000
    30.30000    90.00000   360.00000     3.38362     0.00000     0.00000     0.00000
    30.40000    90.00000   360.00000     3.38372     0.00000     0.00000     0.00000
    30.50000    90.00000   360.00000     3.38383     0.00000     0.00000     0.00000
    30.60000    90.00000   360.00000     3.38394     0.00000     0.00000     0.00000
    30.70000    90.00000   360.00000     3.38405     0.00000     0.00000     0.00000
    30.80000    90.00000   360.00000     3.38415     0.00000     0.00000     0.00000
    30.90000    90.00000   360.00000     3.38426     0.00000     0.00000     0.00000
    31.00000    90.00000   360.00000     3.38437     0.00000     0.00000     0.00000
    31.10000    90.00000   360.00000     3.38447     0.00000     0.00000     0.00000
    31.20000    90.00000   360.00000     3.38458     0.00000     0.00000     0.00000
    31.30000    90.00000   360.00000     3.38469     0.00000     0.00000     0.00000
    31.40000    90.00000   360.00000     3.38480     0.00000     0.00000     0.00000
    31.50000    90.00000   360.00000     3.38490     0.00000     0.00000     0.00000
    31.60000    90.00000   360.00000     3.38501     0.00000     0.00000     0.00000
    31.70000    90.00000   360.00000     3.38512     0.00000     0.00000     0.00000
    31.80000    90.00000   360.00000     3.38522     0.00000     0.00000     0.00000
    31.90000    90.00000   360.00000     3.38533     0.00000     0.00000     0.00000
    32.00000    90.00000   360.00000     3.38544     0.00000     0.00000     0.00000
    32.10000    90.00000   360.00000     3.38555     0.00000     0.00000     0.00000
    32.20000    90.00000   360.00000     3.38565     0.00000     0.00000     0.00000
    32.30000    90.00000   360.00000     3.38576     0.00000     0.00000     0.00000
    32.40000    90.00000   360.00000     3.38587     0.00000     0.00000     0.00000
    32.50000    90.00000   360.00000     3.38597     0.00000     0.00000     0.00000
    32.60000    90.00000   360.00000     3.38608     0.00000     0.00000     0.00000
    32.70000    90.00000   360.00000     3.38619     0.00000     0.00000     0.00000
    32.80000    90.00000   360.00000     3.38629     0.00000     0.00000     0.00000
    32.90000    90.00000   360.00000     3.38640     0.00000     0.00000     0.00000
    33.00000    90.00000   360.00000     3.38651     0.00000     0.00000     0.00000
    33.10000    90.00000   360.00000     3.38661     0.00000     0.00000     0.00000
    33.20000    90.00000   360.00000     3.38672     0.00000     0.00000     0.00000
    33.30000    90.00000   360.00000     3.38683     0.00000     0.00000     0.00000
    33.40000    90.00000   360.00000     3.38693     0.00000     0.00000     0.00000
    33.50000    90.00000   360.00000     3.38704     0.00000     0.00000     0.00000
    33.60000    90.00000   360.00000     3.38715     0.00000     0.00000     0.00000
    33.70000    90.00000   360.00000     3.38725     0.00000     0.00000     0.00000
    33.80000    90.00000   360.00000     3.38736     0.00000     0.00000     0.00000
    33.90000    90.00000   360.00000     3.38747     0.00000     0.00000     0.00000
    34.00000    90.00000   360.00000     3.38757     0.00000     0.00000     0.00000
    34.10000    90.00000   360.00000     3.38768     0.00000     0.00000     0.00000
    34.20000    90.00000   360.00000     3.38778     0.00000     0.00000     0.00000
    34.30000    90.00000   360.00000     3.38789     0.00000     0.00000     0.00000
    34.40000    90.00000   360.00000     3.38800     0.00000     0.00000     0.00000
    34.50000    90.00000   360.00000     3.38810     0.00000     0.00000     0.00000
    34.60000    90.00000   360.00000     3.38821     0.00000     0.00000     0.00000
    34.70000    90.00000   360.00000     3.38832     0.00000     0.00000     0.00000
    34.80000    90.00000   360.00000     3.38842     0.00000     0.00000     0.00000
    34.90000    90.00000   360.00000     3.38853     0.00000     0.00000     0.00000
    35.00000    90.00000   360.00000     3.38863     0.00000     0.00000     0.00000
    35.10000    90.00000   360.00000     3.38874     0.00000     0.00000     0.00000
    35.20000    90.00000   360.00000     3.38885     0.00000     0.00000     0.00000
    35.30000    90.00000   360.00000     3.38895     0.00000     0.00000     0.00000
    35.40000    90.00000   360.00000     3.38906     0.00000     0.00000     0.00000
    35.50000    90.00000   360.00000     3.38916     0.00000     0.00000     0.00000
    35.60000    90.00000   360.00000     3.38927     0.00000     0.00000     0.00000
    35.70000    90.00000   360.00000     3.38938     0.00000     0.00000     0.00000
    35.80000    90.00000   360.00000     3.38948     0.00000     0.00000     0.00000
    35.90000    90.00000   360.00000     3.38959     0.00000     0.00000     0.00000
    36.00000    90.00000   360.00000     3.38969     0.00000     0.00000     0.00000
    36.10000    90.00000   360.00000     3.38980     0.00000     0.00000     0.00000
    36.20000    90.00000   360.00000     3.38990     0.00000     0.00000     0.00000
    36.30000    90.00000   360.00000     3.39001     0.00000     0.00000     0.00000
    36.40000    90.00000   360.00000     3.39012     0.00000     0.00000     0.00000
    36.50000    90.00000   360.00000     3.39022     0.00000     0.00000     0.00000
    36.60000    90.00000   360.00000     3.39033     0.00000     0.00000     0.00000
    36.70000    90.00000   360.00000     3.39043     0.00000     0.00000     0.00000
    36.80000    90.00000   360.00000     3.39054     0.00000     0.00000     0.00000
    36.90000    90.00000   360.00000     3.39064     0.00000     0.00000     0.00000
    37.00000    90.00000   360.00000     3.39075     0.00000     0.00000     0.00000
    37.10000    90.00000   360.00000     3.39085     0.00000     0.00000     0.00000
    37.20000    90.00000   360.00000     3.39096     0.00000     0.00000     0.00000
    37.30000    90.00000   360.00000     3.39106     0.00000     0.00000     0.00000
    37.40000    90.00000   360.00000     3.39117     0.00000     0.00000     0.00000
    37.50000    90.00000   360.00000     3.39128     0.00000     0.00000     0.00000
    37.60000    90.00000   360.00000     3.39138     0.00000     0.00000     0.00000
    37.70000    90.00000   360.00000     3.39149     0.00000     0.00000     0.00000
    37.80000    90.00000   360.00000     3.39159     0.00000     0.00000     0.00000
    37.90000    90.00000   360.00000     3.39170     0.00000     0.00000     0.00000
    38.00000    90.00000   360.00000     3.39180     0.00000     0.00000     0.00000
    38.10000    90.00000   360.00000     3.39191     0.00000     0.00000     0.00000
    38.20000    90.00000   360.00000     3.39201     0.00000     0.00000     0.00000
    38.30000    90.00000   360.00000     3.39212     0.00000     0.00000     0.00000
    38.40000    90.00000   360.00000     3.39222     0.00000     0.00000     0.00000
    38.50000    90.00000   360.00000     3.39233     0.00000     0.00000     0.00000
    38.60000    90.00000   360.00000     3.39243     0.00000     0.00000     0.00000
    38.70000    90.00000   360.00000     3.39254     0.00000     0.00000     0.00000
    38.80000    90.00000   360.00000     3.39264     0.00000     0.00000     0.00000
    38.90000    90.00000   360.00000     3.39275     0.00000     0.00000     0.00000
    39.00000    90.00000   360.00000     3.39285     0.00000     0.00000     0.00000
    39.10000    90.00000   360.00000     3.39296     0.00000     0.00000     0.00000
    39.20000    90.00000   360.00000     3.39306     0.00000     0.00000     0.00000
    39.30000    90.00000   360.00000     3.39317     0.00000     0.00000     0.00000
    39.40000    90.00000   360.00000     3.39327     0.00000     0.00000     0.00000
    39.50000    90.00000   360.00000     3.39338     0.00000     0.00000     0.00000
    39.60000    90.00000   360.00000     3.39348     0.00000     0.00000     0.00000
    39.70000    90.00000   360.00000     3.39359     0.00000     0.00000     0.00000
    39.80000    90.00000   360.00000     3.39369     0.00000     0.00000     0.00000
    39.90000    90.00000   360.00000     3.39379     0.00000     0.00000     0.00000
    40.00000    90.00000   360.00000     3.39390     0.00000     0.00000     0.00000
