 # applied field (T), magnetization (2 f.u.), magnetization (T)
 # T=0 1st order approx.
 # K1(0) (K, MJ/m^3)   13.6081771490246        1.08524643197136     
 # K2(0) (K, MJ/m^3)  -23.8506060348184       -1.90207584867429     
 # from A20
 # K1(0) from A20 (K, MJ/m^3)  -54.5986332773569       -2.17710907588424     
  0.000000000000000E+000  5.592247732372544E-016  1.882257458128693E-017
  0.100000000000000       0.336519670973249       1.132669171341739E-002
  0.200000000000000       0.673020595404863       2.265275244946223E-002
  0.300000000000000        1.00948402550319       3.397755118868866E-002
  0.400000000000000        42.1730498437735        1.41947462629303     
  0.500000000000000        42.1731148610668        1.41947681466685     
  0.600000000000000        42.1731798734468        1.41947900287530     
  0.700000000000000        42.1732448809191        1.41948119091856     
  0.800000000000000        42.1733098834898        1.41948337879683     
  0.900000000000000        42.1733748811645        1.41948556651032     
   1.00000000000000        42.1734398739492        1.41948775405922     
   1.10000000000000        42.1735048618497        1.41948994144373     
   1.20000000000000        42.1735698448719        1.41949212866404     
   1.30000000000000        42.1736348230215        1.41949431572035     
   1.40000000000000        42.1736997963045        1.41949650261285     
   1.50000000000000        42.1737647647267        1.41949868934175     
   1.60000000000000        42.1738297282938        1.41950087590723     
   1.70000000000000        42.1738946870118        1.41950306230950     
   1.80000000000000        42.1739596408864        1.41950524854875     
   1.90000000000000        42.1740245899235        1.41950743462518     
   2.00000000000000        42.1740895341288        1.41950962053898     
   2.10000000000000        42.1741544735083        1.41951180629035     
   2.20000000000000        42.1742194080677        1.41951399187948     
   2.30000000000000        42.1742843378128        1.41951617730657     
   2.40000000000000        42.1743492627494        1.41951836257182     
   2.50000000000000        42.1744141828834        1.41952054767542     
   2.60000000000000        42.1744790982205        1.41952273261756     
   2.70000000000000        42.1745440087666        1.41952491739844     
   2.80000000000000        42.1746089145274        1.41952710201826     
   2.90000000000000        42.1746738155088        1.41952928647722     
   3.00000000000000        42.1747387117164        1.41953147077549     
   3.10000000000000        42.1748036031562        1.41953365491329     
   3.20000000000000        42.1748684898338        1.41953583889080     
   3.30000000000000        42.1749333717552        1.41953802270823     
   3.40000000000000        42.1749982489260        1.41954020636576     
   3.50000000000000        42.1750631213520        1.41954238986358     
   3.60000000000000        42.1751279890390        1.41954457320190     
   3.70000000000000        42.1751928519929        1.41954675638091     
   3.80000000000000        42.1752577102192        1.41954893940080     
   3.90000000000000        42.1753225637239        1.41955112226177     
   4.00000000000000        42.1753874125126        1.41955330496400     
   4.10000000000000        42.1754522565912        1.41955548750770     
   4.20000000000000        42.1755170959653        1.41955766989306     
   4.30000000000000        42.1755819306409        1.41955985212026     
   4.40000000000000        42.1756467606235        1.41956203418952     
   4.50000000000000        42.1757115859189        1.41956421610101     
   4.60000000000000        42.1757764065329        1.41956639785493     
   4.70000000000000        42.1758412224713        1.41956857945147     
   4.80000000000000        42.1759060337397        1.41957076089084     
   4.90000000000000        42.1759708403439        1.41957294217321     
   5.00000000000000        42.1760356422897        1.41957512329879     
   5.10000000000000        42.1761004395827        1.41957730426777     
   5.20000000000000        42.1761652322287        1.41957948508033     
   5.30000000000000        42.1762300202335        1.41958166573668     
   5.40000000000000        42.1762948036027        1.41958384623700     
   5.50000000000000        42.1763595823421        1.41958602658149     
   5.60000000000000        42.1764243564574        1.41958820677034     
   5.70000000000000        42.1764891259542        1.41959038680375     
   5.80000000000000        42.1765538908384        1.41959256668189     
   5.90000000000000        42.1766186511156        1.41959474640498     
   6.00000000000000        42.1766834067916        1.41959692597319     
   6.10000000000000        42.1767481578719        1.41959910538673     
   6.20000000000000        42.1768129043624        1.41960128464577     
   6.30000000000000        42.1768776462688        1.41960346375052     
   6.40000000000000        42.1769423835966        1.41960564270117     
   6.50000000000000        42.1770071163517        1.41960782149791     
   6.60000000000000        42.1770718445397        1.41961000014092     
   6.70000000000000        42.1771365681662        1.41961217863041     
   6.80000000000000        42.1772012872371        1.41961435696655     
   6.90000000000000        42.1772660017579        1.41961653514955     
   7.00000000000000        42.1773307117343        1.41961871317960     
   7.10000000000000        42.1773954171721        1.41962089105688     
   7.20000000000000        42.1774601180769        1.41962306878158     
   7.30000000000000        42.1775248144543        1.41962524635391     
   7.40000000000000        42.1775895063100        1.41962742377404     
   7.50000000000000        42.1776541936497        1.41962960104217     
   7.60000000000000        42.1777188764791        1.41963177815849     
   7.70000000000000        42.1777835548038        1.41963395512319     
   7.80000000000000        42.1778482286294        1.41963613193646     
   7.90000000000000        42.1779128979617        1.41963830859849     
   8.00000000000000        42.1779775628062        1.41964048510947     
   8.10000000000000        42.1780422231687        1.41964266146959     
   8.20000000000000        42.1781068790547        1.41964483767904     
   8.30000000000000        42.1781715304699        1.41964701373801     
   8.40000000000000        42.1782361774200        1.41964918964669     
   8.50000000000000        42.1783008199106        1.41965136540527     
   8.60000000000000        42.1783654579473        1.41965354101395     
   8.70000000000000        42.1784300915357        1.41965571647290     
   8.80000000000000        42.1784947206815        1.41965789178232     
   8.90000000000000        42.1785593453904        1.41966006694240     
   9.00000000000000        42.1786239656678        1.41966224195332     
   9.10000000000000        42.1786885815195        1.41966441681529     
   9.20000000000000        42.1787531929511        1.41966659152847     
   9.30000000000000        42.1788177999682        1.41966876609308     
   9.40000000000000        42.1788824025763        1.41967094050928     
   9.50000000000000        42.1789470007812        1.41967311477728     
   9.60000000000000        42.1790115945884        1.41967528889727     
   9.70000000000000        42.1790761840035        1.41967746286942     
   9.80000000000000        42.1791407690322        1.41967963669393     
   9.90000000000000        42.1792053496799        1.41968181037098     
   10.0000000000000        42.1792699259524        1.41968398390077     
   10.1000000000000        42.1793344978552        1.41968615728349     
   10.2000000000000        42.1793990653939        1.41968833051932     
   10.3000000000000        42.1794636285740        1.41969050360844     
   10.4000000000000        42.1795281874013        1.41969267655106     
   10.5000000000000        42.1795927418812        1.41969484934735     
   10.6000000000000        42.1796572920194        1.41969702199750     
   10.7000000000000        42.1797218378214        1.41969919450171     
   10.8000000000000        42.1797863792928        1.41970136686015     
   10.9000000000000        42.1798509164391        1.41970353907302     
   11.0000000000000        42.1799154492660        1.41970571114051     
   11.1000000000000        42.1799799777790        1.41970788306279     
   11.2000000000000        42.1800445019836        1.41971005484007     
   11.3000000000000        42.1801090218855        1.41971222647252     
   11.4000000000000        42.1801735374901        1.41971439796034     
   11.5000000000000        42.1802380488032        1.41971656930370     
   11.6000000000000        42.1803025558301        1.41971874050280     
   11.7000000000000        42.1803670585764        1.41972091155783     
   11.8000000000000        42.1804315570478        1.41972308246896     
   11.9000000000000        42.1804960512497        1.41972525323639     
   12.0000000000000        42.1805605411877        1.41972742386031     
   12.1000000000000        42.1806250268673        1.41972959434090     
   12.2000000000000        42.1806895082940        1.41973176467834     
   12.3000000000000        42.1807539854735        1.41973393487283     
   12.4000000000000        42.1808184584112        1.41973610492454     
   12.5000000000000        42.1808829271127        1.41973827483367     
   12.6000000000000        42.1809473915834        1.41974044460040     
   12.7000000000000        42.1810118518290        1.41974261422492     
   12.8000000000000        42.1810763078548        1.41974478370741     
   12.9000000000000        42.1811407596666        1.41974695304806     
   13.0000000000000        42.1812052072697        1.41974912224706     
   13.1000000000000        42.1812696506697        1.41975129130458     
   13.2000000000000        42.1813340898721        1.41975346022083     
   13.3000000000000        42.1813985248824        1.41975562899597     
   13.4000000000000        42.1814629557061        1.41975779763019     
   13.5000000000000        42.1815273823487        1.41975996612369     
   13.6000000000000        42.1815918048157        1.41976213447665     
   13.7000000000000        42.1816562231126        1.41976430268925     
   13.8000000000000        42.1817206372450        1.41976647076167     
   13.9000000000000        42.1817850472182        1.41976863869411     
   14.0000000000000        42.1818494530378        1.41977080648674     
   14.1000000000000        42.1819138547093        1.41977297413975     
   14.2000000000000        42.1819782522382        1.41977514165333     
   14.3000000000000        42.1820426456299        1.41977730902766     
   14.4000000000000        42.1821070348899        1.41977947626293     
   14.5000000000000        42.1821714200237        1.41978164335931     
   14.6000000000000        42.1822358010368        1.41978381031700     
   14.7000000000000        42.1823001779346        1.41978597713617     
   14.8000000000000        42.1823645507227        1.41978814381701     
   14.9000000000000        42.1824289194064        1.41979031035971     
   15.0000000000000        42.1824932839913        1.41979247676445     
   15.1000000000000        42.1825576444828        1.41979464303142     
   15.2000000000000        42.1826220008863        1.41979680916079     
   15.3000000000000        42.1826863532074        1.41979897515275     
   15.4000000000000        42.1827507014515        1.41980114100748     
   15.5000000000000        42.1828150456239        1.41980330672517     
   15.6000000000000        42.1828793857303        1.41980547230601     
   15.7000000000000        42.1829437217759        1.41980763775016     
   15.8000000000000        42.1830080537664        1.41980980305783     
   15.9000000000000        42.1830723817070        1.41981196822918     
   16.0000000000000        42.1831367056033        1.41981413326441     
   16.1000000000000        42.1832010254606        1.41981629816370     
   16.2000000000000        42.1832653412845        1.41981846292722     
   16.3000000000000        42.1833296530803        1.41982062755517     
   16.4000000000000        42.1833939608535        1.41982279204772     
   16.5000000000000        42.1834582646094        1.41982495640506     
   16.6000000000000        42.1835225643536        1.41982712062737     
   16.7000000000000        42.1835868600914        1.41982928471483     
   16.8000000000000        42.1836511518283        1.41983144866763     
   16.9000000000000        42.1837154395696        1.41983361248594     
   17.0000000000000        42.1837797233208        1.41983577616996     
   17.1000000000000        42.1838440030873        1.41983793971985     
   17.2000000000000        42.1839082788745        1.41984010313581     
   17.3000000000000        42.1839725506878        1.41984226641801     
   17.4000000000000        42.1840368185326        1.41984442956664     
   17.5000000000000        42.1841010824144        1.41984659258188     
   17.6000000000000        42.1841653423384        1.41984875546391     
   17.7000000000000        42.1842295983101        1.41985091821291     
   17.8000000000000        42.1842938503349        1.41985308082907     
   17.9000000000000        42.1843580984181        1.41985524331256     
   18.0000000000000        42.1844223425652        1.41985740566356     
   18.1000000000000        42.1844865827816        1.41985956788226     
   18.2000000000000        42.1845508190726        1.41986172996885     
   18.3000000000000        42.1846150514436        1.41986389192349     
   18.4000000000000        42.1846792799000        1.41986605374637     
   18.5000000000000        42.1847435044472        1.41986821543767     
   18.6000000000000        42.1848077250905        1.41987037699758     
   18.7000000000000        42.1848719418352        1.41987253842626     
   18.8000000000000        42.1849361546869        1.41987469972392     
   18.9000000000000        42.1850003636507        1.41987686089071     
   19.0000000000000        42.1850645687322        1.41987902192683     
   19.1000000000000        42.1851287699366        1.41988118283246     
   19.2000000000000        42.1851929672693        1.41988334360777     
   19.3000000000000        42.1852571607357        1.41988550425294     
   19.4000000000000        42.1853213503411        1.41988766476816     
   19.5000000000000        42.1853855360908        1.41988982515361     
   19.6000000000000        42.1854497179903        1.41989198540946     
   19.7000000000000        42.1855138960447        1.41989414553590     
   19.8000000000000        42.1855780702596        1.41989630553310     
   19.9000000000000        42.1856422406402        1.41989846540125     
   20.0000000000000        42.1857064071919        1.41990062514052     
   20.1000000000000        42.1857705699200        1.41990278475110     
   20.2000000000000        42.1858347288298        1.41990494423316     
   20.3000000000000        42.1858988839266        1.41990710358688     
   20.4000000000000        42.1859630352159        1.41990926281244     
   20.5000000000000        42.1860271827028        1.41991142191003     
   20.6000000000000        42.1860913263928        1.41991358087981     
   20.7000000000000        42.1861554662912        1.41991573972198     
   20.8000000000000        42.1862196024031        1.41991789843670     
   20.9000000000000        42.1862837347341        1.41992005702416     
   21.0000000000000        42.1863478632894        1.41992221548454     
   21.1000000000000        42.1864119880742        1.41992437381801     
   21.2000000000000        42.1864761090940        1.41992653202475     
   21.3000000000000        42.1865402263540        1.41992869010494     
   21.4000000000000        42.1866043398594        1.41993084805877     
   21.5000000000000        42.1866684496157        1.41993300588640     
   21.6000000000000        42.1867325556281        1.41993516358802     
   21.7000000000000        42.1867966579019        1.41993732116381     
   21.8000000000000        42.1868607564424        1.41993947861394     
   21.9000000000000        42.1869248512548        1.41994163593859     
   22.0000000000000        42.1869889423446        1.41994379313793     
   22.1000000000000        42.1870530297168        1.41994595021216     
   22.2000000000000        42.1871171133769        1.41994810716144     
   22.3000000000000        42.1871811933301        1.41995026398595     
   22.4000000000000        42.1872452695817        1.41995242068587     
   22.5000000000000        42.1873093421369        1.41995457726138     
   22.6000000000000        42.1873734110011        1.41995673371265     
   22.7000000000000        42.1874374761795        1.41995889003987     
   22.8000000000000        42.1875015376773        1.41996104624320     
   22.9000000000000        42.1875655954999        1.41996320232283     
   23.0000000000000        42.1876296496525        1.41996535827894     
   23.1000000000000        42.1876937001403        1.41996751411169     
   23.2000000000000        42.1877577469686        1.41996966982128     
   23.3000000000000        42.1878217901427        1.41997182540786     
   23.4000000000000        42.1878858296678        1.41997398087163     
   23.5000000000000        42.1879498655492        1.41997613621276     
   23.6000000000000        42.1880138977921        1.41997829143142     
   23.7000000000000        42.1880779264017        1.41998044652779     
   23.8000000000000        42.1881419513833        1.41998260150205     
   23.9000000000000        42.1882059727422        1.41998475635438     
   24.0000000000000        42.1882699904835        1.41998691108494     
   24.1000000000000        42.1883340046126        1.41998906569392     
   24.2000000000000        42.1883980151346        1.41999122018149     
   24.3000000000000        42.1884620220548        1.41999337454784     
   24.4000000000000        42.1885260253783        1.41999552879312     
   24.5000000000000        42.1885900251105        1.41999768291753     
   24.6000000000000        42.1886540212566        1.41999983692123     
   24.7000000000000        42.1887180138217        1.42000199080440     
   24.8000000000000        42.1887820028111        1.42000414456722     
   24.9000000000000        42.1888459882300        1.42000629820987     
   25.0000000000000        42.1889099700836        1.42000845173251     
   25.1000000000000        42.1889739483771        1.42001060513533     
   25.2000000000000        42.1890379231158        1.42001275841849     
   25.3000000000000        42.1891018943048        1.42001491158218     
   25.4000000000000        42.1891658619494        1.42001706462657     
   25.5000000000000        42.1892298260547        1.42001921755184     
   25.6000000000000        42.1892937866259        1.42002137035815     
   25.7000000000000        42.1893577436683        1.42002352304569     
   25.8000000000000        42.1894216971870        1.42002567561463     
   25.9000000000000        42.1894856471872        1.42002782806514     
   26.0000000000000        42.1895495936742        1.42002998039740     
   26.1000000000000        42.1896135366530        1.42003213261158     
   26.2000000000000        42.1896774761290        1.42003428470786     
   26.3000000000000        42.1897414121072        1.42003643668641     
   26.4000000000000        42.1898053445928        1.42003858854741     
   26.5000000000000        42.1898692735911        1.42004074029103     
   26.6000000000000        42.1899331991071        1.42004289191744     
   26.7000000000000        42.1899971211462        1.42004504342683     
   26.8000000000000        42.1900610397133        1.42004719481935     
   26.9000000000000        42.1901249548138        1.42004934609520     
   27.0000000000000        42.1901888664528        1.42005149725453     
   27.1000000000000        42.1902527746353        1.42005364829753     
   27.2000000000000        42.1903166793667        1.42005579922437     
   27.3000000000000        42.1903805806520        1.42005795003521     
   27.4000000000000        42.1904444784965        1.42006010073025     
   27.5000000000000        42.1905083729052        1.42006225130964     
   27.6000000000000        42.1905722638833        1.42006440177356     
   27.7000000000000        42.1906361514359        1.42006655212219     
   27.8000000000000        42.1907000355683        1.42006870235570     
   27.9000000000000        42.1907639162855        1.42007085247426     
   28.0000000000000        42.1908277935927        1.42007300247805     
   28.1000000000000        42.1908916674951        1.42007515236723     
   28.2000000000000        42.1909555379977        1.42007730214198     
   28.3000000000000        42.1910194051057        1.42007945180248     
   28.4000000000000        42.1910832688242        1.42008160134889     
   28.5000000000000        42.1911471291584        1.42008375078139     
   28.6000000000000        42.1912109861134        1.42008590010016     
   28.7000000000000        42.1912748396943        1.42008804930535     
   28.8000000000000        42.1913386899062        1.42009019839716     
   28.9000000000000        42.1914025367543        1.42009234737574     
   29.0000000000000        42.1914663802437        1.42009449624127     
   29.1000000000000        42.1915302203795        1.42009664499393     
   29.2000000000000        42.1915940571668        1.42009879363388     
   29.3000000000000        42.1916578906106        1.42010094216130     
   29.4000000000000        42.1917217207162        1.42010309057635     
   29.5000000000000        42.1917855474887        1.42010523887922     
   29.6000000000000        42.1918493709330        1.42010738707007     
   29.7000000000000        42.1919131910544        1.42010953514908     
   29.8000000000000        42.1919770078580        1.42011168311641     
   29.9000000000000        42.1920408213487        1.42011383097224     
   30.0000000000000        42.1921046315318        1.42011597871674     
   30.1000000000000        42.1921684384123        1.42011812635008     
   30.2000000000000        42.1922322419953        1.42012027387243     
   30.3000000000000        42.1922960422859        1.42012242128396     
   30.4000000000000        42.1923598392892        1.42012456858485     
   30.5000000000000        42.1924236330103        1.42012671577526     
   30.6000000000000        42.1924874234541        1.42012886285537     
   30.7000000000000        42.1925512106259        1.42013100982535     
   30.8000000000000        42.1926149945308        1.42013315668537     
   30.9000000000000        42.1926787751736        1.42013530343559     
   31.0000000000000        42.1927425525596        1.42013745007619     
   31.1000000000000        42.1928063266938        1.42013959660735     
   31.2000000000000        42.1928700975813        1.42014174302922     
   31.3000000000000        42.1929338652272        1.42014388934199     
   31.4000000000000        42.1929976296364        1.42014603554582     
   31.5000000000000        42.1930613908141        1.42014818164087     
   31.6000000000000        42.1931251487653        1.42015032762734     
   31.7000000000000        42.1931889034951        1.42015247350537     
   31.8000000000000        42.1932526550086        1.42015461927514     
   31.9000000000000        42.1933164033107        1.42015676493683     
   32.0000000000000        42.1933801484065        1.42015891049060     
   32.1000000000000        42.1934438903011        1.42016105593662     
   32.2000000000000        42.1935076289995        1.42016320127507     
   32.3000000000000        42.1935713645068        1.42016534650610     
   32.4000000000000        42.1936350968280        1.42016749162990     
   32.5000000000000        42.1936988259681        1.42016963664662     
   32.6000000000000        42.1937625519321        1.42017178155645     
   32.7000000000000        42.1938262747252        1.42017392635955     
   32.8000000000000        42.1938899943523        1.42017607105608     
   32.9000000000000        42.1939537108184        1.42017821564622     
   33.0000000000000        42.1940174241287        1.42018036013015     
   33.1000000000000        42.1940811342880        1.42018250450801     
   33.2000000000000        42.1941448413015        1.42018464877999     
   33.3000000000000        42.1942085451741        1.42018679294626     
   33.4000000000000        42.1942722459109        1.42018893700698     
   33.5000000000000        42.1943359435168        1.42019108096232     
   33.6000000000000        42.1943996379970        1.42019322481245     
   33.7000000000000        42.1944633293563        1.42019536855753     
   33.8000000000000        42.1945270175999        1.42019751219775     
   33.9000000000000        42.1945907027326        1.42019965573326     
   34.0000000000000        42.1946543847596        1.42020179916424     
   34.1000000000000        42.1947180636857        1.42020394249085     
   34.2000000000000        42.1947817395161        1.42020608571326     
   34.3000000000000        42.1948454122557        1.42020822883164     
   34.4000000000000        42.1949090819095        1.42021037184615     
   34.5000000000000        42.1949727484824        1.42021251475698     
   34.6000000000000        42.1950364119796        1.42021465756427     
   34.7000000000000        42.1951000724059        1.42021680026820     
   34.8000000000000        42.1951637297664        1.42021894286895     
   34.9000000000000        42.1952273840660        1.42022108536667     
   35.0000000000000        42.1952910353097        1.42022322776153     
   35.1000000000000        42.1953546835025        1.42022537005371     
   35.2000000000000        42.1954183286494        1.42022751224336     
   35.3000000000000        42.1954819707553        1.42022965433066     
   35.4000000000000        42.1955456098252        1.42023179631578     
   35.5000000000000        42.1956092458641        1.42023393819887     
   35.6000000000000        42.1956728788770        1.42023607998012     
   35.7000000000000        42.1957365088688        1.42023822165968     
   35.8000000000000        42.1958001358444        1.42024036323772     
   35.9000000000000        42.1958637598089        1.42024250471441     
   36.0000000000000        42.1959273807672        1.42024464608992     
   36.1000000000000        42.1959909987242        1.42024678736440     
   36.2000000000000        42.1960546136849        1.42024892853804     
   36.3000000000000        42.1961182256543        1.42025106961100     
   36.4000000000000        42.1961818346372        1.42025321058344     
   36.5000000000000        42.1962454406388        1.42025535145552     
   36.6000000000000        42.1963090436638        1.42025749222743     
   36.7000000000000        42.1963726437172        1.42025963289931     
   36.8000000000000        42.1964362408040        1.42026177347134     
   36.9000000000000        42.1964998349292        1.42026391394369     
   37.0000000000000        42.1965634260976        1.42026605431652     
   37.1000000000000        42.1966270143141        1.42026819458999     
   37.2000000000000        42.1966905995838        1.42027033476428     
   37.3000000000000        42.1967541819115        1.42027247483955     
   37.4000000000000        42.1968177613022        1.42027461481596     
   37.5000000000000        42.1968813377608        1.42027675469368     
   37.6000000000000        42.1969449112922        1.42027889447288     
   37.7000000000000        42.1970084819013        1.42028103415371     
   37.8000000000000        42.1970720495931        1.42028317373636     
   37.9000000000000        42.1971356143724        1.42028531322098     
   38.0000000000000        42.1971991762443        1.42028745260773     
   38.1000000000000        42.1972627352135        1.42028959189679     
   38.2000000000000        42.1973262912850        1.42029173108832     
   38.3000000000000        42.1973898444638        1.42029387018248     
   38.4000000000000        42.1974533947546        1.42029600917944     
   38.5000000000000        42.1975169421625        1.42029814807936     
   38.6000000000000        42.1975804866923        1.42030028688241     
   38.7000000000000        42.1976440283489        1.42030242558876     
   38.8000000000000        42.1977075671372        1.42030456419856     
   38.9000000000000        42.1977711030622        1.42030670271198     
   39.0000000000000        42.1978346361286        1.42030884112920     
   39.1000000000000        42.1978981663414        1.42031097945036     
   39.2000000000000        42.1979616937055        1.42031311767565     
   39.3000000000000        42.1980252182257        1.42031525580521     
   39.4000000000000        42.1980887399070        1.42031739383922     
   39.5000000000000        42.1981522587543        1.42031953177784     
   39.6000000000000        42.1982157747723        1.42032166962123     
   39.7000000000000        42.1982792879660        1.42032380736956     
   39.8000000000000        42.1983427983402        1.42032594502299     
   39.9000000000000        42.1984063058999        1.42032808258169     
   40.0000000000000        42.1984698106499        1.42033022004582     
