  0.000000000000000E+000  9.980183436018187E-017  0.000000000000000E+000
  0.100000000000000       1.630687141487945E-002 -6.514616893643193E-004
  0.200000000000000       3.261211050159801E-002 -2.605956012599768E-003
  0.300000000000000       4.891408509539208E-002 -5.863810445881162E-003
  0.400000000000000       6.521116335827574E-002 -1.042556981898615E-002
  0.500000000000000       8.150171394238893E-002 -1.629199487106294E-002
  0.600000000000000       9.778410615329636E-002 -2.346406023168027E-002
  0.700000000000000       0.114056710113221      -3.194295183017525E-002
  0.800000000000000       0.131943324982755      -4.173081521898910E-002
  0.900000000000000       0.148190072921604      -5.282953595468853E-002
   1.00000000000000       0.164421986940259      -6.524018285351822E-002
   1.10000000000000       0.180637442213843      -7.896478202960502E-002
   1.20000000000000       0.196834815565008      -9.400554895154892E-002
   1.30000000000000       0.214629106586958      -0.110365470501369     
   1.40000000000000       0.230783232709159      -0.128049658439905     
   1.50000000000000       0.246914257283540      -0.147058201838068     
   1.60000000000000       0.264629774925361      -0.167394882833410     
   1.70000000000000       0.280707033274575      -0.189066375763358     
   1.80000000000000       0.296756192671901      -0.212072040906488     
   1.90000000000000       0.314375896412610      -0.236421575661496     
   2.00000000000000       0.331957522456052      -0.262114447583675     
   2.10000000000000       0.347905984209731      -0.289159067497410     
   2.20000000000000       0.365409007199648      -0.317559469982714     
   2.30000000000000       0.382867771282589      -0.347320422419247     
   2.40000000000000       0.400280161825909      -0.378448318665528     
   2.50000000000000       0.417644069813799      -0.410949717493687     
   2.60000000000000       0.434957392102730      -0.444831322881322     
   2.70000000000000       0.452218031676194      -0.480099963695940     
   2.80000000000000       0.469423897898694      -0.516762572807417     
   2.90000000000000       0.486572906768967      -0.554826165664755     
   3.00000000000000       0.505213630333064      -0.594301342429647     
   3.10000000000000       0.522237052044751      -0.635194022265567     
   3.20000000000000       0.540735845379282      -0.677516004497861     
   3.30000000000000       0.559156694678837      -0.721274698704838     
   3.40000000000000       0.577496944681455      -0.766481064982521     
   3.50000000000000       0.595753951743108      -0.813146052552120     
   3.60000000000000       0.613925084218772      -0.861280561984008     
   3.70000000000000       0.633510533081333      -0.910896037104796     
   3.80000000000000       0.651494362397837      -0.962007377043349     
   3.90000000000000       0.670870789240871       -1.01462560940578     
   4.00000000000000       0.690133725478230       -1.06876544885293     
   4.10000000000000       0.709279912416383       -1.12444198505329     
   4.20000000000000       0.728306111112173       -1.18166999409750     
   4.30000000000000       0.748657984131265       -1.24046895630963     
   4.40000000000000       0.768862973695034       -1.30085402494344     
   4.50000000000000       0.788917115671999       -1.36284473804050     
   4.60000000000000       0.810231832245471       -1.42646113669913     
   4.70000000000000       0.829961022497562       -1.49172494407848     
   4.80000000000000       0.852309054754725       -1.55865920599865     
   4.90000000000000       0.873062083886898       -1.62728862396935     
   5.00000000000000       0.894981799608257       -1.69763816662574     
   5.10000000000000       0.916672172406394       -1.76973616330906     
   5.20000000000000       0.939460685722093       -1.84361390323137     
   5.30000000000000       0.963293336957296       -1.91930252419657     
   5.40000000000000       0.985515219378006       -1.99683890788201     
   5.50000000000000        1.01001376548094       -2.07626134350094     
   5.60000000000000        1.03414733763568       -2.15761034162552     
   5.70000000000000        1.05914721991146       -2.24093280781131     
   5.80000000000000        1.08494050875489       -2.32627934631801     
   5.90000000000000        1.11144817965738       -2.41370567393361     
   6.00000000000000        1.13975108479790       -2.50327424274395     
   6.10000000000000        1.16739685875066       -2.59505511882136     
   6.20000000000000        1.19658641547970       -2.68912697724474     
   6.30000000000000        1.22711528221472       -2.78558082733073     
   6.40000000000000        1.25979086312421       -2.88452147693833     
   6.50000000000000        1.29324224200830       -2.98607220893855     
   6.60000000000000        1.32907034317344       -3.09038013209206     
   6.70000000000000        1.36664267052970       -3.19762593564732     
   6.80000000000000        1.40852497127145       -3.30803796933139     
   6.90000000000000        1.45445496665357       -3.42191639907943     
   7.00000000000000        1.50675421027426       -3.53968317132112     
   7.10000000000000        1.56946611691016       -3.66199423691758     
   7.20000000000000        1.62988764482409       -3.78983800850034     
   7.30000000000000        1.62988764482409       -3.91954034617942     
   7.40000000000000        1.62988764482409       -4.04924268385850     
   7.50000000000000        1.62988764482409       -4.17894502153758     
   7.60000000000000        1.62988764482409       -4.30864735921666     
   7.70000000000000        1.62988764482409       -4.43834969689574     
   7.80000000000000        1.62988764482409       -4.56805203457482     
   7.90000000000000        1.62988764482409       -4.69775437225390     
   8.00000000000000        1.62988764482409       -4.82745670993298     
   8.10000000000000        1.62988764482409       -4.95715904761206     
   8.20000000000000        1.62988764482409       -5.08686138529114     
   8.30000000000000        1.62988764482409       -5.21656372297022     
   8.40000000000000        1.62988764482409       -5.34626606064931     
   8.50000000000000        1.62988764482409       -5.47596839832839     
   8.60000000000000        1.62988764482409       -5.60567073600747     
   8.70000000000000        1.62988764482409       -5.73537307368655     
   8.80000000000000        1.62988764482409       -5.86507541136563     
   8.90000000000000        1.62988764482409       -5.99477774904471     
   9.00000000000000        1.62988764482409       -6.12448008672379     
   9.10000000000000        1.62988764482409       -6.25418242440287     
   9.20000000000000        1.62988764482409       -6.38388476208195     
   9.30000000000000        1.62988764482409       -6.51358709976103     
   9.40000000000000        1.62988764482409       -6.64328943744011     
   9.50000000000000        1.62988764482409       -6.77299177511919     
   9.60000000000000        1.62988764482409       -6.90269411279827     
   9.70000000000000        1.62988764482409       -7.03239645047735     
   9.80000000000000        1.62988764482409       -7.16209878815644     
   9.90000000000000        1.62988764482409       -7.29180112583551     
   10.0000000000000        1.62988764482409       -7.42150346351459     
   10.1000000000000        1.62988764482409       -7.55120580119367     
   10.2000000000000        1.62988764482409       -7.68090813887276     
   10.3000000000000        1.62988764482409       -7.81061047655184     
   10.4000000000000        1.62988764482409       -7.94031281423092     
   10.5000000000000        1.62988764482409       -8.07001515191000     
   10.6000000000000        1.62988764482409       -8.19971748958908     
   10.7000000000000        1.62988764482409       -8.32941982726816     
   10.8000000000000        1.62988764482409       -8.45912216494724     
   10.9000000000000        1.62988764482409       -8.58882450262632     
   11.0000000000000        1.62988764482409       -8.71852684030540     
   11.1000000000000        1.62988764482409       -8.84822917798448     
   11.2000000000000        1.62988764482409       -8.97793151566356     
   11.3000000000000        1.62988764482409       -9.10763385334264     
   11.4000000000000        1.62988764482409       -9.23733619102172     
   11.5000000000000        1.62988764482409       -9.36703852870080     
   11.6000000000000        1.62988764482409       -9.49674086637988     
   11.7000000000000        1.62988764482409       -9.62644320405896     
   11.8000000000000        1.62988764482409       -9.75614554173805     
   11.9000000000000        1.62988764482409       -9.88584787941712     
   12.0000000000000        1.62988764482409       -10.0155502170962     
   12.1000000000000        1.62988764482409       -10.1452525547753     
   12.2000000000000        1.62988764482409       -10.2749548924544     
   12.3000000000000        1.62988764482409       -10.4046572301334     
   12.4000000000000        1.62988764482409       -10.5343595678125     
   12.5000000000000        1.62988764482409       -10.6640619054916     
   12.6000000000000        1.62988764482409       -10.7937642431707     
   12.7000000000000        1.62988764482409       -10.9234665808498     
   12.8000000000000        1.62988764482409       -11.0531689185288     
   12.9000000000000        1.62988764482409       -11.1828712562079     
   13.0000000000000        1.62988764482409       -11.3125735938870     
   13.1000000000000        1.62988764482409       -11.4422759315661     
   13.2000000000000        1.62988764482409       -11.5719782692452     
   13.3000000000000        1.62988764482409       -11.7016806069243     
   13.4000000000000        1.62988764482409       -11.8313829446033     
   13.5000000000000        1.62988764482409       -11.9610852822824     
   13.6000000000000        1.62988764482409       -12.0907876199615     
   13.7000000000000        1.62988764482409       -12.2204899576406     
   13.8000000000000        1.62988764482409       -12.3501922953197     
   13.9000000000000        1.62988764482409       -12.4798946329987     
   14.0000000000000        1.62988764482409       -12.6095969706778     
   14.1000000000000        1.62988764482409       -12.7392993083569     
   14.2000000000000        1.62988764482409       -12.8690016460360     
   14.3000000000000        1.62988764482409       -12.9987039837151     
   14.4000000000000        1.62988764482409       -13.1284063213941     
   14.5000000000000        1.62988764482409       -13.2581086590732     
   14.6000000000000        1.62988764482409       -13.3878109967523     
   14.7000000000000        1.62988764482409       -13.5175133344314     
   14.8000000000000        1.62988764482409       -13.6472156721105     
   14.9000000000000        1.62988764482409       -13.7769180097895     
   15.0000000000000        1.62988764482409       -13.9066203474686     
   15.1000000000000        1.62988764482409       -14.0363226851477     
   15.2000000000000        1.62988764482409       -14.1660250228268     
   15.3000000000000        1.62988764482409       -14.2957273605059     
   15.4000000000000        1.62988764482409       -14.4254296981849     
   15.5000000000000        1.62988764482409       -14.5551320358640     
   15.6000000000000        1.62988764482409       -14.6848343735431     
   15.7000000000000        1.62988764482409       -14.8145367112222     
   15.8000000000000        1.62988764482409       -14.9442390489013     
   15.9000000000000        1.62988764482409       -15.0739413865803     
   16.0000000000000        1.62988764482409       -15.2036437242594     
   16.1000000000000        1.62988764482409       -15.3333460619385     
   16.2000000000000        1.62988764482409       -15.4630483996176     
   16.3000000000000        1.62988764482409       -15.5927507372967     
   16.4000000000000        1.62988764482409       -15.7224530749757     
   16.5000000000000        1.62988764482409       -15.8521554126548     
   16.6000000000000        1.62988764482409       -15.9818577503339     
   16.7000000000000        1.62988764482409       -16.1115600880130     
   16.8000000000000        1.62988764482409       -16.2412624256921     
   16.9000000000000        1.62988764482409       -16.3709647633712     
   17.0000000000000        1.62988764482409       -16.5006671010502     
   17.1000000000000        1.62988764482409       -16.6303694387293     
   17.2000000000000        1.62988764482409       -16.7600717764084     
   17.3000000000000        1.62988764482409       -16.8897741140875     
   17.4000000000000        1.62988764482409       -17.0194764517666     
   17.5000000000000        1.62988764482409       -17.1491787894456     
   17.6000000000000        1.62988764482409       -17.2788811271247     
   17.7000000000000        1.62988764482409       -17.4085834648038     
   17.8000000000000        1.62988764482409       -17.5382858024829     
   17.9000000000000        1.62988764482409       -17.6679881401620     
   18.0000000000000        1.62988764482409       -17.7976904778410     
   18.1000000000000        1.62988764482409       -17.9273928155201     
   18.2000000000000        1.62988764482409       -18.0570951531992     
   18.3000000000000        1.62988764482409       -18.1867974908783     
   18.4000000000000        1.62988764482409       -18.3164998285574     
   18.5000000000000        1.62988764482409       -18.4462021662364     
   18.6000000000000        1.62988764482409       -18.5759045039155     
   18.7000000000000        1.62988764482409       -18.7056068415946     
   18.8000000000000        1.62988764482409       -18.8353091792737     
   18.9000000000000        1.62988764482409       -18.9650115169528     
   19.0000000000000        1.62988764482409       -19.0947138546318     
   19.1000000000000        1.62988764482409       -19.2244161923109     
   19.2000000000000        1.62988764482409       -19.3541185299900     
   19.3000000000000        1.62988764482409       -19.4838208676691     
   19.4000000000000        1.62988764482409       -19.6135232053482     
   19.5000000000000        1.62988764482409       -19.7432255430272     
   19.6000000000000        1.62988764482409       -19.8729278807063     
   19.7000000000000        1.62988764482409       -20.0026302183854     
   19.8000000000000        1.62988764482409       -20.1323325560645     
   19.9000000000000        1.62988764482409       -20.2620348937436     
   20.0000000000000        1.62988764482409       -20.3917372314226     
   20.1000000000000        1.62988764482409       -20.5214395691017     
   20.2000000000000        1.62988764482409       -20.6511419067808     
   20.3000000000000        1.62988764482409       -20.7808442444599     
   20.4000000000000        1.62988764482409       -20.9105465821390     
   20.5000000000000        1.62988764482409       -21.0402489198180     
   20.6000000000000        1.62988764482409       -21.1699512574971     
   20.7000000000000        1.62988764482409       -21.2996535951762     
   20.8000000000000        1.62988764482409       -21.4293559328553     
   20.9000000000000        1.62988764482409       -21.5590582705344     
   21.0000000000000        1.62988764482409       -21.6887606082135     
   21.1000000000000        1.62988764482409       -21.8184629458925     
   21.2000000000000        1.62988764482409       -21.9481652835716     
   21.3000000000000        1.62988764482409       -22.0778676212507     
   21.4000000000000        1.62988764482409       -22.2075699589298     
   21.5000000000000        1.62988764482409       -22.3372722966089     
   21.6000000000000        1.62988764482409       -22.4669746342879     
   21.7000000000000        1.62988764482409       -22.5966769719670     
   21.8000000000000        1.62988764482409       -22.7263793096461     
   21.9000000000000        1.62988764482409       -22.8560816473252     
   22.0000000000000        1.62988764482409       -22.9857839850043     
   22.1000000000000        1.62988764482409       -23.1154863226833     
   22.2000000000000        1.62988764482409       -23.2451886603624     
   22.3000000000000        1.62988764482409       -23.3748909980415     
   22.4000000000000        1.62988764482409       -23.5045933357206     
   22.5000000000000        1.62988764482409       -23.6342956733997     
   22.6000000000000        1.62988764482409       -23.7639980110787     
   22.7000000000000        1.62988764482409       -23.8937003487578     
   22.8000000000000        1.62988764482409       -24.0234026864369     
   22.9000000000000        1.62988764482409       -24.1531050241160     
   23.0000000000000        1.62988764482409       -24.2828073617951     
   23.1000000000000        1.62988764482409       -24.4125096994741     
   23.2000000000000        1.62988764482409       -24.5422120371532     
   23.3000000000000        1.62988764482409       -24.6719143748323     
   23.4000000000000        1.62988764482409       -24.8016167125114     
   23.5000000000000        1.62988764482409       -24.9313190501905     
   23.6000000000000        1.62988764482409       -25.0610213878695     
   23.7000000000000        1.62988764482409       -25.1907237255486     
   23.8000000000000        1.62988764482409       -25.3204260632277     
   23.9000000000000        1.62988764482409       -25.4501284009068     
   24.0000000000000        1.62988764482409       -25.5798307385859     
   24.1000000000000        1.62988764482409       -25.7095330762649     
   24.2000000000000        1.62988764482409       -25.8392354139440     
   24.3000000000000        1.62988764482409       -25.9689377516231     
   24.4000000000000        1.62988764482409       -26.0986400893022     
   24.5000000000000        1.62988764482409       -26.2283424269813     
   24.6000000000000        1.62988764482409       -26.3580447646603     
   24.7000000000000        1.62988764482409       -26.4877471023394     
   24.8000000000000        1.62988764482409       -26.6174494400185     
   24.9000000000000        1.62988764482409       -26.7471517776976     
   25.0000000000000        1.62988764482409       -26.8768541153767     
   25.1000000000000        1.62988764482409       -27.0065564530558     
   25.2000000000000        1.62988764482409       -27.1362587907348     
   25.3000000000000        1.62988764482409       -27.2659611284139     
   25.4000000000000        1.62988764482409       -27.3956634660930     
   25.5000000000000        1.62988764482409       -27.5253658037721     
   25.6000000000000        1.62988764482409       -27.6550681414511     
   25.7000000000000        1.62988764482409       -27.7847704791302     
   25.8000000000000        1.62988764482409       -27.9144728168093     
   25.9000000000000        1.62988764482409       -28.0441751544884     
   26.0000000000000        1.62988764482409       -28.1738774921675     
   26.1000000000000        1.62988764482409       -28.3035798298466     
   26.2000000000000        1.62988764482409       -28.4332821675256     
   26.3000000000000        1.62988764482409       -28.5629845052047     
   26.4000000000000        1.62988764482409       -28.6926868428838     
   26.5000000000000        1.62988764482409       -28.8223891805629     
   26.6000000000000        1.62988764482409       -28.9520915182420     
   26.7000000000000        1.62988764482409       -29.0817938559210     
   26.8000000000000        1.62988764482409       -29.2114961936001     
   26.9000000000000        1.62988764482409       -29.3411985312792     
   27.0000000000000        1.62988764482409       -29.4709008689583     
   27.1000000000000        1.62988764482409       -29.6006032066374     
   27.2000000000000        1.62988764482409       -29.7303055443164     
   27.3000000000000        1.62988764482409       -29.8600078819955     
   27.4000000000000        1.62988764482409       -29.9897102196746     
   27.5000000000000        1.62988764482409       -30.1194125573537     
   27.6000000000000        1.62988764482409       -30.2491148950328     
   27.7000000000000        1.62988764482409       -30.3788172327118     
   27.8000000000000        1.62988764482409       -30.5085195703909     
   27.9000000000000        1.62988764482409       -30.6382219080700     
   28.0000000000000        1.62988764482409       -30.7679242457491     
   28.1000000000000        1.62988764482409       -30.8976265834282     
   28.2000000000000        1.62988764482409       -31.0273289211072     
   28.3000000000000        1.62988764482409       -31.1570312587863     
   28.4000000000000        1.62988764482409       -31.2867335964654     
   28.5000000000000        1.62988764482409       -31.4164359341445     
   28.6000000000000        1.62988764482409       -31.5461382718236     
   28.7000000000000        1.62988764482409       -31.6758406095026     
   28.8000000000000        1.62988764482409       -31.8055429471817     
   28.9000000000000        1.62988764482409       -31.9352452848608     
   29.0000000000000        1.62988764482409       -32.0649476225399     
   29.1000000000000        1.62988764482409       -32.1946499602190     
   29.2000000000000        1.62988764482409       -32.3243522978981     
   29.3000000000000        1.62988764482409       -32.4540546355771     
   29.4000000000000        1.62988764482409       -32.5837569732562     
   29.5000000000000        1.62988764482409       -32.7134593109353     
   29.6000000000000        1.62988764482409       -32.8431616486144     
   29.7000000000000        1.62988764482409       -32.9728639862935     
   29.8000000000000        1.62988764482409       -33.1025663239725     
   29.9000000000000        1.62988764482409       -33.2322686616516     
   30.0000000000000        1.62988764482409       -33.3619709993307     
   30.1000000000000        1.62988764482409       -33.4916733370098     
   30.2000000000000        1.62988764482409       -33.6213756746889     
   30.3000000000000        1.62988764482409       -33.7510780123679     
   30.4000000000000        1.62988764482409       -33.8807803500470     
   30.5000000000000        1.62988764482409       -34.0104826877261     
   30.6000000000000        1.62988764482409       -34.1401850254052     
   30.7000000000000        1.62988764482409       -34.2698873630843     
   30.8000000000000        1.62988764482409       -34.3995897007633     
   30.9000000000000        1.62988764482409       -34.5292920384424     
   31.0000000000000        1.62988764482409       -34.6589943761215     
   31.1000000000000        1.62988764482409       -34.7886967138006     
   31.2000000000000        1.62988764482409       -34.9183990514797     
   31.3000000000000        1.62988764482409       -35.0481013891587     
   31.4000000000000        1.62988764482409       -35.1778037268378     
   31.5000000000000        1.62988764482409       -35.3075060645169     
   31.6000000000000        1.62988764482409       -35.4372084021960     
   31.7000000000000        1.62988764482409       -35.5669107398751     
   31.8000000000000        1.62988764482409       -35.6966130775541     
   31.9000000000000        1.62988764482409       -35.8263154152332     
   32.0000000000000        1.62988764482409       -35.9560177529123     
   32.1000000000000        1.62988764482409       -36.0857200905914     
   32.2000000000000        1.62988764482409       -36.2154224282705     
   32.3000000000000        1.62988764482409       -36.3451247659495     
   32.4000000000000        1.62988764482409       -36.4748271036286     
   32.5000000000000        1.62988764482409       -36.6045294413077     
   32.6000000000000        1.62988764482409       -36.7342317789868     
   32.7000000000000        1.62988764482409       -36.8639341166659     
   32.8000000000000        1.62988764482409       -36.9936364543449     
   32.9000000000000        1.62988764482409       -37.1233387920240     
   33.0000000000000        1.62988764482409       -37.2530411297031     
   33.1000000000000        1.62988764482409       -37.3827434673822     
   33.2000000000000        1.62988764482409       -37.5124458050613     
   33.3000000000000        1.62988764482409       -37.6421481427403     
   33.4000000000000        1.62988764482409       -37.7718504804194     
   33.5000000000000        1.62988764482409       -37.9015528180985     
   33.6000000000000        1.62988764482409       -38.0312551557776     
   33.7000000000000        1.62988764482409       -38.1609574934567     
   33.8000000000000        1.62988764482409       -38.2906598311358     
   33.9000000000000        1.62988764482409       -38.4203621688148     
   34.0000000000000        1.62988764482409       -38.5500645064939     
   34.1000000000000        1.62988764482409       -38.6797668441730     
   34.2000000000000        1.62988764482409       -38.8094691818521     
   34.3000000000000        1.62988764482409       -38.9391715195312     
   34.4000000000000        1.62988764482409       -39.0688738572102     
   34.5000000000000        1.62988764482409       -39.1985761948893     
   34.6000000000000        1.62988764482409       -39.3282785325684     
   34.7000000000000        1.62988764482409       -39.4579808702475     
   34.8000000000000        1.62988764482409       -39.5876832079266     
   34.9000000000000        1.62988764482409       -39.7173855456056     
   35.0000000000000        1.62988764482409       -39.8470878832847     
   35.1000000000000        1.62988764482409       -39.9767902209638     
   35.2000000000000        1.62988764482409       -40.1064925586429     
   35.3000000000000        1.62988764482409       -40.2361948963220     
   35.4000000000000        1.62988764482409       -40.3658972340010     
   35.5000000000000        1.62988764482409       -40.4955995716801     
   35.6000000000000        1.62988764482409       -40.6253019093592     
   35.7000000000000        1.62988764482409       -40.7550042470383     
   35.8000000000000        1.62988764482409       -40.8847065847174     
   35.9000000000000        1.62988764482409       -41.0144089223964     
   36.0000000000000        1.62988764482409       -41.1441112600755     
   36.1000000000000        1.62988764482409       -41.2738135977546     
   36.2000000000000        1.62988764482409       -41.4035159354337     
   36.3000000000000        1.62988764482409       -41.5332182731128     
   36.4000000000000        1.62988764482409       -41.6629206107918     
   36.5000000000000        1.62988764482409       -41.7926229484709     
   36.6000000000000        1.62988764482409       -41.9223252861500     
   36.7000000000000        1.62988764482409       -42.0520276238291     
   36.8000000000000        1.62988764482409       -42.1817299615082     
   36.9000000000000        1.62988764482409       -42.3114322991873     
   37.0000000000000        1.62988764482409       -42.4411346368663     
   37.1000000000000        1.62988764482409       -42.5708369745454     
   37.2000000000000        1.62988764482409       -42.7005393122245     
   37.3000000000000        1.62988764482409       -42.8302416499036     
   37.4000000000000        1.62988764482409       -42.9599439875827     
   37.5000000000000        1.62988764482409       -43.0896463252617     
   37.6000000000000        1.62988764482409       -43.2193486629408     
   37.7000000000000        1.62988764482409       -43.3490510006199     
   37.8000000000000        1.62988764482409       -43.4787533382990     
   37.9000000000000        1.62988764482409       -43.6084556759781     
   38.0000000000000        1.62988764482409       -43.7381580136571     
   38.1000000000000        1.62988764482409       -43.8678603513362     
   38.2000000000000        1.62988764482409       -43.9975626890153     
   38.3000000000000        1.62988764482409       -44.1272650266944     
   38.4000000000000        1.62988764482409       -44.2569673643735     
   38.5000000000000        1.62988764482409       -44.3866697020526     
   38.6000000000000        1.62988764482409       -44.5163720397316     
   38.7000000000000        1.62988764482409       -44.6460743774107     
   38.8000000000000        1.62988764482409       -44.7757767150898     
   38.9000000000000        1.62988764482409       -44.9054790527689     
   39.0000000000000        1.62988764482409       -45.0351813904479     
   39.1000000000000        1.62988764482409       -45.1648837281270     
   39.2000000000000        1.62988764482409       -45.2945860658061     
   39.3000000000000        1.62988764482409       -45.4242884034852     
   39.4000000000000        1.62988764482409       -45.5539907411643     
   39.5000000000000        1.62988764482409       -45.6836930788433     
   39.6000000000000        1.62988764482409       -45.8133954165224     
   39.7000000000000        1.62988764482409       -45.9430977542015     
   39.8000000000000        1.62988764482409       -46.0728000918806     
   39.9000000000000        1.62988764482409       -46.2025024295597     
   40.0000000000000        1.62988764482409       -46.3322047672387     
