           1  -1076.78571428571                0
           1  -1076.78571428571                1
 
           2  -646.071428571429                0
           2  -646.071428571429                1
 
           3  -215.357142857143                0
           3  -215.357142857143                1
 
           4   215.357142857143                0
           4   215.357142857143                1
 
           5   646.071428571429                0
           5   646.071428571429                1
 
           6   1076.78571428571                0
           6   1076.78571428571                1
 
