 # applied field (T), magnetization (2 f.u.), magnetization (T)
  0.000000000000000E+000  3.831607366345181E-015  1.289655231146974E-016
  0.100000000000000       0.706957091872445       2.379499840557555E-002
  0.200000000000000        1.41366032401007       4.758145231523375E-002
  0.300000000000000        2.11985592189931       7.135082010146256E-002
  0.400000000000000        2.82529028147009       9.509456587359438E-002
  0.500000000000000        3.52971005432000       0.118804162346309     
  0.600000000000000        4.23286223294097       0.142471093708222     
  0.700000000000000        4.93449423594853       0.166086858490560     
  0.800000000000000        5.67111128349283       0.190880161610856     
  0.900000000000000        6.36883391730910       0.214364343536551     
   1.00000000000000        7.10077915493409       0.239000401315001     
   1.10000000000000        7.82989818848794       0.263541333770940     
   1.20000000000000        8.55590055722692       0.287977364479442     
   1.30000000000000        9.27849696742376       0.312298756295412     
   1.40000000000000        10.0332204865020       0.337701493094546     
   1.50000000000000        10.7835398599796       0.362955993687057     
   1.60000000000000        11.5291251693705       0.388051153566119     
   1.70000000000000        12.2696484619339       0.412975934388627     
   1.80000000000000        13.0396300068681       0.438892230928642     
   1.90000000000000        13.8033266303727       0.464596987479713     
   2.00000000000000        14.5945969922504       0.491229830145440     
   2.10000000000000        15.3781768181549       0.517603822177481     
   2.20000000000000        16.1871598257238       0.544832843000026     
   2.30000000000000        16.9868523132069       0.571749160388133     
   2.40000000000000        17.8094722864435       0.599437178765193     
   2.50000000000000        18.6532039485315       0.627835781431366     
   2.60000000000000        19.4843642544294       0.655811253183458     
   2.70000000000000        20.3647248912686       0.685442726140942     
   2.80000000000000        21.2597173225071       0.715566680931349     
   2.90000000000000        22.1667797363303       0.746096891235221     
   3.00000000000000        23.1123263106981       0.777922414294744     
   3.10000000000000        24.0626592168998       0.809909037313041     
   3.20000000000000        25.0419567638494       0.842870561903638     
   3.30000000000000        26.0704411744562       0.877487634413270     
   3.40000000000000        27.1378784504431       0.913415795502774     
   3.50000000000000        28.2568903842012       0.951079873684760     
   3.60000000000000        29.4330322300163       0.990666849567238     
   3.70000000000000        30.6838949863479        1.03276880686378     
   3.80000000000000        32.0263977828846        1.07795521530402     
   3.90000000000000        33.4893800662848        1.12719676263569     
   4.00000000000000        35.1206116718637        1.18210130196362     
   4.10000000000000        37.0093903383970        1.24567444646608     
   4.20000000000000        37.2189988527157        1.25272951999367     
   4.30000000000000        37.2192515963231        1.25273802692260     
   4.40000000000000        37.2195043178537        1.25274653310846     
   4.50000000000000        37.2197570173162        1.25275503855154     
   4.60000000000000        37.2200096947190        1.25276354325213     
   4.70000000000000        37.2202623500709        1.25277204721052     
   4.80000000000000        37.2205149833804        1.25278055042701     
   4.90000000000000        37.2207675946560        1.25278905290187     
   5.00000000000000        37.2210201839064        1.25279755463539     
   5.10000000000000        37.2212727511402        1.25280605562788     
   5.20000000000000        37.2215252963660        1.25281455587961     
   5.30000000000000        37.2217778195923        1.25282305539088     
   5.40000000000000        37.2220303208278        1.25283155416197     
   5.50000000000000        37.2222828000810        1.25284005219318     
   5.60000000000000        37.2225352573605        1.25284854948478     
   5.70000000000000        37.2227876926750        1.25285704603708     
   5.80000000000000        37.2230401060329        1.25286554185036     
   5.90000000000000        37.2232924974430        1.25287403692492     
   6.00000000000000        37.2235448669138        1.25288253126103     
   6.10000000000000        37.2237972144539        1.25289102485899     
   6.20000000000000        37.2240495400719        1.25289951771909     
   6.30000000000000        37.2243018437764        1.25290800984162     
   6.40000000000000        37.2245541255760        1.25291650122686     
   6.50000000000000        37.2248063854792        1.25292499187511     
   6.60000000000000        37.2250586234947        1.25293348178666     
   6.70000000000000        37.2253108396311        1.25294197096179     
   6.80000000000000        37.2255630338970        1.25295045940080     
   6.90000000000000        37.2258152063009        1.25295894710397     
   7.00000000000000        37.2260673568515        1.25296743407159     
   7.10000000000000        37.2263194855574        1.25297592030395     
   7.20000000000000        37.2265715924271        1.25298440580135     
   7.30000000000000        37.2268236774693        1.25299289056407     
   7.40000000000000        37.2270757406925        1.25300137459240     
   7.50000000000000        37.2273277821054        1.25300985788663     
   7.60000000000000        37.2275798017166        1.25301834044705     
   7.70000000000000        37.2278317995346        1.25302682227395     
   7.80000000000000        37.2280837755680        1.25303530336761     
   7.90000000000000        37.2283357298256        1.25304378372834     
   8.00000000000000        37.2285876623157        1.25305226335641     
   8.10000000000000        37.2288395730471        1.25306074225212     
   8.20000000000000        37.2290914620284        1.25306922041575     
   8.30000000000000        37.2293433292681        1.25307769784760     
   8.40000000000000        37.2295951747749        1.25308617454796     
   8.50000000000000        37.2298469985574        1.25309465051711     
   8.60000000000000        37.2300988006241        1.25310312575535     
   8.70000000000000        37.2303505809837        1.25311160026296     
   8.80000000000000        37.2306023396447        1.25312007404023     
   8.90000000000000        37.2308540766158        1.25312854708745     
   9.00000000000000        37.2311057919056        1.25313701940492     
   9.10000000000000        37.2313574855227        1.25314549099292     
   9.20000000000000        37.2316091574756        1.25315396185175     
   9.30000000000000        37.2318608077731        1.25316243198168     
   9.40000000000000        37.2321124364236        1.25317090138302     
   9.50000000000000        37.2323640434358        1.25317937005604     
   9.60000000000000        37.2326156288183        1.25318783800105     
   9.70000000000000        37.2328671925797        1.25319630521833     
   9.80000000000000        37.2331187347287        1.25320477170816     
   9.90000000000000        37.2333702552737        1.25321323747085     
   10.0000000000000        37.2336217542235        1.25322170250667     
   10.1000000000000        37.2338732315866        1.25323016681592     
   10.2000000000000        37.2341246873716        1.25323863039890     
   10.3000000000000        37.2343761215872        1.25324709325587     
   10.4000000000000        37.2346275342420        1.25325555538715     
   10.5000000000000        37.2348789253444        1.25326401679302     
   10.6000000000000        37.2351302949033        1.25327247747376     
   10.7000000000000        37.2353816429272        1.25328093742967     
   10.8000000000000        37.2356329694246        1.25328939666103     
   10.9000000000000        37.2358842744042        1.25329785516814     
   11.0000000000000        37.2361355578746        1.25330631295129     
   11.1000000000000        37.2363868198445        1.25331477001077     
   11.2000000000000        37.2366380603223        1.25332322634686     
   11.3000000000000        37.2368892793168        1.25333168195985     
   11.4000000000000        37.2371404768365        1.25334013685004     
   11.5000000000000        37.2373916528901        1.25334859101772     
   11.6000000000000        37.2376428074862        1.25335704446317     
   11.7000000000000        37.2378939406333        1.25336549718669     
   11.8000000000000        37.2381450523401        1.25337394918856     
   11.9000000000000        37.2383961426152        1.25338240046907     
   12.0000000000000        37.2386472114673        1.25339085102852     
   12.1000000000000        37.2388982589048        1.25339930086720     
   12.2000000000000        37.2391492849365        1.25340774998539     
   12.3000000000000        37.2394002895710        1.25341619838338     
   12.4000000000000        37.2396512728168        1.25342464606147     
   12.5000000000000        37.2399022346826        1.25343309301994     
   12.6000000000000        37.2401531751770        1.25344153925909     
   12.7000000000000        37.2404040943086        1.25344998477920     
   12.8000000000000        37.2406549920860        1.25345842958056     
   12.9000000000000        37.2409058685178        1.25346687366347     
   13.0000000000000        37.2411567236127        1.25347531702821     
   13.1000000000000        37.2414075573793        1.25348375967507     
   13.2000000000000        37.2416583698261        1.25349220160435     
   13.3000000000000        37.2419091609619        1.25350064281634     
   13.4000000000000        37.2421599307952        1.25350908331131     
   13.5000000000000        37.2424106793346        1.25351752308957     
   13.6000000000000        37.2426614065887        1.25352596215141     
   13.7000000000000        37.2429121125662        1.25353440049711     
   13.8000000000000        37.2431627972757        1.25354283812696     
   13.9000000000000        37.2434134607258        1.25355127504126     
   14.0000000000000        37.2436641029252        1.25355971124029     
   14.1000000000000        37.2439147238823        1.25356814672434     
   14.2000000000000        37.2441653236059        1.25357658149371     
   14.3000000000000        37.2444159021046        1.25358501554869     
   14.4000000000000        37.2446664593870        1.25359344888955     
   14.5000000000000        37.2449169954617        1.25360188151661     
   14.6000000000000        37.2451675103374        1.25361031343013     
   14.7000000000000        37.2454180040226        1.25361874463043     
   14.8000000000000        37.2456684765260        1.25362717511777     
   14.9000000000000        37.2459189278561        1.25363560489247     
   15.0000000000000        37.2461693580217        1.25364403395480     
   15.1000000000000        37.2464197670314        1.25365246230505     
   15.2000000000000        37.2466701548937        1.25366088994352     
   15.3000000000000        37.2469205216172        1.25366931687050     
   15.4000000000000        37.2471708672107        1.25367774308627     
   15.5000000000000        37.2474211916827        1.25368616859113     
   15.6000000000000        37.2476714950419        1.25369459338536     
   15.7000000000000        37.2479217772968        1.25370301746926     
   15.8000000000000        37.2481720384561        1.25371144084312     
   15.9000000000000        37.2484222785285        1.25371986350723     
   16.0000000000000        37.2486724975225        1.25372828546187     
   16.1000000000000        37.2489226954468        1.25373670670735     
   16.2000000000000        37.2491728723099        1.25374512724394     
   16.3000000000000        37.2494230281206        1.25375354707194     
   16.4000000000000        37.2496731628874        1.25376196619164     
   16.5000000000000        37.2499232766190        1.25377038460332     
   16.6000000000000        37.2501733693240        1.25377880230729     
   16.7000000000000        37.2504234410110        1.25378721930382     
   16.8000000000000        37.2506734916887        1.25379563559322     
   16.9000000000000        37.2509235213656        1.25380405117577     
   17.0000000000000        37.2511735300505        1.25381246605176     
   17.1000000000000        37.2514235177518        1.25382088022148     
   17.2000000000000        37.2516734844783        1.25382929368522     
   17.3000000000000        37.2519234302386        1.25383770644327     
   17.4000000000000        37.2521733550413        1.25384611849593     
   17.5000000000000        37.2524232588951        1.25385452984347     
   17.6000000000000        37.2526731418085        1.25386294048620     
   17.7000000000000        37.2529230037902        1.25387135042441     
   17.8000000000000        37.2531728448488        1.25387975965838     
   17.9000000000000        37.2534226649930        1.25388816818840     
   18.0000000000000        37.2536724642314        1.25389657601477     
   18.1000000000000        37.2539222425726        1.25390498313778     
   18.2000000000000        37.2541720000252        1.25391338955771     
   18.3000000000000        37.2544217365980        1.25392179527486     
   18.4000000000000        37.2546714522994        1.25393020028951     
   18.5000000000000        37.2549211471381        1.25393860460196     
   18.6000000000000        37.2551708211229        1.25394700821250     
   18.7000000000000        37.2554204742622        1.25395541112142     
   18.8000000000000        37.2556701065648        1.25396381332901     
   18.9000000000000        37.2559197180392        1.25397221483555     
   19.0000000000000        37.2561693086941        1.25398061564135     
   19.1000000000000        37.2564188785382        1.25398901574669     
   19.2000000000000        37.2566684275800        1.25399741515186     
   19.3000000000000        37.2569179558282        1.25400581385715     
   19.4000000000000        37.2571674632914        1.25401421186286     
   19.5000000000000        37.2574169499783        1.25402260916926     
   19.6000000000000        37.2576664158976        1.25403100577666     
   19.7000000000000        37.2579158610577        1.25403940168535     
   19.8000000000000        37.2581652854674        1.25404779689561     
   19.9000000000000        37.2584146891353        1.25405619140774     
   20.0000000000000        37.2586640720701        1.25406458522202     
   20.1000000000000        37.2589134342803        1.25407297833875     
   20.2000000000000        37.2591627757746        1.25408137075822     
   20.3000000000000        37.2594120965617        1.25408976248071     
   20.4000000000000        37.2596613966502        1.25409815350653     
   20.5000000000000        37.2599106760487        1.25410654383595     
   20.6000000000000        37.2601599347658        1.25411493346927     
   20.7000000000000        37.2604091728103        1.25412332240679     
   20.8000000000000        37.2606583901906        1.25413171064879     
   20.9000000000000        37.2609075869156        1.25414009819556     
   21.0000000000000        37.2611567629937        1.25414848504739     
   21.1000000000000        37.2614059184337        1.25415687120458     
   21.2000000000000        37.2616550532442        1.25416525666741     
   21.3000000000000        37.2619041674338        1.25417364143618     
   21.4000000000000        37.2621532610112        1.25418202551117     
   21.5000000000000        37.2624023339849        1.25419040889269     
   21.6000000000000        37.2626513863638        1.25419879158101     
   21.7000000000000        37.2629004181563        1.25420717357643     
   21.8000000000000        37.2631494293711        1.25421555487923     
   21.9000000000000        37.2633984200169        1.25422393548972     
   22.0000000000000        37.2636473901022        1.25423231540818     
   22.1000000000000        37.2638963396359        1.25424069463491     
   22.2000000000000        37.2641452686264        1.25424907317018     
   22.3000000000000        37.2643941770825        1.25425745101430     
   22.4000000000000        37.2646430650127        1.25426582816756     
   22.5000000000000        37.2648919324258        1.25427420463024     
   22.6000000000000        37.2651407793302        1.25428258040263     
   22.7000000000000        37.2653896057348        1.25429095548504     
   22.8000000000000        37.2656384116482        1.25429932987774     
   22.9000000000000        37.2658871970789        1.25430770358103     
   23.0000000000000        37.2661359620357        1.25431607659520     
   23.1000000000000        37.2663847065271        1.25432444892055     
   23.2000000000000        37.2666334305619        1.25433282055735     
   23.3000000000000        37.2668821341486        1.25434119150591     
   23.4000000000000        37.2671308172959        1.25434956176651     
   23.5000000000000        37.2673794800125        1.25435793133945     
   23.6000000000000        37.2676281223069        1.25436630022502     
   23.7000000000000        37.2678767441880        1.25437466842350     
   23.8000000000000        37.2681253456642        1.25438303593519     
   23.9000000000000        37.2683739267442        1.25439140276038     
   24.0000000000000        37.2686224874367        1.25439976889935     
   24.1000000000000        37.2688710277504        1.25440813435241     
   24.2000000000000        37.2691195476938        1.25441649911985     
   24.3000000000000        37.2693680472757        1.25442486320194     
   24.4000000000000        37.2696165265046        1.25443322659899     
   24.5000000000000        37.2698649853893        1.25444158931128     
   24.6000000000000        37.2701134239383        1.25444995133912     
   24.7000000000000        37.2703618421603        1.25445831268277     
   24.8000000000000        37.2706102400640        1.25446667334255     
   24.9000000000000        37.2708586176580        1.25447503331874     
   25.0000000000000        37.2711069749510        1.25448339261163     
   25.1000000000000        37.2713553119516        1.25449175122151     
   25.2000000000000        37.2716036286685        1.25450010914867     
   25.3000000000000        37.2718519251102        1.25450846639341     
   25.4000000000000        37.2721002012855        1.25451682295601     
   25.5000000000000        37.2723484572031        1.25452517883677     
   25.6000000000000        37.2725966928715        1.25453353403598     
   25.7000000000000        37.2728449082994        1.25454188855393     
   25.8000000000000        37.2730931034955        1.25455024239090     
   25.9000000000000        37.2733412784684        1.25455859554720     
   26.0000000000000        37.2735894332268        1.25456694802311     
   26.1000000000000        37.2738375677793        1.25457529981893     
   26.2000000000000        37.2740856821346        1.25458365093494     
   26.3000000000000        37.2743337763013        1.25459200137143     
   26.4000000000000        37.2745818502881        1.25460035112871     
   26.5000000000000        37.2748299041036        1.25460870020705     
   26.6000000000000        37.2750779377565        1.25461704860675     
   26.7000000000000        37.2753259512554        1.25462539632811     
   26.8000000000000        37.2755739446091        1.25463374337140     
   26.9000000000000        37.2758219178261        1.25464208973693     
   27.0000000000000        37.2760698709151        1.25465043542499     
   27.1000000000000        37.2763178038848        1.25465878043586     
   27.2000000000000        37.2765657167438        1.25466712476984     
   27.3000000000000        37.2768136095007        1.25467546842722     
   27.4000000000000        37.2770614821643        1.25468381140829     
   27.5000000000000        37.2773093347432        1.25469215371334     
   27.6000000000000        37.2775571672460        1.25470049534267     
   27.7000000000000        37.2778049796814        1.25470883629656     
   27.8000000000000        37.2780527720580        1.25471717657530     
   27.9000000000000        37.2783005443846        1.25472551617920     
   28.0000000000000        37.2785482966697        1.25473385510853     
   28.1000000000000        37.2787960289221        1.25474219336359     
   28.2000000000000        37.2790437411503        1.25475053094467     
   28.3000000000000        37.2792914333631        1.25475886785207     
   28.4000000000000        37.2795391055691        1.25476720408607     
   28.5000000000000        37.2797867577769        1.25477553964697     
   28.6000000000000        37.2800343899953        1.25478387453505     
   28.7000000000000        37.2802820022328        1.25479220875061     
   28.8000000000000        37.2805295944982        1.25480054229395     
   28.9000000000000        37.2807771668001        1.25480887516534     
   29.0000000000000        37.2810247191471        1.25481720736509     
   29.1000000000000        37.2812722515479        1.25482553889348     
   29.2000000000000        37.2815197640113        1.25483386975081     
   29.3000000000000        37.2817672565457        1.25484219993737     
   29.4000000000000        37.2820147291600        1.25485052945345     
   29.5000000000000        37.2822621818627        1.25485885829933     
   29.6000000000000        37.2825096146625        1.25486718647532     
   29.7000000000000        37.2827570275682        1.25487551398170     
   29.8000000000000        37.2830044205882        1.25488384081877     
   29.9000000000000        37.2832517937314        1.25489216698682     
   30.0000000000000        37.2834991470064        1.25490049248613     
   30.1000000000000        37.2837464804218        1.25490881731700     
   30.2000000000000        37.2839937939863        1.25491714147973     
   30.3000000000000        37.2842410877085        1.25492546497460     
   30.4000000000000        37.2844883615972        1.25493378780190     
   30.5000000000000        37.2847356156609        1.25494210996193     
   30.6000000000000        37.2849828499085        1.25495043145498     
   30.7000000000000        37.2852300643484        1.25495875228134     
   30.8000000000000        37.2854772589894        1.25496707244130     
   30.9000000000000        37.2857244338402        1.25497539193515     
   31.0000000000000        37.2859715889094        1.25498371076319     
   31.1000000000000        37.2862187242057        1.25499202892570     
   31.2000000000000        37.2864658397377        1.25500034642299     
   31.3000000000000        37.2867129355141        1.25500866325533     
   31.4000000000000        37.2869600115436        1.25501697942302     
   31.5000000000000        37.2872070678349        1.25502529492636     
   31.6000000000000        37.2874541043966        1.25503360976563     
   31.7000000000000        37.2877011212373        1.25504192394113     
   31.8000000000000        37.2879481183658        1.25505023745315     
   31.9000000000000        37.2881950957907        1.25505855030197     
   32.0000000000000        37.2884420535207        1.25506686248790     
   32.1000000000000        37.2886889915644        1.25507517401122     
   32.2000000000000        37.2889359099306        1.25508348487223     
   32.3000000000000        37.2891828086279        1.25509179507122     
   32.4000000000000        37.2894296876649        1.25510010460847     
   32.5000000000000        37.2896765470503        1.25510841348429     
   32.6000000000000        37.2899233867929        1.25511672169896     
   32.7000000000000        37.2901702069012        1.25512502925277     
   32.8000000000000        37.2904170073839        1.25513333614602     
   32.9000000000000        37.2906637882498        1.25514164237899     
   33.0000000000000        37.2909105495074        1.25514994795199     
   33.1000000000000        37.2911572911655        1.25515825286530     
   33.2000000000000        37.2914040132327        1.25516655711921     
   33.3000000000000        37.2916507157177        1.25517486071402     
   33.4000000000000        37.2918973986291        1.25518316365001     
   33.5000000000000        37.2921440619757        1.25519146592749     
   33.6000000000000        37.2923907057662        1.25519976754673     
   33.7000000000000        37.2926373300090        1.25520806850804     
   33.8000000000000        37.2928839347131        1.25521636881170     
   33.9000000000000        37.2931305198869        1.25522466845801     
   34.0000000000000        37.2933770855393        1.25523296744726     
   34.1000000000000        37.2936236316788        1.25524126577974     
   34.2000000000000        37.2938701583142        1.25524956345574     
   34.3000000000000        37.2941166654542        1.25525786047556     
   34.4000000000000        37.2943631531073        1.25526615683949     
   34.5000000000000        37.2946096212822        1.25527445254781     
   34.6000000000000        37.2948560699878        1.25528274760082     
   34.7000000000000        37.2951024992325        1.25529104199882     
   34.8000000000000        37.2953489090252        1.25529933574209     
   34.9000000000000        37.2955952993744        1.25530762883092     
   35.0000000000000        37.2958416702889        1.25531592126562     
   35.1000000000000        37.2960880217772        1.25532421304647     
   35.2000000000000        37.2963343538482        1.25533250417375     
   35.3000000000000        37.2965806665105        1.25534079464778     
   35.4000000000000        37.2968269597727        1.25534908446883     
   35.5000000000000        37.2970732336436        1.25535737363720     
   35.6000000000000        37.2973194881318        1.25536566215318     
   35.7000000000000        37.2975657232459        1.25537395001706     
   35.8000000000000        37.2978119389947        1.25538223722914     
   35.9000000000000        37.2980581353869        1.25539052378970     
   36.0000000000000        37.2983043124311        1.25539880969905     
   36.1000000000000        37.2985504701360        1.25540709495747     
   36.2000000000000        37.2987966085102        1.25541537956525     
   36.3000000000000        37.2990427275626        1.25542366352268     
   36.4000000000000        37.2992888273017        1.25543194683006     
   36.5000000000000        37.2995349077361        1.25544022948769     
   36.6000000000000        37.2997809688747        1.25544851149584     
   36.7000000000000        37.3000270107261        1.25545679285482     
   36.8000000000000        37.3002730332989        1.25546507356492     
   36.9000000000000        37.3005190366019        1.25547335362642     
   37.0000000000000        37.3007650206437        1.25548163303963     
   37.1000000000000        37.3010109854330        1.25548991180483     
   37.2000000000000        37.3012569309784        1.25549818992231     
   37.3000000000000        37.3015028572888        1.25550646739237     
   37.4000000000000        37.3017487643727        1.25551474421530     
   37.5000000000000        37.3019946522388        1.25552302039140     
   37.6000000000000        37.3022405208959        1.25553129592094     
   37.7000000000000        37.3024863703525        1.25553957080424     
   37.8000000000000        37.3027322006174        1.25554784504157     
   37.9000000000000        37.3029780116993        1.25555611863323     
   38.0000000000000        37.3032238036068        1.25556439157952     
   38.1000000000000        37.3034695763487        1.25557266388072     
   38.2000000000000        37.3037153299336        1.25558093553713     
   38.3000000000000        37.3039610643702        1.25558920654904     
   38.4000000000000        37.3042067796671        1.25559747691674     
   38.5000000000000        37.3044524758332        1.25560574664053     
   38.6000000000000        37.3046981528770        1.25561401572069     
   38.7000000000000        37.3049438108072        1.25562228415753     
   38.8000000000000        37.3051894496326        1.25563055195132     
   38.9000000000000        37.3054350693618        1.25563881910237     
   39.0000000000000        37.3056806700034        1.25564708561097     
   39.1000000000000        37.3059262515663        1.25565535147741     
   39.2000000000000        37.3061718140590        1.25566361670197     
   39.3000000000000        37.3064173574903        1.25567188128496     
   39.4000000000000        37.3066628818689        1.25568014522667     
   39.5000000000000        37.3069083872034        1.25568840852738     
   39.6000000000000        37.3071538735025        1.25569667118740     
   39.7000000000000        37.3073993407749        1.25570493320701     
   39.8000000000000        37.3076447890293        1.25571319458650     
   39.9000000000000        37.3078902182744        1.25572145532617     
   40.0000000000000        37.3081356285189        1.25572971542632     
