  0.000000000000000E+000  9.175227459841015E-017  0.000000000000000E+000
  0.100000000000000       2.998176673965158E-002 -1.165402265300227E-003
  0.200000000000000       5.995152900433517E-002 -4.665394827910168E-003
  0.300000000000000       8.989728712558490E-002 -1.051130290330289E-002
  0.400000000000000       0.119807051046014      -1.872189510889416E-002
  0.500000000000000       0.151160461052385      -2.932393654006769E-002
  0.600000000000000       0.182447144109412      -4.235502284250502E-002
  0.700000000000000       0.213653289297883      -5.786285279579598E-002
  0.800000000000000       0.246244050575618      -7.590688725362418E-002
  0.900000000000000       0.280188399549113      -9.656408871474229E-002
   1.00000000000000        1.49842835766674      -0.174444509667061     
   1.10000000000000        1.49842835766674      -0.291946355032914     
   1.20000000000000        1.49842835766674      -0.409448200398767     
   1.30000000000000        1.49842835766674      -0.526950045764620     
   1.40000000000000        1.49842835766674      -0.644451891130473     
   1.50000000000000        1.49842835766674      -0.761953736496326     
   1.60000000000000        1.49842835766674      -0.879455581862179     
   1.70000000000000        1.49842835766674      -0.996957427228032     
   1.80000000000000        1.49842835766674       -1.11445927259388     
   1.90000000000000        1.49842835766674       -1.23196111795974     
   2.00000000000000        1.49842835766674       -1.34946296332559     
   2.10000000000000        1.49842835766674       -1.46696480869144     
   2.20000000000000        1.49842835766674       -1.58446665405730     
   2.30000000000000        1.49842835766674       -1.70196849942315     
   2.40000000000000        1.49842835766674       -1.81947034478900     
   2.50000000000000        1.49842835766674       -1.93697219015486     
   2.60000000000000        1.49842835766674       -2.05447403552071     
   2.70000000000000        1.49842835766674       -2.17197588088656     
   2.80000000000000        1.49842835766674       -2.28947772625241     
   2.90000000000000        1.49842835766674       -2.40697957161827     
   3.00000000000000        1.49842835766674       -2.52448141698412     
   3.10000000000000        1.49842835766674       -2.64198326234997     
   3.20000000000000        1.49842835766674       -2.75948510771583     
   3.30000000000000        1.49842835766674       -2.87698695308168     
   3.40000000000000        1.49842835766674       -2.99448879844753     
   3.50000000000000        1.49842835766674       -3.11199064381339     
   3.60000000000000        1.49842835766674       -3.22949248917924     
   3.70000000000000        1.49842835766674       -3.34699433454509     
   3.80000000000000        1.49842835766674       -3.46449617991094     
   3.90000000000000        1.49842835766674       -3.58199802527680     
   4.00000000000000        1.49842835766674       -3.69949987064265     
   4.10000000000000        1.49842835766674       -3.81700171600850     
   4.20000000000000        1.49842835766674       -3.93450356137436     
   4.30000000000000        1.49842835766674       -4.05200540674021     
   4.40000000000000        1.49842835766674       -4.16950725210606     
   4.50000000000000        1.49842835766674       -4.28700909747192     
   4.60000000000000        1.49842835766674       -4.40451094283777     
   4.70000000000000        1.49842835766674       -4.52201278820362     
   4.80000000000000        1.49842835766674       -4.63951463356947     
   4.90000000000000        1.49842835766674       -4.75701647893533     
   5.00000000000000        1.49842835766674       -4.87451832430118     
   5.10000000000000        1.49842835766674       -4.99202016966703     
   5.20000000000000        1.49842835766674       -5.10952201503289     
   5.30000000000000        1.49842835766674       -5.22702386039874     
   5.40000000000000        1.49842835766674       -5.34452570576459     
   5.50000000000000        1.49842835766674       -5.46202755113045     
   5.60000000000000        1.49842835766674       -5.57952939649630     
   5.70000000000000        1.49842835766674       -5.69703124186215     
   5.80000000000000        1.49842835766674       -5.81453308722800     
   5.90000000000000        1.49842835766674       -5.93203493259386     
   6.00000000000000        1.49842835766674       -6.04953677795971     
   6.10000000000000        1.49842835766674       -6.16703862332556     
   6.20000000000000        1.49842835766674       -6.28454046869142     
   6.30000000000000        1.49842835766674       -6.40204231405727     
   6.40000000000000        1.49842835766674       -6.51954415942312     
   6.50000000000000        1.49842835766674       -6.63704600478898     
   6.60000000000000        1.49842835766674       -6.75454785015483     
   6.70000000000000        1.49842835766674       -6.87204969552068     
   6.80000000000000        1.49842835766674       -6.98955154088653     
   6.90000000000000        1.49842835766674       -7.10705338625239     
   7.00000000000000        1.49842835766674       -7.22455523161824     
   7.10000000000000        1.49842835766674       -7.34205707698409     
   7.20000000000000        1.49842835766674       -7.45955892234994     
   7.30000000000000        1.49842835766674       -7.57706076771580     
   7.40000000000000        1.49842835766674       -7.69456261308165     
   7.50000000000000        1.49842835766674       -7.81206445844751     
   7.60000000000000        1.49842835766674       -7.92956630381336     
   7.70000000000000        1.49842835766674       -8.04706814917921     
   7.80000000000000        1.49842835766674       -8.16456999454506     
   7.90000000000000        1.49842835766674       -8.28207183991092     
   8.00000000000000        1.49842835766674       -8.39957368527677     
   8.10000000000000        1.49842835766674       -8.51707553064262     
   8.20000000000000        1.49842835766674       -8.63457737600848     
   8.30000000000000        1.49842835766674       -8.75207922137433     
   8.40000000000000        1.49842835766674       -8.86958106674018     
   8.50000000000000        1.49842835766674       -8.98708291210603     
   8.60000000000000        1.49842835766674       -9.10458475747189     
   8.70000000000000        1.49842835766674       -9.22208660283774     
   8.80000000000000        1.49842835766674       -9.33958844820359     
   8.90000000000000        1.49842835766674       -9.45709029356945     
   9.00000000000000        1.49842835766674       -9.57459213893530     
   9.10000000000000        1.49842835766674       -9.69209398430115     
   9.20000000000000        1.49842835766674       -9.80959582966701     
   9.30000000000000        1.49842835766674       -9.92709767503286     
   9.40000000000000        1.49842835766674       -10.0445995203987     
   9.50000000000000        1.49842835766674       -10.1621013657646     
   9.60000000000000        1.49842835766674       -10.2796032111304     
   9.70000000000000        1.49842835766674       -10.3971050564963     
   9.80000000000000        1.49842835766674       -10.5146069018621     
   9.90000000000000        1.49842835766674       -10.6321087472280     
   10.0000000000000        1.49842835766674       -10.7496105925938     
   10.1000000000000        1.49842835766674       -10.8671124379597     
   10.2000000000000        1.49842835766674       -10.9846142833255     
   10.3000000000000        1.49842835766674       -11.1021161286914     
   10.4000000000000        1.49842835766674       -11.2196179740572     
   10.5000000000000        1.49842835766674       -11.3371198194231     
   10.6000000000000        1.49842835766674       -11.4546216647889     
   10.7000000000000        1.49842835766674       -11.5721235101548     
   10.8000000000000        1.49842835766674       -11.6896253555207     
   10.9000000000000        1.49842835766674       -11.8071272008865     
   11.0000000000000        1.49842835766674       -11.9246290462524     
   11.1000000000000        1.49842835766674       -12.0421308916182     
   11.2000000000000        1.49842835766674       -12.1596327369841     
   11.3000000000000        1.49842835766674       -12.2771345823499     
   11.4000000000000        1.49842835766674       -12.3946364277158     
   11.5000000000000        1.49842835766674       -12.5121382730816     
   11.6000000000000        1.49842835766674       -12.6296401184475     
   11.7000000000000        1.49842835766674       -12.7471419638133     
   11.8000000000000        1.49842835766674       -12.8646438091792     
   11.9000000000000        1.49842835766674       -12.9821456545450     
   12.0000000000000        1.49842835766674       -13.0996474999109     
   12.1000000000000        1.49842835766674       -13.2171493452767     
   12.2000000000000        1.49842835766674       -13.3346511906426     
   12.3000000000000        1.49842835766674       -13.4521530360084     
   12.4000000000000        1.49842835766674       -13.5696548813743     
   12.5000000000000        1.49842835766674       -13.6871567267402     
   12.6000000000000        1.49842835766674       -13.8046585721060     
   12.7000000000000        1.49842835766674       -13.9221604174719     
   12.8000000000000        1.49842835766674       -14.0396622628377     
   12.9000000000000        1.49842835766674       -14.1571641082036     
   13.0000000000000        1.49842835766674       -14.2746659535694     
   13.1000000000000        1.49842835766674       -14.3921677989353     
   13.2000000000000        1.49842835766674       -14.5096696443011     
   13.3000000000000        1.49842835766674       -14.6271714896670     
   13.4000000000000        1.49842835766674       -14.7446733350328     
   13.5000000000000        1.49842835766674       -14.8621751803987     
   13.6000000000000        1.49842835766674       -14.9796770257645     
   13.7000000000000        1.49842835766674       -15.0971788711304     
   13.8000000000000        1.49842835766674       -15.2146807164962     
   13.9000000000000        1.49842835766674       -15.3321825618621     
   14.0000000000000        1.49842835766674       -15.4496844072279     
   14.1000000000000        1.49842835766674       -15.5671862525938     
   14.2000000000000        1.49842835766674       -15.6846880979597     
   14.3000000000000        1.49842835766674       -15.8021899433255     
   14.4000000000000        1.49842835766674       -15.9196917886914     
   14.5000000000000        1.49842835766674       -16.0371936340572     
   14.6000000000000        1.49842835766674       -16.1546954794231     
   14.7000000000000        1.49842835766674       -16.2721973247889     
   14.8000000000000        1.49842835766674       -16.3896991701548     
   14.9000000000000        1.49842835766674       -16.5072010155206     
   15.0000000000000        1.49842835766674       -16.6247028608865     
   15.1000000000000        1.49842835766674       -16.7422047062523     
   15.2000000000000        1.49842835766674       -16.8597065516182     
   15.3000000000000        1.49842835766674       -16.9772083969840     
   15.4000000000000        1.49842835766674       -17.0947102423499     
   15.5000000000000        1.49842835766674       -17.2122120877157     
   15.6000000000000        1.49842835766674       -17.3297139330816     
   15.7000000000000        1.49842835766674       -17.4472157784474     
   15.8000000000000        1.49842835766674       -17.5647176238133     
   15.9000000000000        1.49842835766674       -17.6822194691792     
   16.0000000000000        1.49842835766674       -17.7997213145450     
   16.1000000000000        1.49842835766674       -17.9172231599109     
   16.2000000000000        1.49842835766674       -18.0347250052767     
   16.3000000000000        1.49842835766674       -18.1522268506426     
   16.4000000000000        1.49842835766674       -18.2697286960084     
   16.5000000000000        1.49842835766674       -18.3872305413743     
   16.6000000000000        1.49842835766674       -18.5047323867401     
   16.7000000000000        1.49842835766674       -18.6222342321060     
   16.8000000000000        1.49842835766674       -18.7397360774718     
   16.9000000000000        1.49842835766674       -18.8572379228377     
   17.0000000000000        1.49842835766674       -18.9747397682035     
   17.1000000000000        1.49842835766674       -19.0922416135694     
   17.2000000000000        1.49842835766674       -19.2097434589352     
   17.3000000000000        1.49842835766674       -19.3272453043011     
   17.4000000000000        1.49842835766674       -19.4447471496669     
   17.5000000000000        1.49842835766674       -19.5622489950328     
   17.6000000000000        1.49842835766674       -19.6797508403987     
   17.7000000000000        1.49842835766674       -19.7972526857645     
   17.8000000000000        1.49842835766674       -19.9147545311304     
   17.9000000000000        1.49842835766674       -20.0322563764962     
   18.0000000000000        1.49842835766674       -20.1497582218621     
   18.1000000000000        1.49842835766674       -20.2672600672279     
   18.2000000000000        1.49842835766674       -20.3847619125938     
   18.3000000000000        1.49842835766674       -20.5022637579596     
   18.4000000000000        1.49842835766674       -20.6197656033255     
   18.5000000000000        1.49842835766674       -20.7372674486913     
   18.6000000000000        1.49842835766674       -20.8547692940572     
   18.7000000000000        1.49842835766674       -20.9722711394230     
   18.8000000000000        1.49842835766674       -21.0897729847889     
   18.9000000000000        1.49842835766674       -21.2072748301547     
   19.0000000000000        1.49842835766674       -21.3247766755206     
   19.1000000000000        1.49842835766674       -21.4422785208864     
   19.2000000000000        1.49842835766674       -21.5597803662523     
   19.3000000000000        1.49842835766674       -21.6772822116182     
   19.4000000000000        1.49842835766674       -21.7947840569840     
   19.5000000000000        1.49842835766674       -21.9122859023499     
   19.6000000000000        1.49842835766674       -22.0297877477157     
   19.7000000000000        1.49842835766674       -22.1472895930816     
   19.8000000000000        1.49842835766674       -22.2647914384474     
   19.9000000000000        1.49842835766674       -22.3822932838133     
   20.0000000000000        1.49842835766674       -22.4997951291791     
   20.1000000000000        1.49842835766674       -22.6172969745450     
   20.2000000000000        1.49842835766674       -22.7347988199108     
   20.3000000000000        1.49842835766674       -22.8523006652767     
   20.4000000000000        1.49842835766674       -22.9698025106425     
   20.5000000000000        1.49842835766674       -23.0873043560084     
   20.6000000000000        1.49842835766674       -23.2048062013742     
   20.7000000000000        1.49842835766674       -23.3223080467401     
   20.8000000000000        1.49842835766674       -23.4398098921059     
   20.9000000000000        1.49842835766674       -23.5573117374718     
   21.0000000000000        1.49842835766674       -23.6748135828377     
   21.1000000000000        1.49842835766674       -23.7923154282035     
   21.2000000000000        1.49842835766674       -23.9098172735694     
   21.3000000000000        1.49842835766674       -24.0273191189352     
   21.4000000000000        1.49842835766674       -24.1448209643011     
   21.5000000000000        1.49842835766674       -24.2623228096669     
   21.6000000000000        1.49842835766674       -24.3798246550328     
   21.7000000000000        1.49842835766674       -24.4973265003986     
   21.8000000000000        1.49842835766674       -24.6148283457645     
   21.9000000000000        1.49842835766674       -24.7323301911303     
   22.0000000000000        1.49842835766674       -24.8498320364962     
   22.1000000000000        1.49842835766674       -24.9673338818620     
   22.2000000000000        1.49842835766674       -25.0848357272279     
   22.3000000000000        1.49842835766674       -25.2023375725937     
   22.4000000000000        1.49842835766674       -25.3198394179596     
   22.5000000000000        1.49842835766674       -25.4373412633254     
   22.6000000000000        1.49842835766674       -25.5548431086913     
   22.7000000000000        1.49842835766674       -25.6723449540572     
   22.8000000000000        1.49842835766674       -25.7898467994230     
   22.9000000000000        1.49842835766674       -25.9073486447889     
   23.0000000000000        1.49842835766674       -26.0248504901547     
   23.1000000000000        1.49842835766674       -26.1423523355206     
   23.2000000000000        1.49842835766674       -26.2598541808864     
   23.3000000000000        1.49842835766674       -26.3773560262523     
   23.4000000000000        1.49842835766674       -26.4948578716181     
   23.5000000000000        1.49842835766674       -26.6123597169840     
   23.6000000000000        1.49842835766674       -26.7298615623498     
   23.7000000000000        1.49842835766674       -26.8473634077157     
   23.8000000000000        1.49842835766674       -26.9648652530815     
   23.9000000000000        1.49842835766674       -27.0823670984474     
   24.0000000000000        1.49842835766674       -27.1998689438132     
   24.1000000000000        1.49842835766674       -27.3173707891791     
   24.2000000000000        1.49842835766674       -27.4348726345449     
   24.3000000000000        1.49842835766674       -27.5523744799108     
   24.4000000000000        1.49842835766674       -27.6698763252767     
   24.5000000000000        1.49842835766674       -27.7873781706425     
   24.6000000000000        1.49842835766674       -27.9048800160084     
   24.7000000000000        1.49842835766674       -28.0223818613742     
   24.8000000000000        1.49842835766674       -28.1398837067401     
   24.9000000000000        1.49842835766674       -28.2573855521059     
   25.0000000000000        1.49842835766674       -28.3748873974718     
   25.1000000000000        1.49842835766674       -28.4923892428376     
   25.2000000000000        1.49842835766674       -28.6098910882035     
   25.3000000000000        1.49842835766674       -28.7273929335693     
   25.4000000000000        1.49842835766674       -28.8448947789352     
   25.5000000000000        1.49842835766674       -28.9623966243010     
   25.6000000000000        1.49842835766674       -29.0798984696669     
   25.7000000000000        1.49842835766674       -29.1974003150327     
   25.8000000000000        1.49842835766674       -29.3149021603986     
   25.9000000000000        1.49842835766674       -29.4324040057645     
   26.0000000000000        1.49842835766674       -29.5499058511303     
   26.1000000000000        1.49842835766674       -29.6674076964962     
   26.2000000000000        1.49842835766674       -29.7849095418620     
   26.3000000000000        1.49842835766674       -29.9024113872279     
   26.4000000000000        1.49842835766674       -30.0199132325937     
   26.5000000000000        1.49842835766674       -30.1374150779596     
   26.6000000000000        1.49842835766674       -30.2549169233254     
   26.7000000000000        1.49842835766674       -30.3724187686913     
   26.8000000000000        1.49842835766674       -30.4899206140571     
   26.9000000000000        1.49842835766674       -30.6074224594230     
   27.0000000000000        1.49842835766674       -30.7249243047888     
   27.1000000000000        1.49842835766674       -30.8424261501547     
   27.2000000000000        1.49842835766674       -30.9599279955205     
   27.3000000000000        1.49842835766674       -31.0774298408864     
   27.4000000000000        1.49842835766674       -31.1949316862522     
   27.5000000000000        1.49842835766674       -31.3124335316181     
   27.6000000000000        1.49842835766674       -31.4299353769840     
   27.7000000000000        1.49842835766674       -31.5474372223498     
   27.8000000000000        1.49842835766674       -31.6649390677157     
   27.9000000000000        1.49842835766674       -31.7824409130815     
   28.0000000000000        1.49842835766674       -31.8999427584474     
   28.1000000000000        1.49842835766674       -32.0174446038132     
   28.2000000000000        1.49842835766674       -32.1349464491791     
   28.3000000000000        1.49842835766674       -32.2524482945449     
   28.4000000000000        1.49842835766674       -32.3699501399108     
   28.5000000000000        1.49842835766674       -32.4874519852766     
   28.6000000000000        1.49842835766674       -32.6049538306425     
   28.7000000000000        1.49842835766674       -32.7224556760083     
   28.8000000000000        1.49842835766674       -32.8399575213742     
   28.9000000000000        1.49842835766674       -32.9574593667400     
   29.0000000000000        1.49842835766674       -33.0749612121059     
   29.1000000000000        1.49842835766674       -33.1924630574717     
   29.2000000000000        1.49842835766674       -33.3099649028376     
   29.3000000000000        1.49842835766674       -33.4274667482035     
   29.4000000000000        1.49842835766674       -33.5449685935693     
   29.5000000000000        1.49842835766674       -33.6624704389352     
   29.6000000000000        1.49842835766674       -33.7799722843010     
   29.7000000000000        1.49842835766674       -33.8974741296669     
   29.8000000000000        1.49842835766674       -34.0149759750327     
   29.9000000000000        1.49842835766674       -34.1324778203986     
   30.0000000000000        1.49842835766674       -34.2499796657644     
   30.1000000000000        1.49842835766674       -34.3674815111303     
   30.2000000000000        1.49842835766674       -34.4849833564961     
   30.3000000000000        1.49842835766674       -34.6024852018620     
   30.4000000000000        1.49842835766674       -34.7199870472278     
   30.5000000000000        1.49842835766674       -34.8374888925937     
   30.6000000000000        1.49842835766674       -34.9549907379595     
   30.7000000000000        1.49842835766674       -35.0724925833254     
   30.8000000000000        1.49842835766674       -35.1899944286912     
   30.9000000000000        1.49842835766674       -35.3074962740571     
   31.0000000000000        1.49842835766674       -35.4249981194230     
   31.1000000000000        1.49842835766674       -35.5424999647888     
   31.2000000000000        1.49842835766674       -35.6600018101547     
   31.3000000000000        1.49842835766674       -35.7775036555205     
   31.4000000000000        1.49842835766674       -35.8950055008864     
   31.5000000000000        1.49842835766674       -36.0125073462522     
   31.6000000000000        1.49842835766674       -36.1300091916181     
   31.7000000000000        1.49842835766674       -36.2475110369839     
   31.8000000000000        1.49842835766674       -36.3650128823498     
   31.9000000000000        1.49842835766674       -36.4825147277156     
   32.0000000000000        1.49842835766674       -36.6000165730815     
   32.1000000000000        1.49842835766674       -36.7175184184473     
   32.2000000000000        1.49842835766674       -36.8350202638132     
   32.3000000000000        1.49842835766674       -36.9525221091790     
   32.4000000000000        1.49842835766674       -37.0700239545449     
   32.5000000000000        1.49842835766674       -37.1875257999107     
   32.6000000000000        1.49842835766674       -37.3050276452766     
   32.7000000000000        1.49842835766674       -37.4225294906424     
   32.8000000000000        1.49842835766674       -37.5400313360083     
   32.9000000000000        1.49842835766674       -37.6575331813742     
   33.0000000000000        1.49842835766674       -37.7750350267400     
   33.1000000000000        1.49842835766674       -37.8925368721059     
   33.2000000000000        1.49842835766674       -38.0100387174717     
   33.3000000000000        1.49842835766674       -38.1275405628376     
   33.4000000000000        1.49842835766674       -38.2450424082034     
   33.5000000000000        1.49842835766674       -38.3625442535693     
   33.6000000000000        1.49842835766674       -38.4800460989351     
   33.7000000000000        1.49842835766674       -38.5975479443010     
   33.8000000000000        1.49842835766674       -38.7150497896668     
   33.9000000000000        1.49842835766674       -38.8325516350327     
   34.0000000000000        1.49842835766674       -38.9500534803985     
   34.1000000000000        1.49842835766674       -39.0675553257644     
   34.2000000000000        1.49842835766674       -39.1850571711302     
   34.3000000000000        1.49842835766674       -39.3025590164961     
   34.4000000000000        1.49842835766674       -39.4200608618619     
   34.5000000000000        1.49842835766674       -39.5375627072278     
   34.6000000000000        1.49842835766674       -39.6550645525937     
   34.7000000000000        1.49842835766674       -39.7725663979595     
   34.8000000000000        1.49842835766674       -39.8900682433254     
   34.9000000000000        1.49842835766674       -40.0075700886912     
   35.0000000000000        1.49842835766674       -40.1250719340571     
   35.1000000000000        1.49842835766674       -40.2425737794229     
   35.2000000000000        1.49842835766674       -40.3600756247888     
   35.3000000000000        1.49842835766674       -40.4775774701546     
   35.4000000000000        1.49842835766674       -40.5950793155205     
   35.5000000000000        1.49842835766674       -40.7125811608863     
   35.6000000000000        1.49842835766674       -40.8300830062522     
   35.7000000000000        1.49842835766674       -40.9475848516181     
   35.8000000000000        1.49842835766674       -41.0650866969839     
   35.9000000000000        1.49842835766674       -41.1825885423498     
   36.0000000000000        1.49842835766674       -41.3000903877156     
   36.1000000000000        1.49842835766674       -41.4175922330815     
   36.2000000000000        1.49842835766674       -41.5350940784473     
   36.3000000000000        1.49842835766674       -41.6525959238132     
   36.4000000000000        1.49842835766674       -41.7700977691790     
   36.5000000000000        1.49842835766674       -41.8875996145449     
   36.6000000000000        1.49842835766674       -42.0051014599107     
   36.7000000000000        1.49842835766674       -42.1226033052766     
   36.8000000000000        1.49842835766674       -42.2401051506424     
   36.9000000000000        1.49842835766674       -42.3576069960083     
   37.0000000000000        1.49842835766674       -42.4751088413741     
   37.1000000000000        1.49842835766674       -42.5926106867400     
   37.2000000000000        1.49842835766674       -42.7101125321058     
   37.3000000000000        1.49842835766674       -42.8276143774717     
   37.4000000000000        1.49842835766674       -42.9451162228375     
   37.5000000000000        1.49842835766674       -43.0626180682034     
   37.6000000000000        1.49842835766674       -43.1801199135692     
   37.7000000000000        1.49842835766674       -43.2976217589351     
   37.8000000000000        1.49842835766674       -43.4151236043010     
   37.9000000000000        1.49842835766674       -43.5326254496668     
   38.0000000000000        1.49842835766674       -43.6501272950327     
   38.1000000000000        1.49842835766674       -43.7676291403985     
   38.2000000000000        1.49842835766674       -43.8851309857644     
   38.3000000000000        1.49842835766674       -44.0026328311302     
   38.4000000000000        1.49842835766674       -44.1201346764961     
   38.5000000000000        1.49842835766674       -44.2376365218619     
   38.6000000000000        1.49842835766674       -44.3551383672278     
   38.7000000000000        1.49842835766674       -44.4726402125936     
   38.8000000000000        1.49842835766674       -44.5901420579595     
   38.9000000000000        1.49842835766674       -44.7076439033253     
   39.0000000000000        1.49842835766674       -44.8251457486912     
   39.1000000000000        1.49842835766674       -44.9426475940570     
   39.2000000000000        1.49842835766674       -45.0601494394229     
   39.3000000000000        1.49842835766674       -45.1776512847887     
   39.4000000000000        1.49842835766674       -45.2951531301546     
   39.5000000000000        1.49842835766674       -45.4126549755205     
   39.6000000000000        1.49842835766674       -45.5301568208863     
   39.7000000000000        1.49842835766674       -45.6476586662522     
   39.8000000000000        1.49842835766674       -45.7651605116180     
   39.9000000000000        1.49842835766674       -45.8826623569839     
   40.0000000000000        1.49842835766674       -46.0001642023497     
