  0.000000000000000E+000  1.086282834576524E-016  -32.2863360957623     
  0.100000000000000       3.549866258476552E-003  -32.1435027841482     
  0.200000000000000       7.099718303084705E-003  -32.0009746200964     
  0.300000000000000       1.064954192001278E-002  -31.8587516043583     
  0.400000000000000       1.597419295108803E-002  -31.7168384252048     
  0.500000000000000       1.952388331427958E-002  -31.5752352355954     
  0.600000000000000       2.307349550272147E-002  -31.4339372040184     
  0.700000000000000       2.662301530356275E-002  -31.2929443340463     
  0.800000000000000       3.017242850432196E-002  -31.1522566297492     
  0.900000000000000       3.372172089294564E-002  -31.0118740956937     
   1.00000000000000       3.727087825786334E-002  -30.8717967369419     
   1.10000000000000       4.259433004932366E-002  -30.7320293214802     
   1.20000000000000       4.614308768304210E-002  -30.5925719127344     
   1.30000000000000       4.969166055718802E-002  -30.4534197083344     
   1.40000000000000       5.324003446307271E-002  -30.3145727161246     
   1.50000000000000       5.678819519280334E-002  -30.1760309444351     
   1.60000000000000       6.033612853933948E-002  -30.0377944020796     
   1.70000000000000       6.388382029655347E-002  -29.8998630983532     
   1.80000000000000       6.920487387888236E-002  -29.7622424981847     
   1.90000000000000       7.275189951746468E-002  -29.6249313909934     
   2.00000000000000       7.629863385326509E-002  -29.4879255704552     
   2.10000000000000       7.984506268495453E-002  -29.3512250485697     
   2.20000000000000       8.339117181242954E-002  -29.2148298378021     
   2.30000000000000       8.693694703686555E-002  -29.0787399510797     
   2.40000000000000       9.048237416077390E-002  -28.9429554017882     
   2.50000000000000       9.579983110458926E-002  -28.8074833603484     
   2.60000000000000       9.934432587245902E-002  -28.6723193743292     
   2.70000000000000       0.102888422859945       -28.5374607921801     
   2.80000000000000       0.106432107876280       -28.4029076298754     
   2.90000000000000       0.109975366732343       -28.2686599038265     
   3.00000000000000       0.113518185240726       -28.1347176308768     
   3.10000000000000       0.118831556320784       -28.0010810582050     
   3.20000000000000       0.122373211901745       -27.8677597670613     
   3.30000000000000       0.125914377493341       -27.7347440110517     
   3.40000000000000       0.129455038916539       -27.6020338094772     
   3.50000000000000       0.132995181994330       -27.4696291820439     
   3.60000000000000       0.136534792551777       -27.3375301488577     
   3.70000000000000       0.140073856416077       -27.2057367304184     
   3.80000000000000       0.145381396165267       -27.0742538016499     
   3.90000000000000       0.148919031305185       -26.9430819468953     
   4.00000000000000       0.152456070164753       -26.8122158056879     
   4.10000000000000       0.155992498581462       -26.6816554007995     
   4.20000000000000       0.159528302395253       -26.5514007553632     
   4.30000000000000       0.163063467448562       -26.4214518928665     
   4.40000000000000       0.168364986389266       -26.2918098895135     
   4.50000000000000       0.171898492618965       -26.1624831903803     
   4.60000000000000       0.175431310557231       -26.0334623868273     
   4.70000000000000       0.178963426058458       -25.9047475044243     
   4.80000000000000       0.182494824979853       -25.7763385690575     
   4.90000000000000       0.186025493181492       -25.6482356069224     
   5.00000000000000       0.189555416526377       -25.5204386445164     
   5.10000000000000       0.194848874019959       -25.3929576132265     
   5.20000000000000       0.198376873393303       -25.2657835908924     
   5.30000000000000       0.201904078454257       -25.1389156953032     
   5.40000000000000       0.205430475079689       -25.0123539547868     
   5.50000000000000       0.208956049149706       -24.8861727104465     
   5.60000000000000       0.212480786547706       -24.7602232810244     
   5.70000000000000       0.217766293012868       -24.6345903870035     
   5.80000000000000       0.221288876992821       -24.5092646543506     
   5.90000000000000       0.224810574919405       -24.3842452713424     
   6.00000000000000       0.228331372691542       -24.2595322684054     
   6.10000000000000       0.231851256211755       -24.1351256761680     
   6.20000000000000       0.237129336440508       -24.0110270922865     
   6.30000000000000       0.240646872678612       -23.8872449066116     
   6.40000000000000       0.244163445352822       -23.7637692791222     
   6.50000000000000       0.247679040382581       -23.6406002418067     
   6.60000000000000       0.251193643691242       -23.5177378268038     
   6.70000000000000       0.254707241206133       -23.3951820663917     
   6.80000000000000       0.259975720841103       -23.2729394900492     
   6.90000000000000       0.263486742330189       -23.1510090152773     
   7.00000000000000       0.266996708803234       -23.0293853515462     
   7.10000000000000       0.270505606206128       -22.9080685322063     
   7.20000000000000       0.274013420489045       -22.7870585906921     
   7.30000000000000       0.279273080340156       -22.6663574871075     
   7.40000000000000       0.282778125383739       -22.5459736348532     
   7.50000000000000       0.286282038167474       -22.4258968235827     
   7.60000000000000       0.289784804661492       -22.3061270875418     
   7.70000000000000       0.293286410840517       -22.1866644610005     
   7.80000000000000       0.296786842683916       -22.0675089782422     
   7.90000000000000       0.302035257911166       -21.9486727556962     
   8.00000000000000       0.305532692606229       -21.8301443370301     
   8.10000000000000       0.309028903930850       -21.7119232313826     
   8.20000000000000       0.312523877885998       -21.5940094735209     
   8.30000000000000       0.316017600477598       -21.4764030981624     
   8.40000000000000       0.319510057716583       -21.3591041399631     
   8.50000000000000       0.324746340450309       -21.2420643671981     
   8.60000000000000       0.328235573138981       -21.1253936197540     
   8.70000000000000       0.331723491553575       -21.0090304642784     
   8.80000000000000       0.336952874362778       -20.8929764068716     
   8.90000000000000       0.340437446003338       -20.7772419562591     
   9.00000000000000       0.343920654512820       -20.6618152737130     
   9.10000000000000       0.347402485944256       -20.5466963940784     
   9.20000000000000       0.350882926356196       -20.4318853520281     
   9.30000000000000       0.356100948329338       -20.3173882642256     
   9.40000000000000       0.359577850235364       -20.2032068487068     
   9.50000000000000       0.363053312371036       -20.0893334486091     
   9.60000000000000       0.366527320820401       -19.9757680982326     
   9.70000000000000       0.369999861673333       -19.8625108316346     
   9.80000000000000       0.375205890795482       -19.7495749448947     
   9.90000000000000       0.378674701839211       -19.6369482432087     
   10.0000000000000       0.382141996647696       -19.5246298034988     
   10.1000000000000       0.385607761337686       -19.4126196591235     
   10.2000000000000       0.390803509045986       -19.3009262723871     
   10.3000000000000       0.394265387740879       -19.1895474977321     
   10.4000000000000       0.397725687774526       -19.0784771962031     
   10.5000000000000       0.402913147528563       -18.9677762530868     
   10.6000000000000       0.406369440306381       -18.8573378308688     
   10.7000000000000       0.409824105957632       -18.7472080579653     
   10.8000000000000       0.413277130649634       -18.6373869659416     
   10.9000000000000       0.416728500556279       -18.5278745859357     
   11.0000000000000       0.421902422465407       -18.4186753470122     
   11.1000000000000       0.425349594963051       -18.3097959605550     
   11.2000000000000       0.428795064336498       -18.2012254601654     
   11.3000000000000       0.432238816789889       -18.0929638754401     
   11.4000000000000       0.437401196083370       -17.9850166128258     
   11.5000000000000       0.440840595925001       -17.8773888368345     
   11.6000000000000       0.444278230615578       -17.7700701471544     
   11.7000000000000       0.447714086390615       -17.6630605715484     
   11.8000000000000       0.452864504494258       -17.5563685247755     
   11.9000000000000       0.456295852807692       -17.4499935699501     
   12.0000000000000       0.459725374086335       -17.3439278954060     
   12.1000000000000       0.463153054598189       -17.2381715267752     
   12.2000000000000       0.468291093907639       -17.1327379594183     
   12.3000000000000       0.471714112473520       -17.0275473049256     
   12.4000000000000       0.475135242269015       -16.9227360127079     
   12.5000000000000       0.480263365554613       -16.8182378809157     
   12.6000000000000       0.483679713510318       -16.7140626799332     
   12.7000000000000       0.487094124784682       -16.6101971026121     
   12.8000000000000       0.490506585706207       -16.5066411701649     
   12.9000000000000       0.495621590289749       -16.4034074736439     
   13.0000000000000       0.499029115567753       -16.3004884191560     
   13.1000000000000       0.502434642704528       -16.1978791582496     
   13.2000000000000       0.507539157068502       -16.0955854694081     
   13.3000000000000       0.510939629212668       -15.9936137326458     
   13.4000000000000       0.514338055525225       -15.8919519320962     
   13.5000000000000       0.519431829295656       -15.7906004255959     
   13.6000000000000       0.522825081514461       -15.6895767860842     
   13.7000000000000       0.527911030433512       -15.5889076097108     
   13.8000000000000       0.529605292108751       -15.4885262106531     
   13.9000000000000       0.534684889497411       -15.3884474638676     
   14.0000000000000       0.538068614444471       -15.2886826849785     
   14.1000000000000       0.541450184933909       -15.1892281163816     
   14.2000000000000       0.546518471443640       -15.0900963759798     
   14.3000000000000       0.549894596570516       -14.9912813157555     
   14.4000000000000       0.553268519887858       -14.8927765832979     
   14.5000000000000       0.558325246921645       -14.7945940019890     
   14.6000000000000       0.561693606631022       -14.6967293711666     
   14.7000000000000       0.565059717286951       -14.5991751766536     
   14.8000000000000       0.570104636814764       -14.5019438936108     
   14.9000000000000       0.573465065890218       -14.4050303774911     
   15.0000000000000       0.576823198778627       -14.3084273966209     
   15.1000000000000       0.581856063349588       -14.2120836245020     
   15.2000000000000       0.585208396963689       -14.1161220978417     
   15.3000000000000       0.588558387369774       -14.0204711957447     
   15.4000000000000       0.593578950124296       -13.9251491826621     
   15.5000000000000       0.596923023846693       -13.8301400577650     
   15.6000000000000       0.601934648784716       -13.7354441308488     
   15.7000000000000       0.605272722136929       -13.6410772238294     
   15.8000000000000       0.608608371942414       -13.5470210953861     
   15.9000000000000       0.613607273286651       -13.4532843832925     
   16.0000000000000       0.616936805813593       -13.3598709746275     
   16.1000000000000       0.620263868090146       -13.2667684024470     
   16.2000000000000       0.626910528615038       -13.1740159880643     
   16.3000000000000       0.628570629036592       -13.0815963721858     
   16.4000000000000       0.633547148406994       -12.9894510925186     
   16.5000000000000       0.636861659805067       -12.8976350864063     
   16.6000000000000       0.640173621172492       -12.8061300148716     
   16.7000000000000       0.645136752909913       -12.7149495290560     
   16.8000000000000       0.648442281205070       -12.6240884842903     
   16.9000000000000       0.653395701264320       -12.5335412875478     
   17.0000000000000       0.656694713765323       -12.4433246361987     
   17.1000000000000       0.659991096822991       -12.3534189790875     
   17.2000000000000       0.664930712333525       -12.2638400201556     
   17.3000000000000       0.668220464060800       -12.1745791400555     
   17.4000000000000       0.673150070801219       -12.0855739415425     
   17.5000000000000       0.676433108871029       -11.9969584114673     
   17.6000000000000       0.679713438463837       -11.9086538933906     
   17.7000000000000       0.684628825729652       -11.8206828310510     
   17.8000000000000       0.687902326689812       -11.7330237521784     
   17.9000000000000       0.692807409536274       -11.6456912700446     
   18.0000000000000       0.696073999943393       -11.5586779240350     
   18.1000000000000       0.700968655619261       -11.4719851466573     
   18.2000000000000       0.704228253725885       -11.3856178108075     
   18.3000000000000       0.709112359740858       -11.2996253916416     
   18.4000000000000       0.712364883974518       -11.2139040814491     
   18.5000000000000       0.715614555858287       -11.1284937324080     
   18.6000000000000       0.720483687067556       -11.0434188540140     
   18.7000000000000       0.723726171174764       -10.9586549938743     
   18.8000000000000       0.728584459829396       -10.8742233374004     
   18.9000000000000       0.731819675015857       -10.7901061822323     
   19.0000000000000       0.736666999535648       -10.7063187900446     
   19.1000000000000       0.739894864839082       -10.6228485370197     
   19.2000000000000       0.744731103918209       -10.5397064308703     
   19.3000000000000       0.746341694788708       -10.4568403522672     
   19.4000000000000       0.752776571170328       -10.3743288261462     
   19.5000000000000       0.755989494558626       -10.2921531488318     
   19.6000000000000       0.760803199951652       -10.2103049810218     
   19.7000000000000       0.764008531681767       -10.1287766787318     
   19.8000000000000       0.768810789393268       -10.0475767304789     
   19.9000000000000       0.772008449250765       -9.96669591915883     
   20.0000000000000       0.776799139102729       -9.88614512116928     
   20.1000000000000       0.779989047065161       -9.80591189511332     
   20.2000000000000       0.784768049169066       -9.72606717636934     
   20.3000000000000       0.787950125407982       -9.64648134833829     
   20.4000000000000       0.792717320167795       -9.56723115381084     
   20.5000000000000       0.797477373237855       -9.48829520126729     
   20.6000000000000       0.800646753165907       -9.40969462808335     
   20.7000000000000       0.805394808154067       -9.33141115844445     
   20.8000000000000       0.808556149726841       -9.25345845214206     
   20.9000000000000       0.813292087811532       -9.17582827733028     
   21.0000000000000       0.814869107711434       -9.09848309137316     
   21.1000000000000       0.821169014578337       -9.02149198555312     
   21.2000000000000       0.824314042302992       -8.94483522694996     
   21.3000000000000       0.829025391331910       -8.86851436867177     
   21.4000000000000       0.833729271567108       -8.79251093344098     
   21.5000000000000       0.836861021463949       -8.71684006870338     
   21.6000000000000       0.841552359570019       -8.64149281187765     
   21.7000000000000       0.844675708885340       -8.56646969324108     
   21.8000000000000       0.849354387460069       -8.49183220456106     
   21.9000000000000       0.854025414094601       -8.41746052655106     
   22.0000000000000       0.857135159989053       -8.34342312966315     
   22.1000000000000       0.861793339908884       -8.26970953019899     
   22.2000000000000       0.864894482440688       -8.19631963414038     
   22.3000000000000       0.869539699073397       -8.12326470739057     
   22.4000000000000       0.874177081913907       -8.05053050154558     
   22.5000000000000       0.877264297733064       -7.97812642307440     
   22.6000000000000       0.881888531446564       -7.90599966498058     
   22.7000000000000       0.886504820115685       -7.83424733378127     
   22.8000000000000       0.889577911440956       -7.76282919176795     
   22.9000000000000       0.894180865985573       -7.69173763371120     
   23.0000000000000       0.898775764742628       -7.62096868962009     
   23.1000000000000       0.901834534697652       -7.55053593574152     
   23.2000000000000       0.907941229382918       -7.48045025251142     
   23.3000000000000       0.910989129661603       -7.41069460564739     
   23.4000000000000       0.914033382287513       -7.34124658430969     
   23.5000000000000       0.918592895217203       -7.27212494436773     
   23.6000000000000       0.923144132428295       -7.20332762285310     
   23.7000000000000       0.926173672696272       -7.13486411938221     
   23.8000000000000       0.930711025962986       -7.06673007476482     
   23.9000000000000       0.933731272387466       -6.99891202212585     
   24.0000000000000       0.938254628161106       -6.93139218597330     
   24.1000000000000       0.942769531081132       -6.86424759213268     
   24.2000000000000       0.947275940472216       -6.79742881721667     
   24.3000000000000       0.951773815735551       -6.73093620524803     
   24.4000000000000       0.954767638048358       -6.66477839548704     
   24.5000000000000       0.959251199754863       -6.59895059176278     
   24.6000000000000       0.963726119447007       -6.53349653790945     
   24.7000000000000       0.968192356809677       -6.46832226004724     
   24.8000000000000       0.971165004995116       -6.40348440455547     
   24.9000000000000       0.975616682432137       -6.33897563731410     
   25.0000000000000       0.980059570416111       -6.27479458050980     
   25.1000000000000       0.984493628920503       -6.21094152470241     
   25.2000000000000       0.985969679408678       -6.14738514506427     
   25.3000000000000       0.991863996900251       -6.08418895314480     
   25.4000000000000       0.996274315046557       -6.02133085377021     
   25.5000000000000        1.00067565763261       -5.95880151536346     
   25.6000000000000        1.00506798500617       -5.89660119283178     
   25.7000000000000        1.00799117525922       -5.83473637602710     
   25.8000000000000        1.01236838938327       -5.77324689754712     
   25.9000000000000        1.01673648295353       -5.71204206828044     
   26.0000000000000        1.02109541661731       -5.65116687967185     
   26.1000000000000        1.02544515110442       -5.59062154969216     
   26.2000000000000        1.02833984408694       -5.53040720703703     
   26.3000000000000        1.03267415957113       -5.47052855200079     
   26.4000000000000        1.03555853702809       -5.41095264655051     
   26.5000000000000        1.04131484110189       -5.35171837680199     
   26.6000000000000        1.04562112930347       -5.29283116593965     
   26.7000000000000        1.04991799737317       -5.23427464388951     
   26.8000000000000        1.05420540659996       -5.17604897412166     
   26.9000000000000        1.05990717173169       -5.11815735769247     
   27.0000000000000        1.06132996412280       -5.06063550893601     
   27.1000000000000        1.06559196116376       -5.00340692705465     
   27.2000000000000        1.06984435815311       -4.94650947017617     
   27.3000000000000        1.07408711678045       -4.88994326200263     
   27.4000000000000        1.07832019882226       -4.83370841779675     
   27.5000000000000        1.08113685879957       -4.77778698456590     
   27.6000000000000        1.08675718069131       -4.72219237232264     
   27.7000000000000        1.09096100450872       -4.66695266092736     
   27.8000000000000        1.09515499972163       -4.61204468711226     
   27.9000000000000        1.09933912854579       -4.55746852325503     
   28.0000000000000        1.10351335328588       -4.50326337590722     
   28.1000000000000        1.10767763633577       -4.44935058855551     
   28.2000000000000        1.11183194017891       -4.39576977816230     
   28.3000000000000        1.11597622738867       -4.34252098208789     
   28.4000000000000        1.12011046062864       -4.28960422883647     
   28.5000000000000        1.12423460265299       -4.23701953801927     
   28.6000000000000        1.12834861630682       -4.18472846731006     
   28.7000000000000        1.13245246452645       -4.13280835711677     
   28.8000000000000        1.13654611033980       -4.08122031202604     
   28.9000000000000        1.14062951686670       -4.02996431570665     
   29.0000000000000        1.14605806755293       -3.97904753886155     
   29.1000000000000        1.14876546500207       -3.92848467301419     
   29.2000000000000        1.15281793331276       -3.87822421395801     
   29.3000000000000        1.15686001574210       -3.82829564991242     
   29.4000000000000        1.16089167587448       -3.77869891892174     
   29.5000000000000        1.16357364119055       -3.72941784874797     
   29.6000000000000        1.16892358405563       -3.68046466831946     
   29.7000000000000        1.17292375974393       -3.63186340075659     
   29.8000000000000        1.17691336841499       -3.58359362321617     
   29.9000000000000        1.18089237412590       -3.53565522735530     
   30.0000000000000        1.18486074102932       -3.48808239248121     
   30.1000000000000        1.19013528586554       -3.44080802278686     
   30.2000000000000        1.19407869001739       -3.39386697101301     
   30.3000000000000        1.19801133656457       -3.34725701484083     
   30.4000000000000        1.20193319007737       -3.30097799671607     
   30.5000000000000        1.20584421522333       -3.25499595664254     
   30.6000000000000        1.20974437676752       -3.20937872744206     
   30.7000000000000        1.21363363957290       -3.16409190362974     
   30.8000000000000        1.21880230917290       -3.11914019930749     
   30.9000000000000        1.22266600549581       -3.07455172003574     
   31.0000000000000        1.22651868666734       -3.03026086263644     
   31.1000000000000        1.23036031797820       -2.98629979354928     
   31.2000000000000        1.23419086481865       -2.94266827646413     
   31.3000000000000        1.23801029267882       -2.89936606541422     
   31.4000000000000        1.24308550750839       -2.85637485714475     
   31.5000000000000        1.24687885743942       -2.81373851759832     
   31.6000000000000        1.25066097408246       -2.77143089278543     
   31.7000000000000        1.25568626339165       -2.72948779150149     
   31.8000000000000        1.25944203669653       -2.68784472556174     
   31.9000000000000        1.26318646353016       -2.64652968748329     
   32.0000000000000        1.26816132428433       -2.60554368606250     
   32.1000000000000        1.27187914500778       -2.56489290520835     
   32.2000000000000        1.27558550721250       -2.52453986188020     
   32.3000000000000        1.27928037750742       -2.48454360914019     
   32.4000000000000        1.28418893741073       -2.44488352735772     
   32.5000000000000        1.28907692946972       -2.40556841368317     
   32.6000000000000        1.29272937875910       -2.36657091280920     
   32.7000000000000        1.29637018168738       -2.32789915539280     
   32.8000000000000        1.29999930545411       -2.28955273654246     
   32.9000000000000        1.30361671736407       -2.25153124142547     
   33.0000000000000        1.30842165848745       -2.21382254178961     
   33.1000000000000        1.31201161617671       -2.17646148268285     
   33.2000000000000        1.31677983406761       -2.13943511811559     
   33.3000000000000        1.32034216145048       -2.10275924201567     
   33.4000000000000        1.32507342223009       -2.06638711751361     
   33.5000000000000        1.32860794457613       -2.03034275551074     
   33.6000000000000        1.33330201617839       -1.99462564119801     
   33.7000000000000        1.33680856012097       -1.95921234632460     
   33.8000000000000        1.34146521230393       -1.92415086645899     
   33.9000000000000        1.34494360584876       -1.88941926124094     
   34.0000000000000        1.34956261020586       -1.85503719145241     
   34.1000000000000        1.35301268273941       -1.82095932688143     
   34.2000000000000        1.35759381271071       -1.78720729233371     
   34.3000000000000        1.36101539500858       -1.75378202992518     
   34.4000000000000        1.36555842589186       -1.72066057573175     
   34.5000000000000        1.36895135012709       -1.68788665656648     
   34.6000000000000        1.37345605908887       -1.65544379287668     
   34.7000000000000        1.37793877048503       -1.62334541984474     
   34.8000000000000        1.38128632492661       -1.59155191921021     
   34.9000000000000        1.38573036803626       -1.56008395884389     
   35.0000000000000        1.39015221699232       -1.52893815433040     
   35.1000000000000        1.39345399617927       -1.49809948136722     
   35.2000000000000        1.39783683516737       -1.46760674907477     
   35.3000000000000        1.40219728610212       -1.43743623417815     
   35.4000000000000        1.40545289011781       -1.40761393216530     
   35.5000000000000        1.40977399412808       -1.37809421682503     
   35.6000000000000        1.41407251889693       -1.34889659649129     
   35.7000000000000        1.41728155341753       -1.32000041543507     
   35.8000000000000        1.42154039907115       -1.29145290971422     
   35.9000000000000        1.42577647703010       -1.26322716079273     
   36.0000000000000        1.42998971944843       -1.23534261705577     
   36.1000000000000        1.43418005884597       -1.20775988651052     
   36.2000000000000        1.43730774290001       -1.18049896038554     
   36.3000000000000        1.44145784074087       -1.15356273595745     
   36.4000000000000        1.44558485188505       -1.12692861424276     
   36.5000000000000        1.44968871023346       -1.10063482501881     
   36.6000000000000        1.45478587445240       -1.07466935938627     
   36.7000000000000        1.45782670600176       -1.04902693077204     
   36.8000000000000        1.46186071308176       -1.02369440688537     
   36.9000000000000        1.46487085681907      -0.998675527983266     
   37.0000000000000        1.46985842258693      -0.973972089509725     
   37.1000000000000        1.47382199691907      -0.949599607452669     
   37.2000000000000        1.47776196620328      -0.925562925618750     
   37.3000000000000        1.48167826733620      -0.901828185460195     
   37.4000000000000        1.48557083759349      -0.878411991394320     
   37.5000000000000        1.48943961463092      -0.855297569298846     
   37.6000000000000        1.49328453648533      -0.832517667881644     
   37.7000000000000        1.49710554157563      -0.810055014733516     
   37.8000000000000        1.50090256870380      -0.787924218793640     
   37.9000000000000        1.50561504099506      -0.766094605655864     
   38.0000000000000        1.50935789594385      -0.744583683450604     
   38.1000000000000        1.51307657669418      -0.723373424104255     
   38.2000000000000        1.51677102368686      -0.702493260310413     
   38.3000000000000        1.52044117775083      -0.681941316589967     
   38.4000000000000        1.52499461888627      -0.661692361362850     
   38.5000000000000        1.52860989953334      -0.641757704028647     
   38.6000000000000        1.53220069763774      -0.622121775677532     
   38.7000000000000        1.53665467911562      -0.602815882082973     
   38.8000000000000        1.54019018182332      -0.583835819557128     
   38.9000000000000        1.54457486421375      -0.565154115816703     
   39.0000000000000        1.54805478486038      -0.546787786126984     
   39.1000000000000        1.55236981264611      -0.528718153431745     
   39.2000000000000        1.55579386907400      -0.510976846809221     
   39.3000000000000        1.56003889238549      -0.493555713232811     
   39.4000000000000        1.56340680696651      -0.476436016102477     
   39.5000000000000        1.56758148161030      -0.459625777374393     
   39.6000000000000        1.57089298126842      -0.443113726408035     
   39.7000000000000        1.57499696875504      -0.426925498766331     
   39.8000000000000        1.57906154144643      -0.411055846727516     
   39.9000000000000        1.58308659762540      -0.395483504957254     
   40.0000000000000        1.58627812295692      -0.380210389902425     
