 # applied field (T), theta (degree), phi (degree), abs
     0.00000     0.00000     0.00000    35.80535
     0.10000     0.40127    45.00000    35.80535
     0.20000     0.80255    45.00000    35.80535
     0.30000     1.20382    45.00000    35.80535
     0.40000     1.60510    45.00000    35.80535
     0.50000     2.06369    45.00000    35.80535
     0.60000     2.46497    45.00000    35.80535
     0.70000     2.86624    45.00000    35.80535
     0.80000     3.26752    45.00000    35.80535
     0.90000     3.66879    45.00000    35.80535
     1.00000     4.07006    45.00000    35.80535
     1.10000     4.47134    45.00000    35.80535
     1.20000     4.87261    45.00000    35.80535
     1.30000     5.33121    45.00000    35.80535
     1.40000     5.73248    45.00000    35.80535
     1.50000     6.13376    45.00000    35.80535
     1.60000     6.53503    45.00000    35.80535
     1.70000     6.93631    45.00000    35.80535
     1.80000     7.33758    45.00000    35.80535
     1.90000     7.73885    45.00000    35.80535
     2.00000     8.19745    45.00000    35.80535
     2.10000     8.59873    45.00000    35.80535
     2.20000     9.00000    45.00000    35.80535
     2.30000     9.40127    45.00000    35.80535
     2.40000     9.80255    45.00000    35.80535
     2.50000    10.26115    45.00000    35.80535
     2.60000    10.66242    45.00000    35.80535
     2.70000    11.06369    45.00000    35.80535
     2.80000    11.46497    45.00000    35.80535
     2.90000    11.86624    45.00000    35.80535
     3.00000    12.32484    45.00000    35.80535
     3.10000    12.72611    45.00000    35.80535
     3.20000    13.12739    45.00000    35.80535
     3.30000    13.52866    45.00000    35.80535
     3.40000    13.98726    45.00000    35.80535
     3.50000    14.38854    45.00000    35.80535
     3.60000    14.78981    45.00000    35.80535
     3.70000    15.24841    45.00000    35.80535
     3.80000    15.64968    45.00000    35.80535
     3.90000    16.05096    45.00000    35.80535
     4.00000    16.45223    45.00000    35.80535
     4.10000    16.91083    45.00000    35.80535
     4.20000    17.31210    45.00000    35.80535
     4.30000    17.77070    45.00000    35.80535
     4.40000    18.17197    45.00000    35.80535
     4.50000    18.57325    45.00000    35.80535
     4.60000    19.03185    45.00000    35.80535
     4.70000    19.43312    45.00000    35.80535
     4.80000    19.89172    45.00000    35.80535
     4.90000    20.29299    45.00000    35.80535
     5.00000    20.69427    45.00000    35.80535
     5.10000    21.15287    45.00000    35.80535
     5.20000    21.55414    45.00000    35.80535
     5.30000    22.01274    45.00000    35.80535
     5.40000    22.41401    45.00000    35.80535
     5.50000    22.87261    45.00000    35.80535
     5.60000    23.33121    45.00000    35.80535
     5.70000    23.73248    45.00000    35.80535
     5.80000    24.19108    45.00000    35.80535
     5.90000    24.59236    45.00000    35.80535
     6.00000    25.05096    45.00000    35.80535
     6.10000    25.50955    45.00000    35.80535
     6.20000    25.91083    45.00000    35.80535
     6.30000    26.36943    45.00000    35.80535
     6.40000    26.82803    45.00000    35.80535
     6.50000    27.22930    45.00000    35.80535
     6.60000    27.68790    45.00000    35.80535
     6.70000    28.14650    45.00000    35.80535
     6.80000    28.60510    45.00000    35.80535
     6.90000    29.06369    45.00000    35.80535
     7.00000    29.52229    45.00000    35.80535
     7.10000    29.92357    45.00000    35.80535
     7.20000    30.38217    45.00000    35.80535
     7.30000    30.84076    45.00000    35.80535
     7.40000    31.29936    45.00000    35.80535
     7.50000    31.75796    45.00000    35.80535
     7.60000    32.21656    45.00000    35.80535
     7.70000    32.67516    45.00000    35.80535
     7.80000    33.19108    45.00000    35.80535
     7.90000    33.64968    45.00000    35.80535
     8.00000    34.10828    45.00000    35.80535
     8.10000    34.56688    45.00000    35.80535
     8.20000    35.02548    45.00000    35.80535
     8.30000    35.54140    45.00000    35.80535
     8.40000    36.00000    45.00000    35.80535
     8.50000    36.45860    45.00000    35.80535
     8.60000    36.97452    45.00000    35.80535
     8.70000    37.43312    45.00000    35.80535
     8.80000    37.94904    45.00000    35.80535
     8.90000    38.40764    45.00000    35.80535
     9.00000    38.92357    45.00000    35.80535
     9.10000    39.38217    45.00000    35.80535
     9.20000    39.89809    45.00000    35.80535
     9.30000    40.41401    45.00000    35.80535
     9.40000    40.92994    45.00000    35.80535
     9.50000    41.38854    45.00000    35.80535
     9.60000    41.90446    45.00000    35.80535
     9.70000    42.42038    45.00000    35.80535
     9.80000    42.93631    45.00000    35.80535
     9.90000    43.45223    45.00000    35.80535
    10.00000    43.96815    45.00000    35.80535
    10.10000    44.54140    45.00000    35.80535
    10.20000    45.05732    45.00000    35.80535
    10.30000    45.57325    45.00000    35.80535
    10.40000    46.14650    45.00000    35.80535
    10.50000    46.66242    45.00000    35.80535
    10.60000    47.23567    45.00000    35.80535
    10.70000    47.75159    45.00000    35.80535
    10.80000    48.32484    45.00000    35.80535
    10.90000    48.89809    45.00000    35.80535
    11.00000    49.47134    45.00000    35.80535
    11.10000    50.04459    45.00000    35.80535
    11.20000    50.61783    45.00000    35.80535
    11.30000    51.19108    45.00000    35.80535
    11.40000    51.82166    45.00000    35.80535
    11.50000    52.39490    45.00000    35.80535
    11.60000    53.02548    45.00000    35.80535
    11.70000    53.59873    45.00000    35.80535
    11.80000    54.22930    45.00000    35.80535
    11.90000    54.85987    45.00000    35.80535
    12.00000    55.49045    45.00000    35.80535
    12.10000    56.17834    45.00000    35.80535
    12.20000    56.80892    45.00000    35.80535
    12.30000    57.49682    45.00000    35.80535
    12.40000    58.18471    45.00000    35.80535
    12.50000    58.87261    45.00000    35.80535
    12.60000    59.56051    45.00000    35.80535
    12.70000    60.30573    45.00000    35.80535
    12.80000    61.05096    45.00000    35.80535
    12.90000    61.79618    45.00000    35.80535
    13.00000    62.54140    45.00000    35.80535
    13.10000    63.34395    45.00000    35.80535
    13.20000    64.14650    45.00000    35.80535
    13.30000    64.94904    45.00000    35.80535
    13.40000    65.80892    45.00000    35.80535
    13.50000    66.66879    45.00000    35.80535
    13.60000    67.58599    45.00000    35.80535
    13.70000    68.56051    45.00000    35.80535
    13.80000    69.53503    45.00000    35.80535
    13.90000    70.56688    45.00000    35.80535
    14.00000    71.59873    45.00000    35.80535
    14.10000    72.74522    45.00000    35.80535
    14.20000    73.94904    45.00000    35.80535
    14.30000    75.26752    45.00000    35.80535
    14.40000    76.70064    45.00000    35.80535
    14.50000    78.30573    45.00000    35.80535
    14.60000    80.14013    45.00000    35.80535
    14.70000    82.43312    45.00000    35.80535
    14.80000    85.75796    45.00000    35.80535
    14.90000    90.00000    45.00000    35.80535
    15.00000    90.00000    45.00000    35.80535
    15.10000    90.00000    45.00000    35.80535
    15.20000    90.00000    45.00000    35.80535
    15.30000    90.00000    45.00000    35.80535
    15.40000    90.00000    45.00000    35.80535
    15.50000    90.00000    45.00000    35.80535
    15.60000    90.00000    45.00000    35.80535
    15.70000    90.00000    45.00000    35.80535
    15.80000    90.00000    45.00000    35.80535
    15.90000    90.00000    45.00000    35.80535
    16.00000    90.00000    45.00000    35.80535
    16.10000    90.00000    45.00000    35.80535
    16.20000    90.00000    45.00000    35.80535
    16.30000    90.00000    45.00000    35.80535
    16.40000    90.00000    45.00000    35.80535
    16.50000    90.00000    45.00000    35.80535
    16.60000    90.00000    45.00000    35.80535
    16.70000    90.00000    45.00000    35.80535
    16.80000    90.00000    45.00000    35.80535
    16.90000    90.00000    45.00000    35.80535
    17.00000    90.00000    45.00000    35.80535
    17.10000    90.00000    45.00000    35.80535
    17.20000    90.00000    45.00000    35.80535
    17.30000    90.00000    45.00000    35.80535
    17.40000    90.00000    45.00000    35.80535
    17.50000    90.00000    45.00000    35.80535
    17.60000    90.00000    45.00000    35.80535
    17.70000    90.00000    45.00000    35.80535
    17.80000    90.00000    45.00000    35.80535
    17.90000    90.00000    45.00000    35.80535
    18.00000    90.00000    45.00000    35.80535
    18.10000    90.00000    45.00000    35.80535
    18.20000    90.00000    45.00000    35.80535
    18.30000    90.00000    45.00000    35.80535
    18.40000    90.00000    45.00000    35.80535
    18.50000    90.00000    45.00000    35.80535
    18.60000    90.00000    45.00000    35.80535
    18.70000    90.00000    45.00000    35.80535
    18.80000    90.00000    45.00000    35.80535
    18.90000    90.00000    45.00000    35.80535
    19.00000    90.00000    45.00000    35.80535
    19.10000    90.00000    45.00000    35.80535
    19.20000    90.00000    45.00000    35.80535
    19.30000    90.00000    45.00000    35.80535
    19.40000    90.00000    45.00000    35.80535
    19.50000    90.00000    45.00000    35.80535
    19.60000    90.00000    45.00000    35.80535
    19.70000    90.00000    45.00000    35.80535
    19.80000    90.00000    45.00000    35.80535
    19.90000    90.00000    45.00000    35.80535
    20.00000    90.00000    45.00000    35.80535
    20.10000    90.00000    45.00000    35.80535
    20.20000    90.00000    45.00000    35.80535
    20.30000    90.00000    45.00000    35.80535
    20.40000    90.00000    45.00000    35.80535
    20.50000    90.00000    45.00000    35.80535
    20.60000    90.00000    45.00000    35.80535
    20.70000    90.00000    45.00000    35.80535
    20.80000    90.00000    45.00000    35.80535
    20.90000    90.00000    45.00000    35.80535
    21.00000    90.00000    45.00000    35.80535
    21.10000    90.00000    45.00000    35.80535
    21.20000    90.00000    45.00000    35.80535
    21.30000    90.00000    45.00000    35.80535
    21.40000    90.00000    45.00000    35.80535
    21.50000    90.00000    45.00000    35.80535
    21.60000    90.00000    45.00000    35.80535
    21.70000    90.00000    45.00000    35.80535
    21.80000    90.00000    45.00000    35.80535
    21.90000    90.00000    45.00000    35.80535
    22.00000    90.00000    45.00000    35.80535
    22.10000    90.00000    45.00000    35.80535
    22.20000    90.00000    45.00000    35.80535
    22.30000    90.00000    45.00000    35.80535
    22.40000    90.00000    45.00000    35.80535
    22.50000    90.00000    45.00000    35.80535
    22.60000    90.00000    45.00000    35.80535
    22.70000    90.00000    45.00000    35.80535
    22.80000    90.00000    45.00000    35.80535
    22.90000    90.00000    45.00000    35.80535
    23.00000    90.00000    45.00000    35.80535
    23.10000    90.00000    45.00000    35.80535
    23.20000    90.00000    45.00000    35.80535
    23.30000    90.00000    45.00000    35.80535
    23.40000    90.00000    45.00000    35.80535
    23.50000    90.00000    45.00000    35.80535
    23.60000    90.00000    45.00000    35.80535
    23.70000    90.00000    45.00000    35.80535
    23.80000    90.00000    45.00000    35.80535
    23.90000    90.00000    45.00000    35.80535
    24.00000    90.00000    45.00000    35.80535
    24.10000    90.00000    45.00000    35.80535
    24.20000    90.00000    45.00000    35.80535
    24.30000    90.00000    45.00000    35.80535
    24.40000    90.00000    45.00000    35.80535
    24.50000    90.00000    45.00000    35.80535
    24.60000    90.00000    45.00000    35.80535
    24.70000    90.00000    45.00000    35.80535
    24.80000    90.00000    45.00000    35.80535
    24.90000    90.00000    45.00000    35.80535
    25.00000    90.00000    45.00000    35.80535
    25.10000    90.00000    45.00000    35.80535
    25.20000    90.00000    45.00000    35.80535
    25.30000    90.00000    45.00000    35.80535
    25.40000    90.00000    45.00000    35.80535
    25.50000    90.00000    45.00000    35.80535
    25.60000    90.00000    45.00000    35.80535
    25.70000    90.00000    45.00000    35.80535
    25.80000    90.00000    45.00000    35.80535
    25.90000    90.00000    45.00000    35.80535
    26.00000    90.00000    45.00000    35.80535
    26.10000    90.00000    45.00000    35.80535
    26.20000    90.00000    45.00000    35.80535
    26.30000    90.00000    45.00000    35.80535
    26.40000    90.00000    45.00000    35.80535
    26.50000    90.00000    45.00000    35.80535
    26.60000    90.00000    45.00000    35.80535
    26.70000    90.00000    45.00000    35.80535
    26.80000    90.00000    45.00000    35.80535
    26.90000    90.00000    45.00000    35.80535
    27.00000    90.00000    45.00000    35.80535
    27.10000    90.00000    45.00000    35.80535
    27.20000    90.00000    45.00000    35.80535
    27.30000    90.00000    45.00000    35.80535
    27.40000    90.00000    45.00000    35.80535
    27.50000    90.00000    45.00000    35.80535
    27.60000    90.00000    45.00000    35.80535
    27.70000    90.00000    45.00000    35.80535
    27.80000    90.00000    45.00000    35.80535
    27.90000    90.00000    45.00000    35.80535
    28.00000    90.00000    45.00000    35.80535
    28.10000    90.00000    45.00000    35.80535
    28.20000    90.00000    45.00000    35.80535
    28.30000    90.00000    45.00000    35.80535
    28.40000    90.00000    45.00000    35.80535
    28.50000    90.00000    45.00000    35.80535
    28.60000    90.00000    45.00000    35.80535
    28.70000    90.00000    45.00000    35.80535
    28.80000    90.00000    45.00000    35.80535
    28.90000    90.00000    45.00000    35.80535
    29.00000    90.00000    45.00000    35.80535
    29.10000    90.00000    45.00000    35.80535
    29.20000    90.00000    45.00000    35.80535
    29.30000    90.00000    45.00000    35.80535
    29.40000    90.00000    45.00000    35.80535
    29.50000    90.00000    45.00000    35.80535
    29.60000    90.00000    45.00000    35.80535
    29.70000    90.00000    45.00000    35.80535
    29.80000    90.00000    45.00000    35.80535
    29.90000    90.00000    45.00000    35.80535
    30.00000    90.00000    45.00000    35.80535
    30.10000    90.00000    45.00000    35.80535
    30.20000    90.00000    45.00000    35.80535
    30.30000    90.00000    45.00000    35.80535
    30.40000    90.00000    45.00000    35.80535
    30.50000    90.00000    45.00000    35.80535
    30.60000    90.00000    45.00000    35.80535
    30.70000    90.00000    45.00000    35.80535
    30.80000    90.00000    45.00000    35.80535
    30.90000    90.00000    45.00000    35.80535
    31.00000    90.00000    45.00000    35.80535
    31.10000    90.00000    45.00000    35.80535
    31.20000    90.00000    45.00000    35.80535
    31.30000    90.00000    45.00000    35.80535
    31.40000    90.00000    45.00000    35.80535
    31.50000    90.00000    45.00000    35.80535
    31.60000    90.00000    45.00000    35.80535
    31.70000    90.00000    45.00000    35.80535
    31.80000    90.00000    45.00000    35.80535
    31.90000    90.00000    45.00000    35.80535
    32.00000    90.00000    45.00000    35.80535
    32.10000    90.00000    45.00000    35.80535
    32.20000    90.00000    45.00000    35.80535
    32.30000    90.00000    45.00000    35.80535
    32.40000    90.00000    45.00000    35.80535
    32.50000    90.00000    45.00000    35.80535
    32.60000    90.00000    45.00000    35.80535
    32.70000    90.00000    45.00000    35.80535
    32.80000    90.00000    45.00000    35.80535
    32.90000    90.00000    45.00000    35.80535
    33.00000    90.00000    45.00000    35.80535
    33.10000    90.00000    45.00000    35.80535
    33.20000    90.00000    45.00000    35.80535
    33.30000    90.00000    45.00000    35.80535
    33.40000    90.00000    45.00000    35.80535
    33.50000    90.00000    45.00000    35.80535
    33.60000    90.00000    45.00000    35.80535
    33.70000    90.00000    45.00000    35.80535
    33.80000    90.00000    45.00000    35.80535
    33.90000    90.00000    45.00000    35.80535
    34.00000    90.00000    45.00000    35.80535
    34.10000    90.00000    45.00000    35.80535
    34.20000    90.00000    45.00000    35.80535
    34.30000    90.00000    45.00000    35.80535
    34.40000    90.00000    45.00000    35.80535
    34.50000    90.00000    45.00000    35.80535
    34.60000    90.00000    45.00000    35.80535
    34.70000    90.00000    45.00000    35.80535
    34.80000    90.00000    45.00000    35.80535
    34.90000    90.00000    45.00000    35.80535
    35.00000    90.00000    45.00000    35.80535
    35.10000    90.00000    45.00000    35.80535
    35.20000    90.00000    45.00000    35.80535
    35.30000    90.00000    45.00000    35.80535
    35.40000    90.00000    45.00000    35.80535
    35.50000    90.00000    45.00000    35.80535
    35.60000    90.00000    45.00000    35.80535
    35.70000    90.00000    45.00000    35.80535
    35.80000    90.00000    45.00000    35.80535
    35.90000    90.00000    45.00000    35.80535
    36.00000    90.00000    45.00000    35.80535
    36.10000    90.00000    45.00000    35.80535
    36.20000    90.00000    45.00000    35.80535
    36.30000    90.00000    45.00000    35.80535
    36.40000    90.00000    45.00000    35.80535
    36.50000    90.00000    45.00000    35.80535
    36.60000    90.00000    45.00000    35.80535
    36.70000    90.00000    45.00000    35.80535
    36.80000    90.00000    45.00000    35.80535
    36.90000    90.00000    45.00000    35.80535
    37.00000    90.00000    45.00000    35.80535
    37.10000    90.00000    45.00000    35.80535
    37.20000    90.00000    45.00000    35.80535
    37.30000    90.00000    45.00000    35.80535
    37.40000    90.00000    45.00000    35.80535
    37.50000    90.00000    45.00000    35.80535
    37.60000    90.00000    45.00000    35.80535
    37.70000    90.00000    45.00000    35.80535
    37.80000    90.00000    45.00000    35.80535
    37.90000    90.00000    45.00000    35.80535
    38.00000    90.00000    45.00000    35.80535
    38.10000    90.00000    45.00000    35.80535
    38.20000    90.00000    45.00000    35.80535
    38.30000    90.00000    45.00000    35.80535
    38.40000    90.00000    45.00000    35.80535
    38.50000    90.00000    45.00000    35.80535
    38.60000    90.00000    45.00000    35.80535
    38.70000    90.00000    45.00000    35.80535
    38.80000    90.00000    45.00000    35.80535
    38.90000    90.00000    45.00000    35.80535
    39.00000    90.00000    45.00000    35.80535
    39.10000    90.00000    45.00000    35.80535
    39.20000    90.00000    45.00000    35.80535
    39.30000    90.00000    45.00000    35.80535
    39.40000    90.00000    45.00000    35.80535
    39.50000    90.00000    45.00000    35.80535
    39.60000    90.00000    45.00000    35.80535
    39.70000    90.00000    45.00000    35.80535
    39.80000    90.00000    45.00000    35.80535
    39.90000    90.00000    45.00000    35.80535
    40.00000    90.00000    45.00000    35.80535
