  0.000000000000000E+000  8.771925769290013E-017  0.000000000000000E+000
  0.100000000000000       8.599693213021684E-003 -3.286764517356121E-004
  0.200000000000000       1.576588064451050E-002 -1.315349584430790E-003
  0.300000000000000       2.436476898047493E-002 -2.964274806849833E-003
  0.400000000000000       3.296277929737928E-002 -5.271023195124359E-003
  0.500000000000000       4.155960175370844E-002 -8.235990466611115E-003
  0.600000000000000       4.872248956780727E-002 -1.186077833425393E-002
  0.700000000000000       5.731632970225871E-002 -1.614869562505894E-002
  0.800000000000000       6.590810436135219E-002 -2.109657228340736E-002
  0.900000000000000       7.449750392828336E-002 -2.670525487380602E-002
   1.00000000000000       8.308421887183765E-002 -3.297570713903133E-002
   1.10000000000000       9.023754065930968E-002 -3.991272070596624E-002
   1.20000000000000       9.881853020076303E-002 -4.751392599368073E-002
   1.30000000000000       0.107395958676110      -5.578021276947306E-002
   1.40000000000000       0.115969516985532      -6.471298137593973E-002
   1.50000000000000       0.124538896168675      -7.431374446568406E-002
   1.60000000000000       0.131676630304063      -8.458468454471699E-002
   1.70000000000000       0.140237545824493      -9.552875227035339E-002
   1.80000000000000       0.148793407685754      -0.107145631064578     
   1.90000000000000       0.157343907565210      -0.119437247207044     
   2.00000000000000       0.165888737333451      -0.132405632184367     
   2.10000000000000       0.174427589065400      -0.146052920950671     
   2.20000000000000       0.182960155051404      -0.160381350098320     
   2.30000000000000       0.191486127808328      -0.175393255940017     
   2.40000000000000       0.200005200090633      -0.191091072503650     
   2.50000000000000       0.208517064901448      -0.207477329441177     
   2.60000000000000       0.217021415503634      -0.224554649852973     
   2.70000000000000       0.225517945430835      -0.242325748029171     
   2.80000000000000       0.235420270748911      -0.260794686591029     
   2.90000000000000       0.243898805888613      -0.279965449904276     
   3.00000000000000       0.252368551788389      -0.299839278155772     
   3.10000000000000       0.260829203228915      -0.320419243581764     
   3.20000000000000       0.270688062118213      -0.341710190292398     
   3.30000000000000       0.279127963401979      -0.363718292651970     
   3.40000000000000       0.287557805913086      -0.386442898411467     
   3.50000000000000       0.297379503749503      -0.409892808950328     
   3.60000000000000       0.305786510613189      -0.434069239950048     
   3.70000000000000       0.315580736674888      -0.458979570037699     
   3.80000000000000       0.323963485685391      -0.484625013042876     
   3.90000000000000       0.333728583091992      -0.511016902621212     
   4.00000000000000       0.343477311272069      -0.538155478008525     
   4.10000000000000       0.353209192055193      -0.566047403705263     
   4.20000000000000       0.362923748097290      -0.594699453316663     
   4.30000000000000       0.371236360124987      -0.624118930208791     
   4.40000000000000       0.380917478140703      -0.654311792068911     
   4.50000000000000       0.391958707223442      -0.685285561788690     
   4.60000000000000       0.401599208206431      -0.717047763301296     
   4.70000000000000       0.411220010941372      -0.749605329789032     
   4.80000000000000       0.420820643532515      -0.782965529788583     
   4.90000000000000       0.431767492897994      -0.817140279176492     
   5.00000000000000       0.441323319346969      -0.852135721326246     
   5.10000000000000       0.452217730419493      -0.887964883418713     
   5.20000000000000       0.463083170344954      -0.924635279936450     
   5.30000000000000       0.473918943033315      -0.962159083046654     
   5.40000000000000       0.484724354295153       -1.00054851365027     
   5.50000000000000       0.495498711886143       -1.03981582479241     
   5.60000000000000       0.506241325551397       -1.07997328499290     
   5.70000000000000       0.518287965178046       -1.12103745782797     
   5.80000000000000       0.530292581165588       -1.16302066204555     
   5.90000000000000       0.540927284877616       -1.20594262829768     
   6.00000000000000       0.552849870002584       -1.24981885168020     
   6.10000000000000       0.566044571263822       -1.29467088680456     
   6.20000000000000       0.577871394410783       -1.34051626594980     
   6.30000000000000       0.590957314376380       -1.38738032980046     
   6.40000000000000       0.603984079140373       -1.43528607563922     
   6.50000000000000       0.618243639993820       -1.48426183211436     
   6.60000000000000       0.632428318216539       -1.53433661849668     
   6.70000000000000       0.646536395738254       -1.58554607538108     
   6.80000000000000       0.660566163766685       -1.63792527591073     
   6.90000000000000       0.677043514689190       -1.69151738856887     
   7.00000000000000       0.692151782054403       -1.74637153310354     
   7.10000000000000       0.709651843931179       -1.80254207841107     
   7.20000000000000       0.727012675188469       -1.86009466597963     
   7.30000000000000       0.745455193276018       -1.91910621900228     
   7.40000000000000       0.766153526443631       -1.97967184771101     
   7.50000000000000        1.43256419326738       -2.06720694310568     
   7.60000000000000        1.43256419326738       -2.18201927321077     
   7.70000000000000        1.43256419326738       -2.29683160331585     
   7.80000000000000        1.43256419326738       -2.41164393342093     
   7.90000000000000        1.43256419326738       -2.52645626352602     
   8.00000000000000        1.43256419326738       -2.64126859363110     
   8.10000000000000        1.43256419326738       -2.75608092373619     
   8.20000000000000        1.43256419326738       -2.87089325384127     
   8.30000000000000        1.43256419326738       -2.98570558394636     
   8.40000000000000        1.43256419326738       -3.10051791405144     
   8.50000000000000        1.43256419326738       -3.21533024415653     
   8.60000000000000        1.43256419326738       -3.33014257426161     
   8.70000000000000        1.43256419326738       -3.44495490436670     
   8.80000000000000        1.43256419326738       -3.55976723447178     
   8.90000000000000        1.43256419326738       -3.67457956457687     
   9.00000000000000        1.43256419326738       -3.78939189468195     
   9.10000000000000        1.43256419326738       -3.90420422478704     
   9.20000000000000        1.43256419326738       -4.01901655489212     
   9.30000000000000        1.43256419326738       -4.13382888499721     
   9.40000000000000        1.43256419326738       -4.24864121510229     
   9.50000000000000        1.43256419326738       -4.36345354520738     
   9.60000000000000        1.43256419326738       -4.47826587531246     
   9.70000000000000        1.43256419326738       -4.59307820541755     
   9.80000000000000        1.43256419326738       -4.70789053552263     
   9.90000000000000        1.43256419326738       -4.82270286562772     
   10.0000000000000        1.43256419326738       -4.93751519573280     
   10.1000000000000        1.43256419326738       -5.05232752583789     
   10.2000000000000        1.43256419326738       -5.16713985594297     
   10.3000000000000        1.43256419326738       -5.28195218604806     
   10.4000000000000        1.43256419326738       -5.39676451615314     
   10.5000000000000        1.43256419326738       -5.51157684625823     
   10.6000000000000        1.43256419326738       -5.62638917636331     
   10.7000000000000        1.43256419326738       -5.74120150646840     
   10.8000000000000        1.43256419326738       -5.85601383657348     
   10.9000000000000        1.43256419326738       -5.97082616667857     
   11.0000000000000        1.43256419326738       -6.08563849678365     
   11.1000000000000        1.43256419326738       -6.20045082688874     
   11.2000000000000        1.43256419326738       -6.31526315699382     
   11.3000000000000        1.43256419326738       -6.43007548709891     
   11.4000000000000        1.43256419326738       -6.54488781720399     
   11.5000000000000        1.43256419326738       -6.65970014730908     
   11.6000000000000        1.43256419326738       -6.77451247741416     
   11.7000000000000        1.43256419326738       -6.88932480751925     
   11.8000000000000        1.43256419326738       -7.00413713762433     
   11.9000000000000        1.43256419326738       -7.11894946772942     
   12.0000000000000        1.43256419326738       -7.23376179783450     
   12.1000000000000        1.43256419326738       -7.34857412793958     
   12.2000000000000        1.43256419326738       -7.46338645804467     
   12.3000000000000        1.43256419326738       -7.57819878814975     
   12.4000000000000        1.43256419326738       -7.69301111825484     
   12.5000000000000        1.43256419326738       -7.80782344835993     
   12.6000000000000        1.43256419326738       -7.92263577846501     
   12.7000000000000        1.43256419326738       -8.03744810857009     
   12.8000000000000        1.43256419326738       -8.15226043867518     
   12.9000000000000        1.43256419326738       -8.26707276878026     
   13.0000000000000        1.43256419326738       -8.38188509888535     
   13.1000000000000        1.43256419326738       -8.49669742899043     
   13.2000000000000        1.43256419326738       -8.61150975909552     
   13.3000000000000        1.43256419326738       -8.72632208920060     
   13.4000000000000        1.43256419326738       -8.84113441930569     
   13.5000000000000        1.43256419326738       -8.95594674941077     
   13.6000000000000        1.43256419326738       -9.07075907951586     
   13.7000000000000        1.43256419326738       -9.18557140962095     
   13.8000000000000        1.43256419326738       -9.30038373972603     
   13.9000000000000        1.43256419326738       -9.41519606983111     
   14.0000000000000        1.43256419326738       -9.53000839993620     
   14.1000000000000        1.43256419326738       -9.64482073004128     
   14.2000000000000        1.43256419326738       -9.75963306014637     
   14.3000000000000        1.43256419326738       -9.87444539025145     
   14.4000000000000        1.43256419326738       -9.98925772035654     
   14.5000000000000        1.43256419326738       -10.1040700504616     
   14.6000000000000        1.43256419326738       -10.2188823805667     
   14.7000000000000        1.43256419326738       -10.3336947106718     
   14.8000000000000        1.43256419326738       -10.4485070407769     
   14.9000000000000        1.43256419326738       -10.5633193708820     
   15.0000000000000        1.43256419326738       -10.6781317009870     
   15.1000000000000        1.43256419326738       -10.7929440310921     
   15.2000000000000        1.43256419326738       -10.9077563611972     
   15.3000000000000        1.43256419326738       -11.0225686913023     
   15.4000000000000        1.43256419326738       -11.1373810214074     
   15.5000000000000        1.43256419326738       -11.2521933515125     
   15.6000000000000        1.43256419326738       -11.3670056816176     
   15.7000000000000        1.43256419326738       -11.4818180117226     
   15.8000000000000        1.43256419326738       -11.5966303418277     
   15.9000000000000        1.43256419326738       -11.7114426719328     
   16.0000000000000        1.43256419326738       -11.8262550020379     
   16.1000000000000        1.43256419326738       -11.9410673321430     
   16.2000000000000        1.43256419326738       -12.0558796622481     
   16.3000000000000        1.43256419326738       -12.1706919923531     
   16.4000000000000        1.43256419326738       -12.2855043224582     
   16.5000000000000        1.43256419326738       -12.4003166525633     
   16.6000000000000        1.43256419326738       -12.5151289826684     
   16.7000000000000        1.43256419326738       -12.6299413127735     
   16.8000000000000        1.43256419326738       -12.7447536428786     
   16.9000000000000        1.43256419326738       -12.8595659729837     
   17.0000000000000        1.43256419326738       -12.9743783030887     
   17.1000000000000        1.43256419326738       -13.0891906331938     
   17.2000000000000        1.43256419326738       -13.2040029632989     
   17.3000000000000        1.43256419326738       -13.3188152934040     
   17.4000000000000        1.43256419326738       -13.4336276235091     
   17.5000000000000        1.43256419326738       -13.5484399536142     
   17.6000000000000        1.43256419326738       -13.6632522837193     
   17.7000000000000        1.43256419326738       -13.7780646138243     
   17.8000000000000        1.43256419326738       -13.8928769439294     
   17.9000000000000        1.43256419326738       -14.0076892740345     
   18.0000000000000        1.43256419326738       -14.1225016041396     
   18.1000000000000        1.43256419326738       -14.2373139342447     
   18.2000000000000        1.43256419326738       -14.3521262643498     
   18.3000000000000        1.43256419326738       -14.4669385944548     
   18.4000000000000        1.43256419326738       -14.5817509245599     
   18.5000000000000        1.43256419326738       -14.6965632546650     
   18.6000000000000        1.43256419326738       -14.8113755847701     
   18.7000000000000        1.43256419326738       -14.9261879148752     
   18.8000000000000        1.43256419326738       -15.0410002449803     
   18.9000000000000        1.43256419326738       -15.1558125750854     
   19.0000000000000        1.43256419326738       -15.2706249051904     
   19.1000000000000        1.43256419326738       -15.3854372352955     
   19.2000000000000        1.43256419326738       -15.5002495654006     
   19.3000000000000        1.43256419326738       -15.6150618955057     
   19.4000000000000        1.43256419326738       -15.7298742256108     
   19.5000000000000        1.43256419326738       -15.8446865557159     
   19.6000000000000        1.43256419326738       -15.9594988858210     
   19.7000000000000        1.43256419326738       -16.0743112159260     
   19.8000000000000        1.43256419326738       -16.1891235460311     
   19.9000000000000        1.43256419326738       -16.3039358761362     
   20.0000000000000        1.43256419326738       -16.4187482062413     
   20.1000000000000        1.43256419326738       -16.5335605363464     
   20.2000000000000        1.43256419326738       -16.6483728664515     
   20.3000000000000        1.43256419326738       -16.7631851965565     
   20.4000000000000        1.43256419326738       -16.8779975266616     
   20.5000000000000        1.43256419326738       -16.9928098567667     
   20.6000000000000        1.43256419326738       -17.1076221868718     
   20.7000000000000        1.43256419326738       -17.2224345169769     
   20.8000000000000        1.43256419326738       -17.3372468470820     
   20.9000000000000        1.43256419326738       -17.4520591771871     
   21.0000000000000        1.43256419326738       -17.5668715072921     
   21.1000000000000        1.43256419326738       -17.6816838373972     
   21.2000000000000        1.43256419326738       -17.7964961675023     
   21.3000000000000        1.43256419326738       -17.9113084976074     
   21.4000000000000        1.43256419326738       -18.0261208277125     
   21.5000000000000        1.43256419326738       -18.1409331578176     
   21.6000000000000        1.43256419326738       -18.2557454879227     
   21.7000000000000        1.43256419326738       -18.3705578180277     
   21.8000000000000        1.43256419326738       -18.4853701481328     
   21.9000000000000        1.43256419326738       -18.6001824782379     
   22.0000000000000        1.43256419326738       -18.7149948083430     
   22.1000000000000        1.43256419326738       -18.8298071384481     
   22.2000000000000        1.43256419326738       -18.9446194685532     
   22.3000000000000        1.43256419326738       -19.0594317986582     
   22.4000000000000        1.43256419326738       -19.1742441287633     
   22.5000000000000        1.43256419326738       -19.2890564588684     
   22.6000000000000        1.43256419326738       -19.4038687889735     
   22.7000000000000        1.43256419326738       -19.5186811190786     
   22.8000000000000        1.43256419326738       -19.6334934491837     
   22.9000000000000        1.43256419326738       -19.7483057792888     
   23.0000000000000        1.43256419326738       -19.8631181093938     
   23.1000000000000        1.43256419326738       -19.9779304394989     
   23.2000000000000        1.43256419326738       -20.0927427696040     
   23.3000000000000        1.43256419326738       -20.2075550997091     
   23.4000000000000        1.43256419326738       -20.3223674298142     
   23.5000000000000        1.43256419326738       -20.4371797599193     
   23.6000000000000        1.43256419326738       -20.5519920900243     
   23.7000000000000        1.43256419326738       -20.6668044201294     
   23.8000000000000        1.43256419326738       -20.7816167502345     
   23.9000000000000        1.43256419326738       -20.8964290803396     
   24.0000000000000        1.43256419326738       -21.0112414104447     
   24.1000000000000        1.43256419326738       -21.1260537405498     
   24.2000000000000        1.43256419326738       -21.2408660706549     
   24.3000000000000        1.43256419326738       -21.3556784007599     
   24.4000000000000        1.43256419326738       -21.4704907308650     
   24.5000000000000        1.43256419326738       -21.5853030609701     
   24.6000000000000        1.43256419326738       -21.7001153910752     
   24.7000000000000        1.43256419326738       -21.8149277211803     
   24.8000000000000        1.43256419326738       -21.9297400512854     
   24.9000000000000        1.43256419326738       -22.0445523813905     
   25.0000000000000        1.43256419326738       -22.1593647114955     
   25.1000000000000        1.43256419326738       -22.2741770416006     
   25.2000000000000        1.43256419326738       -22.3889893717057     
   25.3000000000000        1.43256419326738       -22.5038017018108     
   25.4000000000000        1.43256419326738       -22.6186140319159     
   25.5000000000000        1.43256419326738       -22.7334263620210     
   25.6000000000000        1.43256419326738       -22.8482386921260     
   25.7000000000000        1.43256419326738       -22.9630510222311     
   25.8000000000000        1.43256419326738       -23.0778633523362     
   25.9000000000000        1.43256419326738       -23.1926756824413     
   26.0000000000000        1.43256419326738       -23.3074880125464     
   26.1000000000000        1.43256419326738       -23.4223003426515     
   26.2000000000000        1.43256419326738       -23.5371126727566     
   26.3000000000000        1.43256419326738       -23.6519250028616     
   26.4000000000000        1.43256419326738       -23.7667373329667     
   26.5000000000000        1.43256419326738       -23.8815496630718     
   26.6000000000000        1.43256419326738       -23.9963619931769     
   26.7000000000000        1.43256419326738       -24.1111743232820     
   26.8000000000000        1.43256419326738       -24.2259866533871     
   26.9000000000000        1.43256419326738       -24.3407989834922     
   27.0000000000000        1.43256419326738       -24.4556113135972     
   27.1000000000000        1.43256419326738       -24.5704236437023     
   27.2000000000000        1.43256419326738       -24.6852359738074     
   27.3000000000000        1.43256419326738       -24.8000483039125     
   27.4000000000000        1.43256419326738       -24.9148606340176     
   27.5000000000000        1.43256419326738       -25.0296729641227     
   27.6000000000000        1.43256419326738       -25.1444852942277     
   27.7000000000000        1.43256419326738       -25.2592976243328     
   27.8000000000000        1.43256419326738       -25.3741099544379     
   27.9000000000000        1.43256419326738       -25.4889222845430     
   28.0000000000000        1.43256419326738       -25.6037346146481     
   28.1000000000000        1.43256419326738       -25.7185469447532     
   28.2000000000000        1.43256419326738       -25.8333592748583     
   28.3000000000000        1.43256419326738       -25.9481716049633     
   28.4000000000000        1.43256419326738       -26.0629839350684     
   28.5000000000000        1.43256419326738       -26.1777962651735     
   28.6000000000000        1.43256419326738       -26.2926085952786     
   28.7000000000000        1.43256419326738       -26.4074209253837     
   28.8000000000000        1.43256419326738       -26.5222332554888     
   28.9000000000000        1.43256419326738       -26.6370455855938     
   29.0000000000000        1.43256419326738       -26.7518579156989     
   29.1000000000000        1.43256419326738       -26.8666702458040     
   29.2000000000000        1.43256419326738       -26.9814825759091     
   29.3000000000000        1.43256419326738       -27.0962949060142     
   29.4000000000000        1.43256419326738       -27.2111072361193     
   29.5000000000000        1.43256419326738       -27.3259195662244     
   29.6000000000000        1.43256419326738       -27.4407318963294     
   29.7000000000000        1.43256419326738       -27.5555442264345     
   29.8000000000000        1.43256419326738       -27.6703565565396     
   29.9000000000000        1.43256419326738       -27.7851688866447     
   30.0000000000000        1.43256419326738       -27.8999812167498     
   30.1000000000000        1.43256419326738       -28.0147935468549     
   30.2000000000000        1.43256419326738       -28.1296058769599     
   30.3000000000000        1.43256419326738       -28.2444182070650     
   30.4000000000000        1.43256419326738       -28.3592305371701     
   30.5000000000000        1.43256419326738       -28.4740428672752     
   30.6000000000000        1.43256419326738       -28.5888551973803     
   30.7000000000000        1.43256419326738       -28.7036675274854     
   30.8000000000000        1.43256419326738       -28.8184798575905     
   30.9000000000000        1.43256419326738       -28.9332921876955     
   31.0000000000000        1.43256419326738       -29.0481045178006     
   31.1000000000000        1.43256419326738       -29.1629168479057     
   31.2000000000000        1.43256419326738       -29.2777291780108     
   31.3000000000000        1.43256419326738       -29.3925415081159     
   31.4000000000000        1.43256419326738       -29.5073538382210     
   31.5000000000000        1.43256419326738       -29.6221661683261     
   31.6000000000000        1.43256419326738       -29.7369784984311     
   31.7000000000000        1.43256419326738       -29.8517908285362     
   31.8000000000000        1.43256419326738       -29.9666031586413     
   31.9000000000000        1.43256419326738       -30.0814154887464     
   32.0000000000000        1.43256419326738       -30.1962278188515     
   32.1000000000000        1.43256419326738       -30.3110401489566     
   32.2000000000000        1.43256419326738       -30.4258524790616     
   32.3000000000000        1.43256419326738       -30.5406648091667     
   32.4000000000000        1.43256419326738       -30.6554771392718     
   32.5000000000000        1.43256419326738       -30.7702894693769     
   32.6000000000000        1.43256419326738       -30.8851017994820     
   32.7000000000000        1.43256419326738       -30.9999141295871     
   32.8000000000000        1.43256419326738       -31.1147264596922     
   32.9000000000000        1.43256419326738       -31.2295387897972     
   33.0000000000000        1.43256419326738       -31.3443511199023     
   33.1000000000000        1.43256419326738       -31.4591634500074     
   33.2000000000000        1.43256419326738       -31.5739757801125     
   33.3000000000000        1.43256419326738       -31.6887881102176     
   33.4000000000000        1.43256419326738       -31.8036004403227     
   33.5000000000000        1.43256419326738       -31.9184127704278     
   33.6000000000000        1.43256419326738       -32.0332251005328     
   33.7000000000000        1.43256419326738       -32.1480374306379     
   33.8000000000000        1.43256419326738       -32.2628497607430     
   33.9000000000000        1.43256419326738       -32.3776620908481     
   34.0000000000000        1.43256419326738       -32.4924744209532     
   34.1000000000000        1.43256419326738       -32.6072867510583     
   34.2000000000000        1.43256419326738       -32.7220990811633     
   34.3000000000000        1.43256419326738       -32.8369114112684     
   34.4000000000000        1.43256419326738       -32.9517237413735     
   34.5000000000000        1.43256419326738       -33.0665360714786     
   34.6000000000000        1.43256419326738       -33.1813484015837     
   34.7000000000000        1.43256419326738       -33.2961607316888     
   34.8000000000000        1.43256419326738       -33.4109730617939     
   34.9000000000000        1.43256419326738       -33.5257853918989     
   35.0000000000000        1.43256419326738       -33.6405977220040     
   35.1000000000000        1.43256419326738       -33.7554100521091     
   35.2000000000000        1.43256419326738       -33.8702223822142     
   35.3000000000000        1.43256419326738       -33.9850347123193     
   35.4000000000000        1.43256419326738       -34.0998470424244     
   35.5000000000000        1.43256419326738       -34.2146593725295     
   35.6000000000000        1.43256419326738       -34.3294717026345     
   35.7000000000000        1.43256419326738       -34.4442840327396     
   35.8000000000000        1.43256419326738       -34.5590963628447     
   35.9000000000000        1.43256419326738       -34.6739086929498     
   36.0000000000000        1.43256419326738       -34.7887210230549     
   36.1000000000000        1.43256419326738       -34.9035333531600     
   36.2000000000000        1.43256419326738       -35.0183456832650     
   36.3000000000000        1.43256419326738       -35.1331580133701     
   36.4000000000000        1.43256419326738       -35.2479703434752     
   36.5000000000000        1.43256419326738       -35.3627826735803     
   36.6000000000000        1.43256419326738       -35.4775950036854     
   36.7000000000000        1.43256419326738       -35.5924073337905     
   36.8000000000000        1.43256419326738       -35.7072196638956     
   36.9000000000000        1.43256419326738       -35.8220319940006     
   37.0000000000000        1.43256419326738       -35.9368443241057     
   37.1000000000000        1.43256419326738       -36.0516566542108     
   37.2000000000000        1.43256419326738       -36.1664689843159     
   37.3000000000000        1.43256419326738       -36.2812813144210     
   37.4000000000000        1.43256419326738       -36.3960936445261     
   37.5000000000000        1.43256419326738       -36.5109059746312     
   37.6000000000000        1.43256419326738       -36.6257183047362     
   37.7000000000000        1.43256419326738       -36.7405306348413     
   37.8000000000000        1.43256419326738       -36.8553429649464     
   37.9000000000000        1.43256419326738       -36.9701552950515     
   38.0000000000000        1.43256419326738       -37.0849676251566     
   38.1000000000000        1.43256419326738       -37.1997799552617     
   38.2000000000000        1.43256419326738       -37.3145922853667     
   38.3000000000000        1.43256419326738       -37.4294046154718     
   38.4000000000000        1.43256419326738       -37.5442169455769     
   38.5000000000000        1.43256419326738       -37.6590292756820     
   38.6000000000000        1.43256419326738       -37.7738416057871     
   38.7000000000000        1.43256419326738       -37.8886539358922     
   38.8000000000000        1.43256419326738       -38.0034662659972     
   38.9000000000000        1.43256419326738       -38.1182785961023     
   39.0000000000000        1.43256419326738       -38.2330909262074     
   39.1000000000000        1.43256419326738       -38.3479032563125     
   39.2000000000000        1.43256419326738       -38.4627155864176     
   39.3000000000000        1.43256419326738       -38.5775279165227     
   39.4000000000000        1.43256419326738       -38.6923402466278     
   39.5000000000000        1.43256419326738       -38.8071525767328     
   39.6000000000000        1.43256419326738       -38.9219649068379     
   39.7000000000000        1.43256419326738       -39.0367772369430     
   39.8000000000000        1.43256419326738       -39.1515895670481     
   39.9000000000000        1.43256419326738       -39.2664018971532     
   40.0000000000000        1.43256419326738       -39.3812142272583     
