 # applied field (T), magnetization (2 f.u.), magnetization (T)
  0.000000000000000E+000  5.840425793937926E-015  1.965790060703003E-016
  0.100000000000000       0.379288829297905       1.276623035846800E-002
  0.200000000000000       0.758539988201102       2.553119279418326E-002
  0.300000000000000        1.13771581076877       3.829361953430350E-002
  0.400000000000000        1.51677863993237       5.105224310461222E-002
  0.500000000000000        1.89569083184380       6.380579647587159E-002
  0.600000000000000        2.27441476011977       7.655301320668008E-002
  0.700000000000000        2.65291281994984       8.929262758174177E-002
  0.800000000000000        3.03114743203787       0.102023374744530     
  0.900000000000000        3.40908104635017       0.114743990823444     
   1.00000000000000        3.78667614564645       0.127453213050652     
   1.10000000000000        4.16389524877479       0.140149779873000     
   1.20000000000000        4.54070091371622       0.152832431054482     
   1.30000000000000        4.91705574036965       0.165499907769979     
   1.40000000000000        5.29292237307316       0.178150952690117     
   1.50000000000000        5.70571859148872       0.192044985965899     
   1.60000000000000        6.08043871743726       0.204657441377962     
   1.70000000000000        6.45455515732614       0.217249577722584     
   1.80000000000000        6.86529323084958       0.231074337268759     
   1.90000000000000        7.23802116072044       0.243619738678483     
   2.00000000000000        7.64714218481168       0.257390071033667     
   2.10000000000000        8.05534462712689       0.271129485456000     
   2.20000000000000        8.42564290951847       0.283593108977701     
   2.30000000000000        8.83195524338692       0.297268905497343     
   2.40000000000000        9.23720632398693       0.310908981999291     
   2.50000000000000        9.64134727507699       0.324511693390651     
   2.60000000000000        10.0443293063644       0.338075397471422     
   2.70000000000000        10.4461037143961       0.351598454964479     
   2.80000000000000        10.8829258569296       0.366301160835317     
   2.90000000000000        11.2820183927373       0.379733950975478     
   3.00000000000000        11.7157995860039       0.394334303558137     
   3.10000000000000        12.1479027331188       0.408878175901804     
   3.20000000000000        12.5782652371357       0.423363461097512     
   3.30000000000000        13.0068246380956       0.437788056847060     
   3.40000000000000        13.4335186174469       0.452149865611776     
   3.50000000000000        13.8935551791562       0.467633930172732     
   3.60000000000000        14.3161635431806       0.481858223929386     
   3.70000000000000        14.7716288291944       0.497188426963052     
   3.80000000000000        15.2246024700884       0.512434765371358     
   3.90000000000000        15.7095097314368       0.528755936264599     
   4.00000000000000        16.1913398304414       0.544973534997791     
   4.10000000000000        16.6699958967937       0.561084301077675     
   4.20000000000000        17.1453814639614       0.577084987601419     
   4.30000000000000        17.6509537627385       0.594101709240696     
   4.40000000000000        18.1525443991792       0.610984414756449     
   4.50000000000000        18.6500365440794       0.627729171872237     
   4.60000000000000        19.1760183289264       0.645432842824383     
   4.70000000000000        19.7294376425588       0.664060015303296     
   4.80000000000000        20.2771202887358       0.682494101109021     
   4.90000000000000        20.8505594026081       0.701795106724717     
   5.00000000000000        21.4171891353492       0.720866919911307     
   5.10000000000000        22.0385141274587       0.741779684443355     
   5.20000000000000        22.6509384895136       0.762392868590124     
   5.30000000000000        23.2841064441126       0.783704247517298     
   5.40000000000000        23.9656155568864       0.806642709325333     
   5.50000000000000        24.6630580964692       0.830117463745575     
   5.60000000000000        25.4023507124693       0.855000822044427     
   5.70000000000000        26.1790267699433       0.881142444728052     
   5.80000000000000        27.0411261947020       0.910159275697595     
   5.90000000000000        27.9518951301987       0.940814241348467     
   6.00000000000000        28.9502575867352       0.974417459046661     
   6.10000000000000        30.0863287196741        1.01265572146412     
   6.20000000000000        31.4708733692916        1.05925718866609     
   6.30000000000000        33.3195189155574        1.12147951917467     
   6.40000000000000        37.8353220567429        1.27347393266842     
   6.50000000000000        37.8355709045784        1.27348230847216     
   6.60000000000000        37.8358197076985        1.27349068277084     
   6.70000000000000        37.8360684660938        1.27349905556417     
   6.80000000000000        37.8363171797550        1.27350742685182     
   6.90000000000000        37.8365658486728        1.27351579663348     
   7.00000000000000        37.8368144728383        1.27352416490885     
   7.10000000000000        37.8370630522428        1.27353253167764     
   7.20000000000000        37.8373115868777        1.27354089693957     
   7.30000000000000        37.8375600767355        1.27354926069436     
   7.40000000000000        37.8378085218089        1.27355762294179     
   7.50000000000000        37.8380569220914        1.27356598368164     
   7.60000000000000        37.8383052775777        1.27357434291372     
   7.70000000000000        37.8385535882634        1.27358270063788     
   7.80000000000000        37.8388018541450        1.27359105685402     
   7.90000000000000        37.8390500752207        1.27359941156206     
   8.00000000000000        37.8392982514900        1.27360776476199     
   8.10000000000000        37.8395463829540        1.27361611645385     
   8.20000000000000        37.8397944696153        1.27362446663773     
   8.30000000000000        37.8400425114787        1.27363281531378     
   8.40000000000000        37.8402905085505        1.27364116248223     
   8.50000000000000        37.8405384608393        1.27364950814335     
   8.60000000000000        37.8407863683557        1.27365785229750     
   8.70000000000000        37.8410342311124        1.27366619494512     
   8.80000000000000        37.8412820491243        1.27367453608671     
   8.90000000000000        37.8415298224087        1.27368287572284     
   9.00000000000000        37.8417775509849        1.27369121385417     
   9.10000000000000        37.8420252348745        1.27369955048142     
   9.20000000000000        37.8422728741015        1.27370788560541     
   9.30000000000000        37.8425204686917        1.27371621922699     
   9.40000000000000        37.8427680186734        1.27372455134712     
   9.50000000000000        37.8430155240765        1.27373288196682     
   9.60000000000000        37.8432629849332        1.27374121108716     
   9.70000000000000        37.8435104012774        1.27374953870928     
   9.80000000000000        37.8437577731446        1.27375786483437     
   9.90000000000000        37.8440051005721        1.27376618946370     
   10.0000000000000        37.8442523835983        1.27377451259856     
   10.1000000000000        37.8444996222633        1.27378283424030     
   10.2000000000000        37.8447468166083        1.27379115439029     
   10.3000000000000        37.8449939666752        1.27379947304996     
   10.4000000000000        37.8452410725072        1.27380779022076     
   10.5000000000000        37.8454881341480        1.27381610590415     
   10.6000000000000        37.8457351516419        1.27382442010163     
   10.7000000000000        37.8459821250339        1.27383273281472     
   10.8000000000000        37.8462290543690        1.27384104404492     
   10.9000000000000        37.8464759396927        1.27384935379378     
   11.0000000000000        37.8467227810505        1.27385766206281     
   11.1000000000000        37.8469695784878        1.27386596885355     
   11.2000000000000        37.8472163320501        1.27387427416754     
   11.3000000000000        37.8474630417827        1.27388257800629     
   11.4000000000000        37.8477097077304        1.27389088037131     
   11.5000000000000        37.8479563299379        1.27389918126411     
   11.6000000000000        37.8482029086587        1.27390748069322     
   11.7000000000000        37.8484494437272        1.27391577865307     
   11.8000000000000        37.8486959351821        1.27392407514496     
   11.9000000000000        37.8489423830663        1.27393237017032     
   12.0000000000000        37.8491887874219        1.27394066373059     
   12.1000000000000        37.8494351482905        1.27394895582716     
   12.2000000000000        37.8496814657129        1.27395724646140     
   12.3000000000000        37.8499277397295        1.27396553563468     
   12.4000000000000        37.8501739703800        1.27397382334832     
   12.5000000000000        37.8504201577032        1.27398210960364     
   12.6000000000000        37.8506663017374        1.27399039440192     
   12.7000000000000        37.8509124025201        1.27399867774444     
   12.8000000000000        37.8511584600884        1.27400695963242     
   12.9000000000000        37.8514044744785        1.27401524006710     
   13.0000000000000        37.8516504457259        1.27402351904967     
   13.1000000000000        37.8518963738656        1.27403179658130     
   13.2000000000000        37.8521422589319        1.27404007266316     
   13.3000000000000        37.8523881009586        1.27404834729637     
   13.4000000000000        37.8526338999786        1.27405662048205     
   13.5000000000000        37.8528796560245        1.27406489222129     
   13.6000000000000        37.8531253691282        1.27407316251517     
   13.7000000000000        37.8533710393210        1.27408143136474     
   13.8000000000000        37.8536166666338        1.27408969877105     
   13.9000000000000        37.8538622510968        1.27409796473510     
   14.0000000000000        37.8541077927400        1.27410622925790     
   14.1000000000000        37.8543532915925        1.27411449234045     
   14.2000000000000        37.8545987476834        1.27412275398370     
   14.3000000000000        37.8548441610408        1.27413101418862     
   14.4000000000000        37.8550895316930        1.27413927295615     
   14.5000000000000        37.8553348596674        1.27414753028722     
   14.6000000000000        37.8555801449913        1.27415578618275     
   14.7000000000000        37.8558253876914        1.27416404064363     
   14.8000000000000        37.8560705877943        1.27417229367076     
   14.9000000000000        37.8563157453262        1.27418054526502     
   15.0000000000000        37.8565608603129        1.27418879542727     
   15.1000000000000        37.8568059327799        1.27419704415839     
   15.2000000000000        37.8570509627526        1.27420529145922     
   15.3000000000000        37.8572959502560        1.27421353733060     
   15.4000000000000        37.8575408953149        1.27422178177337     
   15.5000000000000        37.8577857979539        1.27423002478836     
   15.6000000000000        37.8580306581973        1.27423826637639     
   15.7000000000000        37.8582754760695        1.27424650653826     
   15.8000000000000        37.8585202515944        1.27425474527480     
   15.9000000000000        37.8587649847961        1.27426298258682     
   16.0000000000000        37.8590096756984        1.27427121847510     
   16.1000000000000        37.8592543243249        1.27427945294045     
   16.2000000000000        37.8594989306994        1.27428768598367     
   16.3000000000000        37.8597434948455        1.27429591760555     
   16.4000000000000        37.8599880167868        1.27430414780689     
   16.5000000000000        37.8602324965468        1.27431237658847     
   16.6000000000000        37.8604769341492        1.27432060395110     
   16.7000000000000        37.8607213296176        1.27432882989558     
   16.8000000000000        37.8609656829758        1.27433705442269     
   16.9000000000000        37.8612099942474        1.27434527753323     
   17.0000000000000        37.8614542634565        1.27435349922802     
   17.1000000000000        37.8616984906268        1.27436171950786     
   17.2000000000000        37.8619426757826        1.27436993837356     
   17.3000000000000        37.8621868189479        1.27437815582593     
   17.4000000000000        37.8624309201471        1.27438637186579     
   17.5000000000000        37.8626749794045        1.27439458649396     
   17.6000000000000        37.8629189967442        1.27440279971125     
   17.7000000000000        37.8631629721906        1.27441101151848     
   17.8000000000000        37.8634069057678        1.27441922191646     
   17.9000000000000        37.8636507974996        1.27442743090599     
   18.0000000000000        37.8638946474093        1.27443563848786     
   18.1000000000000        37.8641384555196        1.27444384466284     
   18.2000000000000        37.8643822218527        1.27445204943166     
   18.3000000000000        37.8646259464293        1.27446025279503     
   18.4000000000000        37.8648696292690        1.27446845475361     
   18.5000000000000        37.8651132703901        1.27447665530801     
   18.6000000000000        37.8653568698087        1.27448485445877     
   18.7000000000000        37.8656004275393        1.27449305220638     
   18.8000000000000        37.8658439435942        1.27450124855126     
   18.9000000000000        37.8660874179839        1.27450944349375     
   19.0000000000000        37.8663308507168        1.27451763703415     
   19.1000000000000        37.8665742417996        1.27452582917267     
   19.2000000000000        37.8668175912377        1.27453401990951     
   19.3000000000000        37.8670608990358        1.27454220924481     
   19.4000000000000        37.8673041651981        1.27455039717871     
   19.5000000000000        37.8675473897289        1.27455858371138     
   19.6000000000000        37.8677905726333        1.27456676884296     
   19.7000000000000        37.8680337139176        1.27457495257368     
   19.8000000000000        37.8682768135894        1.27458313490380     
   19.9000000000000        37.8685198716582        1.27459131583363     
   20.0000000000000        37.8687628881353        1.27459949536355     
   20.1000000000000        37.8690058630339        1.27460767349400     
   20.2000000000000        37.8692487963688        1.27461585022549     
   20.3000000000000        37.8694916881565        1.27462402555858     
   20.4000000000000        37.8697345384149        1.27463219949385     
   20.5000000000000        37.8699773471632        1.27464037203197     
   20.6000000000000        37.8702201144213        1.27464854317359     
   20.7000000000000        37.8704628402100        1.27465671291942     
   20.8000000000000        37.8707055245506        1.27466488127018     
   20.9000000000000        37.8709481674647        1.27467304822659     
   21.0000000000000        37.8711907689741        1.27468121378939     
   21.1000000000000        37.8714333291009        1.27468937795932     
   21.2000000000000        37.8716758478667        1.27469754073711     
   21.3000000000000        37.8719183252936        1.27470570212350     
   21.4000000000000        37.8721607614033        1.27471386211921     
   21.5000000000000        37.8724031562172        1.27472202072499     
   21.6000000000000        37.8726455097569        1.27473017794154     
   21.7000000000000        37.8728878220433        1.27473833376957     
   21.8000000000000        37.8731300930975        1.27474648820980     
   21.9000000000000        37.8733723229403        1.27475464126292     
   22.0000000000000        37.8736145115921        1.27476279292962     
   22.1000000000000        37.8738566590734        1.27477094321059     
   22.2000000000000        37.8740987654044        1.27477909210650     
   22.3000000000000        37.8743408306051        1.27478723961804     
   22.4000000000000        37.8745828546953        1.27479538574587     
   22.5000000000000        37.8748248376948        1.27480353049066     
   22.6000000000000        37.8750667796232        1.27481167385306     
   22.7000000000000        37.8753086805000        1.27481981583373     
   22.8000000000000        37.8755505403446        1.27482795643333     
   22.9000000000000        37.8757923591764        1.27483609565250     
   23.0000000000000        37.8760341370145        1.27484423349189     
   23.1000000000000        37.8762758738781        1.27485236995215     
   23.2000000000000        37.8765175697865        1.27486050503393     
   23.3000000000000        37.8767592247588        1.27486863873787     
   23.4000000000000        37.8770008388140        1.27487677106460     
   23.5000000000000        37.8772424119713        1.27488490201478     
   23.6000000000000        37.8774839442498        1.27489303158905     
   23.7000000000000        37.8777254356688        1.27490115978805     
   23.8000000000000        37.8779668862477        1.27490928661244     
   23.9000000000000        37.8782082960058        1.27491741206288     
   24.0000000000000        37.8784496649629        1.27492553614002     
   24.1000000000000        37.8786909931392        1.27493365884454     
   24.2000000000000        37.8789322805551        1.27494178017714     
   24.3000000000000        37.8791735272320        1.27494990013854     
   24.4000000000000        37.8794147331926        1.27495801872949     
   24.5000000000000        37.8796558984613        1.27496613595082     
   24.6000000000000        37.8798970230661        1.27497425180346     
   24.7000000000000        37.8801381070404        1.27498236628856     
   24.8000000000000        37.8803791504285        1.27499047940759     
   24.9000000000000        37.8806201532953        1.27499859116274     
   25.0000000000000        37.8808611157501        1.27500670155769     
   25.1000000000000        37.8811020380025        1.27501481059949     
   25.2000000000000        37.8813429205024        1.27502291830329     
   25.3000000000000        37.8815837642064        1.27503102470129     
   25.4000000000000        37.8818245702539        1.27503912983183     
   25.5000000000000        37.8820653365444        1.27504723362422     
   25.6000000000000        37.8823060586691        1.27505533593006     
   25.7000000000000        37.8825467369925        1.27506343676162     
   25.8000000000000        37.8827873733054        1.27507153617917     
   25.9000000000000        37.8830279685176        1.27507963421335     
   26.0000000000000        37.8832685230064        1.27508773087684     
   26.1000000000000        37.8835090369409        1.27509582617535     
   26.2000000000000        37.8837495104103        1.27510392011186     
   26.3000000000000        37.8839899434709        1.27511201268828     
   26.4000000000000        37.8842303361672        1.27512010390611     
   26.5000000000000        37.8844706885450        1.27512819376689     
   26.6000000000000        37.8847110006727        1.27513628227291     
   26.7000000000000        37.8849512727098        1.27514436942955     
   26.8000000000000        37.8851915050748        1.27515245525089     
   26.9000000000000        37.8854316980622        1.27516053974685     
   27.0000000000000        37.8856718512662        1.27516862290377     
   27.1000000000000        37.8859119644057        1.27517670471218     
   27.2000000000000        37.8861520374064        1.27518478516959     
   27.3000000000000        37.8863920702564        1.27519286427558     
   27.4000000000000        37.8866320629605        1.27520094203034     
   27.5000000000000        37.8868720155265        1.27520901843412     
   27.6000000000000        37.8871119279778        1.27521709348770     
   27.7000000000000        37.8873518003322        1.27522516719168     
   27.8000000000000        37.8875916326081        1.27523323954669     
   27.9000000000000        37.8878314248245        1.27524131055337     
   28.0000000000000        37.8880711770007        1.27524938021236     
   28.1000000000000        37.8883108891562        1.27525744852431     
   28.2000000000000        37.8885505613106        1.27526551548990     
   28.3000000000000        37.8887901934835        1.27527358110978     
   28.4000000000000        37.8890297856950        1.27528164538462     
   28.5000000000000        37.8892693379649        1.27528970831509     
   28.6000000000000        37.8895088503132        1.27529776990188     
   28.7000000000000        37.8897483227601        1.27530583014564     
   28.8000000000000        37.8899877553257        1.27531388904707     
   28.9000000000000        37.8902271480302        1.27532194660684     
   29.0000000000000        37.8904665008940        1.27533000282563     
   29.1000000000000        37.8907058139374        1.27533805770414     
   29.2000000000000        37.8909450871807        1.27534611124305     
   29.3000000000000        37.8911843206445        1.27535416344304     
   29.4000000000000        37.8914235143493        1.27536221430481     
   29.5000000000000        37.8916626683158        1.27537026382905     
   29.6000000000000        37.8919017825645        1.27537831201646     
   29.7000000000000        37.8921408571161        1.27538635886774     
   29.8000000000000        37.8923798919915        1.27539440438358     
   29.9000000000000        37.8926188872115        1.27540244856468     
   30.0000000000000        37.8928578427970        1.27541049141175     
   30.1000000000000        37.8930967587689        1.27541853292549     
   30.2000000000000        37.8933356351482        1.27542657310661     
   30.3000000000000        37.8935744719560        1.27543461195583     
   30.4000000000000        37.8938132692135        1.27544264947384     
   30.5000000000000        37.8940520269418        1.27545068566137     
   30.6000000000000        37.8942907451621        1.27545872051912     
   30.7000000000000        37.8945294238958        1.27546675404782     
   30.8000000000000        37.8947680631643        1.27547478624819     
   30.9000000000000        37.8950066629890        1.27548281712095     
   31.0000000000000        37.8952452233913        1.27549084666681     
   31.1000000000000        37.8954837443929        1.27549887488651     
   31.2000000000000        37.8957222260153        1.27550690178077     
   31.3000000000000        37.8959606682802        1.27551492735033     
   31.4000000000000        37.8961990712093        1.27552295159590     
   31.5000000000000        37.8964374348244        1.27553097451824     
   31.6000000000000        37.8966757591473        1.27553899611806     
   31.7000000000000        37.8969140442001        1.27554701639612     
   31.8000000000000        37.8971522900045        1.27555503535314     
   31.9000000000000        37.8973904965827        1.27556305298988     
   32.0000000000000        37.8976286639568        1.27557106930706     
   32.1000000000000        37.8978667926056        1.27557908432082     
   32.2000000000000        37.8981048816482        1.27558709800150     
   32.3000000000000        37.8983429315531        1.27559511036487     
   32.4000000000000        37.8985809423428        1.27560312141169     
   32.5000000000000        37.8988189140396        1.27561113114271     
   32.6000000000000        37.8990568466658        1.27561913955867     
   32.7000000000000        37.8992947402439        1.27562714666034     
   32.8000000000000        37.8995325947965        1.27563515244848     
   32.9000000000000        37.8997704103461        1.27564315692384     
   33.0000000000000        37.9000081869154        1.27565116008719     
   33.1000000000000        37.9002459245269        1.27565916193929     
   33.2000000000000        37.9004836232035        1.27566716248090     
   33.3000000000000        37.9007212829678        1.27567516171279     
   33.4000000000000        37.9009589038426        1.27568315963572     
   33.5000000000000        37.9011964858509        1.27569115625047     
   33.6000000000000        37.9014340273411        1.27569915150145     
   33.7000000000000        37.9016715296670        1.27570714543422     
   33.8000000000000        37.9019089931953        1.27571513806113     
   33.9000000000000        37.9021464179492        1.27572312938296     
   34.0000000000000        37.9023838039517        1.27573111940048     
   34.1000000000000        37.9026211512260        1.27573910811448     
   34.2000000000000        37.9028584597951        1.27574709552572     
   34.3000000000000        37.9030957296823        1.27575508163499     
   34.4000000000000        37.9033329609108        1.27576306644308     
   34.5000000000000        37.9035701535038        1.27577104995076     
   34.6000000000000        37.9038073074847        1.27577903215882     
   34.7000000000000        37.9040444228766        1.27578701306804     
   34.8000000000000        37.9042814997029        1.27579499267920     
   34.9000000000000        37.9045185379869        1.27580297099310     
   35.0000000000000        37.9047555377520        1.27581094801051     
   35.1000000000000        37.9049924990215        1.27581892373223     
   35.2000000000000        37.9052294218188        1.27582689815904     
   35.3000000000000        37.9054663061672        1.27583487129172     
   35.4000000000000        37.9057031520902        1.27584284313106     
   35.5000000000000        37.9059399596110        1.27585081367785     
   35.6000000000000        37.9061767287532        1.27585878293288     
   35.7000000000000        37.9064134595399        1.27586675089693     
   35.8000000000000        37.9066501519946        1.27587471757079     
   35.9000000000000        37.9068868061407        1.27588268295524     
   36.0000000000000        37.9071234220014        1.27589064705107     
   36.1000000000000        37.9073599996001        1.27589860985907     
   36.2000000000000        37.9075965389600        1.27590657138001     
   36.3000000000000        37.9078330400707        1.27591453161355     
   36.4000000000000        37.9080695028294        1.27592249055622     
   36.5000000000000        37.9083059274190        1.27593044821418     
   36.6000000000000        37.9085423138624        1.27593840458821     
   36.7000000000000        37.9087786621828        1.27594635967908     
   36.8000000000000        37.9090149724034        1.27595431348757     
   36.9000000000000        37.9092512445470        1.27596226601446     
   37.0000000000000        37.9094874786367        1.27597021726051     
   37.1000000000000        37.9097236746952        1.27597816722651     
   37.2000000000000        37.9099598327456        1.27598611591320     
   37.3000000000000        37.9101959547843        1.27599406338781     
   37.4000000000000        37.9104320370811        1.27600200952477     
   37.5000000000000        37.9106680814378        1.27600995438472     
   37.6000000000000        37.9109040878769        1.27601789796844     
   37.7000000000000        37.9111400564209        1.27602584027667     
   37.8000000000000        37.9113759870921        1.27603378131016     
   37.9000000000000        37.9116118799127        1.27604172106967     
   38.0000000000000        37.9118477349050        1.27604965955593     
   38.1000000000000        37.9120835520908        1.27605759676970     
   38.2000000000000        37.9123193314921        1.27606553271170     
   38.3000000000000        37.9125550731309        1.27607346738268     
   38.4000000000000        37.9127907770286        1.27608140078335     
   38.5000000000000        37.9130264432070        1.27608933291446     
   38.6000000000000        37.9132620716873        1.27609726377671     
   38.7000000000000        37.9134976624910        1.27610519337083     
   38.8000000000000        37.9137332156392        1.27611312169753     
   38.9000000000000        37.9139687311529        1.27612104875751     
   39.0000000000000        37.9142042090530        1.27612897455148     
   39.1000000000000        37.9144396493601        1.27613689908014     
   39.2000000000000        37.9146750520949        1.27614482234417     
   39.3000000000000        37.9149104172777        1.27615274434427     
   39.4000000000000        37.9151457449287        1.27616066508111     
   39.5000000000000        37.9153810350681        1.27616858455536     
   39.6000000000000        37.9156162877155        1.27617650276771     
   39.7000000000000        37.9158515028907        1.27618441971880     
   39.8000000000000        37.9160866806131        1.27619233540929     
   39.9000000000000        37.9163218209019        1.27620024983983     
   40.0000000000000        37.9165569237762        1.27620816301105     
