 # applied field (T), theta (degree), phi (degree), abs for RE 3-4
     0.00000   180.00000   360.00000     4.40280   180.00000   360.00000     4.40280
     0.10000   179.54498   180.00000     4.40279   179.62301   180.00000     4.40280
     0.20000   179.08988   180.00000     4.40275   179.24599   180.00000     4.40278
     0.30000   178.63461   180.00000     4.40269   178.86891   180.00000     4.40275
     0.40000   178.17910   180.00000     4.40260   178.49174   180.00000     4.40270
     0.50000    90.00000   213.20761     4.40669    90.00000   230.27813     4.39459
     0.60000    90.00000   212.42611     4.40808    90.00000   229.42798     4.39297
     0.70000    90.00000   211.65106     4.40945    90.00000   228.56925     4.39136
     0.80000    90.00000   211.65128     4.40942    90.00000   228.56826     4.39132
     0.90000    90.00000   210.88248     4.41077    90.00000   227.70072     4.38970
     1.00000    90.00000   210.11969     4.41209    90.00000   226.82424     4.38806
     1.10000    90.00000   210.11994     4.41206    90.00000   226.82318     4.38803
     1.20000    90.00000   209.36298     4.41335    90.00000   225.93754     4.38639
     1.30000    90.00000   208.61164     4.41462    90.00000   225.04260     4.38476
     1.40000    90.00000   207.86571     4.41586    90.00000   224.13822     4.38313
     1.50000    90.00000   207.86599     4.41583    90.00000   224.13707     4.38309
     1.60000    90.00000   207.12529     4.41705    90.00000   223.22309     4.38146
     1.70000    90.00000   206.38962     4.41823    90.00000   222.29941     4.37984
     1.80000    90.00000   206.38991     4.41820    90.00000   222.29820     4.37981
     1.90000    90.00000   205.65909     4.41935    90.00000   221.36470     4.37820
     2.00000    90.00000   204.93292     4.42048    90.00000   220.42130     4.37661
     2.10000    90.00000   204.21123     4.42158    90.00000   219.46797     4.37503
     2.20000    90.00000   204.21154     4.42155    90.00000   219.46669     4.37500
     2.30000    90.00000   203.49416     4.42261    90.00000   218.50335     4.37344
     2.40000    90.00000   202.78091     4.42365    90.00000   217.53000     4.37191
     2.50000    90.00000   202.07163     4.42466    90.00000   216.54667     4.37041
     2.60000    90.00000   202.07194     4.42463    90.00000   216.54535     4.37037
     2.70000    90.00000   201.36647     4.42560    90.00000   215.55205     4.36890
     2.80000    90.00000   200.66464     4.42655    90.00000   214.54886     4.36746
     2.90000    90.00000   199.96631     4.42747    90.00000   213.53589     4.36606
     3.00000    90.00000   199.27132     4.42835    90.00000   212.51324     4.36470
     3.10000    90.00000   199.27162     4.42832    90.00000   212.51190     4.36467
     3.20000    90.00000   198.57982     4.42917    90.00000   211.47975     4.36335
     3.30000    90.00000   197.89107     4.42999    90.00000   210.43828     4.36208
     3.40000    90.00000   197.20523     4.43079    90.00000   209.38770     4.36086
     3.50000    90.00000   196.52217     4.43155    90.00000   208.32826     4.35969
     3.60000    90.00000   195.84174     4.43228    90.00000   207.26022     4.35857
     3.70000    90.00000   195.16383     4.43297    90.00000   206.18390     4.35751
     3.80000    90.00000   194.48830     4.43364    90.00000   205.09959     4.35650
     3.90000    90.00000   193.14364     4.43492    90.00000   202.90966     4.35470
     4.00000    90.00000   192.47452     4.43549    90.00000   201.80353     4.35386
     4.10000    90.00000   191.80731     4.43603    90.00000   200.69091     4.35309
     4.20000    90.00000   190.47792     4.43706    90.00000   198.44881     4.35174
     4.30000    90.00000   189.15482     4.43796    90.00000   196.18541     4.35060
     4.40000    90.00000   187.83716     4.43873    90.00000   193.90393     4.34967
     4.50000    90.00000   185.21471     4.43994    90.00000   189.29982     4.34837
     4.60000    90.00000   180.65086     4.44088    90.00000   181.16531     4.34747
     4.70000    90.00000   180.00000     4.44086    90.00000   180.00000     4.34741
     4.80000    90.00000   180.00000     4.44083    90.00000   180.00000     4.34737
     4.90000    90.00000   180.00000     4.44080    90.00000   180.00000     4.34732
     5.00000    90.00000   180.00000     4.44076    90.00000   180.00000     4.34728
     5.10000    90.00000   180.00000     4.44073    90.00000   180.00000     4.34724
     5.20000    90.00000   180.00000     4.44069    90.00000   180.00000     4.34719
     5.30000    90.00000   180.00000     4.44066    90.00000   180.00000     4.34715
     5.40000    90.00000   180.00000     4.44062    90.00000   180.00000     4.34711
     5.50000    90.00000   180.00000     4.44059    90.00000   180.00000     4.34706
     5.60000    90.00000   180.00000     4.44055    90.00000   180.00000     4.34702
     5.70000    90.00000   180.00000     4.44052    90.00000   180.00000     4.34698
     5.80000    90.00000   180.00000     4.44048    90.00000   180.00000     4.34693
     5.90000    90.00000   180.00000     4.44045    90.00000   180.00000     4.34689
     6.00000    90.00000   180.00000     4.44042    90.00000   180.00000     4.34684
     6.10000    90.00000   180.00000     4.44038    90.00000   180.00000     4.34680
     6.20000    90.00000   180.00000     4.44035    90.00000   180.00000     4.34676
     6.30000    90.00000   180.00000     4.44031    90.00000   180.00000     4.34671
     6.40000    90.00000   180.00000     4.44028    90.00000   180.00000     4.34667
     6.50000    90.00000   180.00000     4.44024    90.00000   180.00000     4.34663
     6.60000    90.00000   180.00000     4.44021    90.00000   180.00000     4.34658
     6.70000    90.00000   180.00000     4.44017    90.00000   180.00000     4.34654
     6.80000    90.00000   180.00000     4.44014    90.00000   180.00000     4.34649
     6.90000    90.00000   180.00000     4.44010    90.00000   180.00000     4.34645
     7.00000    90.00000   180.00000     4.44007    90.00000   180.00000     4.34641
     7.10000    90.00000   180.00000     4.44003    90.00000   180.00000     4.34636
     7.20000    90.00000   180.00000     4.44000    90.00000   180.00000     4.34632
     7.30000    90.00000   180.00000     4.43997    90.00000   180.00000     4.34628
     7.40000    90.00000   180.00000     4.43993    90.00000   180.00000     4.34623
     7.50000    90.00000   180.00000     4.43990    90.00000   180.00000     4.34619
     7.60000    90.00000   180.00000     4.43986    90.00000   180.00000     4.34614
     7.70000    90.00000   180.00000     4.43983    90.00000   180.00000     4.34610
     7.80000    90.00000   180.00000     4.43979    90.00000   180.00000     4.34606
     7.90000    90.00000   180.00000     4.43976    90.00000   180.00000     4.34601
     8.00000    90.00000   180.00000     4.43972    90.00000   180.00000     4.34597
     8.10000    90.00000   180.00000     4.43969    90.00000   180.00000     4.34593
     8.20000    90.00000   180.00000     4.43965    90.00000   180.00000     4.34588
     8.30000    90.00000   180.00000     4.43962    90.00000   180.00000     4.34584
     8.40000    90.00000   180.00000     4.43958    90.00000   180.00000     4.34579
     8.50000    90.00000   180.00000     4.43955    90.00000   180.00000     4.34575
     8.60000    90.00000   180.00000     4.43952    90.00000   180.00000     4.34571
     8.70000    90.00000   180.00000     4.43948    90.00000   180.00000     4.34566
     8.80000    90.00000   180.00000     4.43945    90.00000   180.00000     4.34562
     8.90000    90.00000   180.00000     4.43941    90.00000   180.00000     4.34558
     9.00000    90.00000   180.00000     4.43938    90.00000   180.00000     4.34553
     9.10000    90.00000   180.00000     4.43934    90.00000   180.00000     4.34549
     9.20000    90.00000   180.00000     4.43931    90.00000   180.00000     4.34544
     9.30000    90.00000   180.00000     4.43927    90.00000   180.00000     4.34540
     9.40000    90.00000   180.00000     4.43924    90.00000   180.00000     4.34536
     9.50000    90.00000   180.00000     4.43920    90.00000   180.00000     4.34531
     9.60000    90.00000   180.00000     4.43917    90.00000   180.00000     4.34527
     9.70000    90.00000   180.00000     4.43913    90.00000   180.00000     4.34522
     9.80000    90.00000   180.00000     4.43910    90.00000   180.00000     4.34518
     9.90000    90.00000   180.00000     4.43906    90.00000   180.00000     4.34514
    10.00000    90.00000   180.00000     4.43903    90.00000   180.00000     4.34509
    10.10000    90.00000   180.00000     4.43899    90.00000   180.00000     4.34505
    10.20000    90.00000   180.00000     4.43896    90.00000   180.00000     4.34501
    10.30000    90.00000   180.00000     4.43893    90.00000   180.00000     4.34496
    10.40000    90.00000   180.00000     4.43889    90.00000   180.00000     4.34492
    10.50000    90.00000   180.00000     4.43886    90.00000   180.00000     4.34487
    10.60000    90.00000   180.00000     4.43882    90.00000   180.00000     4.34483
    10.70000    90.00000   180.00000     4.43879    90.00000   180.00000     4.34479
    10.80000    90.00000   180.00000     4.43875    90.00000   180.00000     4.34474
    10.90000    90.00000   180.00000     4.43872    90.00000   180.00000     4.34470
    11.00000    90.00000   180.00000     4.43868    90.00000   180.00000     4.34465
    11.10000    90.00000   180.00000     4.43865    90.00000   180.00000     4.34461
    11.20000    90.00000   180.00000     4.43861    90.00000   180.00000     4.34457
    11.30000    90.00000   180.00000     4.43858    90.00000   180.00000     4.34452
    11.40000    90.00000   180.00000     4.43854    90.00000   180.00000     4.34448
    11.50000    90.00000   180.00000     4.43851    90.00000   180.00000     4.34443
    11.60000    90.00000   180.00000     4.43847    90.00000   180.00000     4.34439
    11.70000    90.00000   180.00000     4.43844    90.00000   180.00000     4.34435
    11.80000    90.00000   180.00000     4.43840    90.00000   180.00000     4.34430
    11.90000    90.00000   180.00000     4.43837    90.00000   180.00000     4.34426
    12.00000    90.00000   180.00000     4.43833    90.00000   180.00000     4.34421
    12.10000    90.00000   180.00000     4.43830    90.00000   180.00000     4.34417
    12.20000    90.00000   180.00000     4.43826    90.00000   180.00000     4.34413
    12.30000    90.00000   180.00000     4.43823    90.00000   180.00000     4.34408
    12.40000    90.00000   180.00000     4.43819    90.00000   180.00000     4.34404
    12.50000    90.00000   180.00000     4.43816    90.00000   180.00000     4.34399
    12.60000    90.00000   180.00000     4.43812    90.00000   180.00000     4.34395
    12.70000    90.00000   180.00000     4.43809    90.00000   180.00000     4.34391
    12.80000    90.00000   180.00000     4.43805    90.00000   180.00000     4.34386
    12.90000    90.00000   180.00000     4.43802    90.00000   180.00000     4.34382
    13.00000    90.00000   180.00000     4.43799    90.00000   180.00000     4.34377
    13.10000    90.00000   180.00000     4.43795    90.00000   180.00000     4.34373
    13.20000    90.00000   180.00000     4.43792    90.00000   180.00000     4.34369
    13.30000    90.00000   180.00000     4.43788    90.00000   180.00000     4.34364
    13.40000    90.00000   180.00000     4.43785    90.00000   180.00000     4.34360
    13.50000    90.00000   180.00000     4.43781    90.00000   180.00000     4.34355
    13.60000    90.00000   180.00000     4.43778    90.00000   180.00000     4.34351
    13.70000    90.00000   180.00000     4.43774    90.00000   180.00000     4.34346
    13.80000    90.00000   180.00000     4.43771    90.00000   180.00000     4.34342
    13.90000    90.00000   180.00000     4.43767    90.00000   180.00000     4.34338
    14.00000    90.00000   180.00000     4.43764    90.00000   180.00000     4.34333
    14.10000    90.00000   180.00000     4.43760    90.00000   180.00000     4.34329
    14.20000    90.00000   180.00000     4.43757    90.00000   180.00000     4.34324
    14.30000    90.00000   180.00000     4.43753    90.00000   180.00000     4.34320
    14.40000    90.00000   180.00000     4.43750    90.00000   180.00000     4.34316
    14.50000    90.00000   180.00000     4.43746    90.00000   180.00000     4.34311
    14.60000    90.00000   180.00000     4.43743    90.00000   180.00000     4.34307
    14.70000    90.00000   180.00000     4.43739    90.00000   180.00000     4.34302
    14.80000    90.00000   180.00000     4.43736    90.00000   180.00000     4.34298
    14.90000    90.00000   180.00000     4.43732    90.00000   180.00000     4.34293
    15.00000    90.00000   180.00000     4.43729    90.00000   180.00000     4.34289
    15.10000    90.00000   180.00000     4.43725    90.00000   180.00000     4.34285
    15.20000    90.00000   180.00000     4.43722    90.00000   180.00000     4.34280
    15.30000    90.00000   180.00000     4.43718    90.00000   180.00000     4.34276
    15.40000    90.00000   180.00000     4.43715    90.00000   180.00000     4.34271
    15.50000    90.00000   180.00000     4.43711    90.00000   180.00000     4.34267
    15.60000    90.00000   180.00000     4.43708    90.00000   180.00000     4.34263
    15.70000    90.00000   180.00000     4.43704    90.00000   180.00000     4.34258
    15.80000    90.00000   180.00000     4.43701    90.00000   180.00000     4.34254
    15.90000    90.00000   180.00000     4.43697    90.00000   180.00000     4.34249
    16.00000    90.00000   180.00000     4.43694    90.00000   180.00000     4.34245
    16.10000    90.00000   180.00000     4.43690    90.00000   180.00000     4.34240
    16.20000    90.00000   180.00000     4.43687    90.00000   180.00000     4.34236
    16.30000    90.00000   180.00000     4.43683    90.00000   180.00000     4.34232
    16.40000    90.00000   180.00000     4.43680    90.00000   180.00000     4.34227
    16.50000    90.00000   180.00000     4.43676    90.00000   180.00000     4.34223
    16.60000    90.00000   180.00000     4.43673    90.00000   180.00000     4.34218
    16.70000    90.00000   180.00000     4.43669    90.00000   180.00000     4.34214
    16.80000    90.00000   180.00000     4.43666    90.00000   180.00000     4.34209
    16.90000    90.00000   180.00000     4.43662    90.00000   180.00000     4.34205
    17.00000    90.00000   180.00000     4.43659    90.00000   180.00000     4.34201
    17.10000    90.00000   180.00000     4.43655    90.00000   180.00000     4.34196
    17.20000    90.00000   180.00000     4.43652    90.00000   180.00000     4.34192
    17.30000    90.00000   180.00000     4.43648    90.00000   180.00000     4.34187
    17.40000    90.00000   180.00000     4.43645    90.00000   180.00000     4.34183
    17.50000    90.00000   180.00000     4.43641    90.00000   180.00000     4.34178
    17.60000    90.00000   180.00000     4.43638    90.00000   180.00000     4.34174
    17.70000    90.00000   180.00000     4.43634    90.00000   180.00000     4.34169
    17.80000    90.00000   180.00000     4.43631    90.00000   180.00000     4.34165
    17.90000    90.00000   180.00000     4.43627    90.00000   180.00000     4.34161
    18.00000    90.00000   180.00000     4.43624    90.00000   180.00000     4.34156
    18.10000    90.00000   180.00000     4.43620    90.00000   180.00000     4.34152
    18.20000    90.00000   180.00000     4.43617    90.00000   180.00000     4.34147
    18.30000    90.00000   180.00000     4.43613    90.00000   180.00000     4.34143
    18.40000    90.00000   180.00000     4.43610    90.00000   180.00000     4.34138
    18.50000    90.00000   180.00000     4.43606    90.00000   180.00000     4.34134
    18.60000    90.00000   180.00000     4.43603    90.00000   180.00000     4.34130
    18.70000    90.00000   180.00000     4.43599    90.00000   180.00000     4.34125
    18.80000    90.00000   180.00000     4.43596    90.00000   180.00000     4.34121
    18.90000    90.00000   180.00000     4.43592    90.00000   180.00000     4.34116
    19.00000    90.00000   180.00000     4.43589    90.00000   180.00000     4.34112
    19.10000    90.00000   180.00000     4.43585    90.00000   180.00000     4.34107
    19.20000    90.00000   180.00000     4.43582    90.00000   180.00000     4.34103
    19.30000    90.00000   180.00000     4.43578    90.00000   180.00000     4.34098
    19.40000    90.00000   180.00000     4.43575    90.00000   180.00000     4.34094
    19.50000    90.00000   180.00000     4.43571    90.00000   180.00000     4.34090
    19.60000    90.00000   180.00000     4.43568    90.00000   180.00000     4.34085
    19.70000    90.00000   180.00000     4.43564    90.00000   180.00000     4.34081
    19.80000    90.00000   180.00000     4.43561    90.00000   180.00000     4.34076
    19.90000    90.00000   180.00000     4.43557    90.00000   180.00000     4.34072
    20.00000    90.00000   180.00000     4.43553    90.00000   180.00000     4.34067
    20.10000    90.00000   180.00000     4.43550    90.00000   180.00000     4.34063
    20.20000    90.00000   180.00000     4.43546    90.00000   180.00000     4.34058
    20.30000    90.00000   180.00000     4.43543    90.00000   180.00000     4.34054
    20.40000    90.00000   180.00000     4.43539    90.00000   180.00000     4.34049
    20.50000    90.00000   180.00000     4.43536    90.00000   180.00000     4.34045
    20.60000    90.00000   180.00000     4.43532    90.00000   180.00000     4.34041
    20.70000    90.00000   180.00000     4.43529    90.00000   180.00000     4.34036
    20.80000    90.00000   180.00000     4.43525    90.00000   180.00000     4.34032
    20.90000    90.00000   180.00000     4.43522    90.00000   180.00000     4.34027
    21.00000    90.00000   180.00000     4.43518    90.00000   180.00000     4.34023
    21.10000    90.00000   180.00000     4.43515    90.00000   180.00000     4.34018
    21.20000    90.00000   180.00000     4.43511    90.00000   180.00000     4.34014
    21.30000    90.00000   180.00000     4.43508    90.00000   180.00000     4.34009
    21.40000    90.00000   180.00000     4.43504    90.00000   180.00000     4.34005
    21.50000    90.00000   180.00000     4.43501    90.00000   180.00000     4.34000
    21.60000    90.00000   180.00000     4.43497    90.00000   180.00000     4.33996
    21.70000    90.00000   180.00000     4.43494    90.00000   180.00000     4.33992
    21.80000    90.00000   180.00000     4.43490    90.00000   180.00000     4.33987
    21.90000    90.00000   180.00000     4.43487    90.00000   180.00000     4.33983
    22.00000    90.00000   180.00000     4.43483    90.00000   180.00000     4.33978
    22.10000    90.00000   180.00000     4.43480    90.00000   180.00000     4.33974
    22.20000    90.00000   180.00000     4.43476    90.00000   180.00000     4.33969
    22.30000    90.00000   180.00000     4.43473    90.00000   180.00000     4.33965
    22.40000    90.00000   180.00000     4.43469    90.00000   180.00000     4.33960
    22.50000    90.00000   180.00000     4.43465    90.00000   180.00000     4.33956
    22.60000    90.00000   180.00000     4.43462    90.00000   180.00000     4.33951
    22.70000    90.00000   180.00000     4.43458    90.00000   180.00000     4.33947
    22.80000    90.00000   180.00000     4.43455    90.00000   180.00000     4.33942
    22.90000    90.00000   180.00000     4.43451    90.00000   180.00000     4.33938
    23.00000    90.00000   180.00000     4.43448    90.00000   180.00000     4.33933
    23.10000    90.00000   180.00000     4.43444    90.00000   180.00000     4.33929
    23.20000    90.00000   180.00000     4.43441    90.00000   180.00000     4.33925
    23.30000    90.00000   180.00000     4.43437    90.00000   180.00000     4.33920
    23.40000    90.00000   180.00000     4.43434    90.00000   180.00000     4.33916
    23.50000    90.00000   180.00000     4.43430    90.00000   180.00000     4.33911
    23.60000    90.00000   180.00000     4.43427    90.00000   180.00000     4.33907
    23.70000    90.00000   180.00000     4.43423    90.00000   180.00000     4.33902
    23.80000    90.00000   180.00000     4.43420    90.00000   180.00000     4.33898
    23.90000    90.00000   180.00000     4.43416    90.00000   180.00000     4.33893
    24.00000    90.00000   180.00000     4.43413    90.00000   180.00000     4.33889
    24.10000    90.00000   180.00000     4.43409    90.00000   180.00000     4.33884
    24.20000    90.00000   180.00000     4.43405    90.00000   180.00000     4.33880
    24.30000    90.00000   180.00000     4.43402    90.00000   180.00000     4.33875
    24.40000    90.00000   180.00000     4.43398    90.00000   180.00000     4.33871
    24.50000    90.00000   180.00000     4.43395    90.00000   180.00000     4.33866
    24.60000    90.00000   180.00000     4.43391    90.00000   180.00000     4.33862
    24.70000    90.00000   180.00000     4.43388    90.00000   180.00000     4.33857
    24.80000    90.00000   180.00000     4.43384    90.00000   180.00000     4.33853
    24.90000    90.00000   180.00000     4.43381    90.00000   180.00000     4.33848
    25.00000    90.00000   180.00000     4.43377    90.00000   180.00000     4.33844
    25.10000    90.00000   180.00000     4.43374    90.00000   180.00000     4.33839
    25.20000    90.00000   180.00000     4.43370    90.00000   180.00000     4.33835
    25.30000    90.00000   180.00000     4.43367    90.00000   180.00000     4.33831
    25.40000    90.00000   180.00000     4.43363    90.00000   180.00000     4.33826
    25.50000    90.00000   180.00000     4.43360    90.00000   180.00000     4.33822
    25.60000    90.00000   180.00000     4.43356    90.00000   180.00000     4.33817
    25.70000    90.00000   180.00000     4.43352    90.00000   180.00000     4.33813
    25.80000    90.00000   180.00000     4.43349    90.00000   180.00000     4.33808
    25.90000    90.00000   180.00000     4.43345    90.00000   180.00000     4.33804
    26.00000    90.00000   180.00000     4.43342    90.00000   180.00000     4.33799
    26.10000    90.00000   180.00000     4.43338    90.00000   180.00000     4.33795
    26.20000    90.00000   180.00000     4.43335    90.00000   180.00000     4.33790
    26.30000    90.00000   180.00000     4.43331    90.00000   180.00000     4.33786
    26.40000    90.00000   180.00000     4.43328    90.00000   180.00000     4.33781
    26.50000    90.00000   180.00000     4.43324    90.00000   180.00000     4.33777
    26.60000    90.00000   180.00000     4.43321    90.00000   180.00000     4.33772
    26.70000    90.00000   180.00000     4.43317    90.00000   180.00000     4.33768
    26.80000    90.00000   180.00000     4.43313    90.00000   180.00000     4.33763
    26.90000    90.00000   180.00000     4.43310    90.00000   180.00000     4.33759
    27.00000    90.00000   180.00000     4.43306    90.00000   180.00000     4.33754
    27.10000    90.00000   180.00000     4.43303    90.00000   180.00000     4.33750
    27.20000    90.00000   180.00000     4.43299    90.00000   180.00000     4.33745
    27.30000    90.00000   180.00000     4.43296    90.00000   180.00000     4.33741
    27.40000    90.00000   180.00000     4.43292    90.00000   180.00000     4.33736
    27.50000    90.00000   180.00000     4.43289    90.00000   180.00000     4.33732
    27.60000    90.00000   180.00000     4.43285    90.00000   180.00000     4.33727
    27.70000    90.00000   180.00000     4.43282    90.00000   180.00000     4.33723
    27.80000    90.00000   180.00000     4.43278    90.00000   180.00000     4.33718
    27.90000    90.00000   180.00000     4.43274    90.00000   180.00000     4.33714
    28.00000    90.00000   180.00000     4.43271    90.00000   180.00000     4.33709
    28.10000    90.00000   180.00000     4.43267    90.00000   180.00000     4.33705
    28.20000    90.00000   180.00000     4.43264    90.00000   180.00000     4.33700
    28.30000    90.00000   180.00000     4.43260    90.00000   180.00000     4.33696
    28.40000    90.00000   180.00000     4.43257    90.00000   180.00000     4.33691
    28.50000    90.00000   180.00000     4.43253    90.00000   180.00000     4.33687
    28.60000    90.00000   180.00000     4.43250    90.00000   180.00000     4.33682
    28.70000    90.00000   180.00000     4.43246    90.00000   180.00000     4.33678
    28.80000    90.00000   180.00000     4.43243    90.00000   180.00000     4.33673
    28.90000    90.00000   180.00000     4.43239    90.00000   180.00000     4.33669
    29.00000    90.00000   180.00000     4.43235    90.00000   180.00000     4.33664
    29.10000    90.00000   180.00000     4.43232    90.00000   180.00000     4.33660
    29.20000    90.00000   180.00000     4.43228    90.00000   180.00000     4.33655
    29.30000    90.00000   180.00000     4.43225    90.00000   180.00000     4.33651
    29.40000    90.00000   180.00000     4.43221    90.00000   180.00000     4.33646
    29.50000    90.00000   180.00000     4.43218    90.00000   180.00000     4.33642
    29.60000    90.00000   180.00000     4.43214    90.00000   180.00000     4.33637
    29.70000    90.00000   180.00000     4.43211    90.00000   180.00000     4.33633
    29.80000    90.00000   180.00000     4.43207    90.00000   180.00000     4.33628
    29.90000    90.00000   180.00000     4.43203    90.00000   180.00000     4.33624
    30.00000    90.00000   180.00000     4.43200    90.00000   180.00000     4.33619
    30.10000    90.00000   180.00000     4.43196    90.00000   180.00000     4.33615
    30.20000    90.00000   180.00000     4.43193    90.00000   180.00000     4.33610
    30.30000    90.00000   180.00000     4.43189    90.00000   180.00000     4.33606
    30.40000    90.00000   180.00000     4.43186    90.00000   180.00000     4.33601
    30.50000    90.00000   180.00000     4.43182    90.00000   180.00000     4.33597
    30.60000    90.00000   180.00000     4.43179    90.00000   180.00000     4.33592
    30.70000    90.00000   180.00000     4.43175    90.00000   180.00000     4.33588
    30.80000    90.00000   180.00000     4.43171    90.00000   180.00000     4.33583
    30.90000    90.00000   180.00000     4.43168    90.00000   180.00000     4.33578
    31.00000    90.00000   180.00000     4.43164    90.00000   180.00000     4.33574
    31.10000    90.00000   180.00000     4.43161    90.00000   180.00000     4.33569
    31.20000    90.00000   180.00000     4.43157    90.00000   180.00000     4.33565
    31.30000    90.00000   180.00000     4.43154    90.00000   180.00000     4.33560
    31.40000    90.00000   180.00000     4.43150    90.00000   180.00000     4.33556
    31.50000    90.00000   180.00000     4.43146    90.00000   180.00000     4.33551
    31.60000    90.00000   180.00000     4.43143    90.00000   180.00000     4.33547
    31.70000    90.00000   180.00000     4.43139    90.00000   180.00000     4.33542
    31.80000    90.00000   180.00000     4.43136    90.00000   180.00000     4.33538
    31.90000    90.00000   180.00000     4.43132    90.00000   180.00000     4.33533
    32.00000    90.00000   180.00000     4.43129    90.00000   180.00000     4.33529
    32.10000    90.00000   180.00000     4.43125    90.00000   180.00000     4.33524
    32.20000    90.00000   180.00000     4.43121    90.00000   180.00000     4.33520
    32.30000    90.00000   180.00000     4.43118    90.00000   180.00000     4.33515
    32.40000    90.00000   180.00000     4.43114    90.00000   180.00000     4.33511
    32.50000    90.00000   180.00000     4.43111    90.00000   180.00000     4.33506
    32.60000    90.00000   180.00000     4.43107    90.00000   180.00000     4.33502
    32.70000    90.00000   180.00000     4.43104    90.00000   180.00000     4.33497
    32.80000    90.00000   180.00000     4.43100    90.00000   180.00000     4.33493
    32.90000    90.00000   180.00000     4.43097    90.00000   180.00000     4.33488
    33.00000    90.00000   180.00000     4.43093    90.00000   180.00000     4.33483
    33.10000    90.00000   180.00000     4.43089    90.00000   180.00000     4.33479
    33.20000    90.00000   180.00000     4.43086    90.00000   180.00000     4.33474
    33.30000    90.00000   180.00000     4.43082    90.00000   180.00000     4.33470
    33.40000    90.00000   180.00000     4.43079    90.00000   180.00000     4.33465
    33.50000    90.00000   180.00000     4.43075    90.00000   180.00000     4.33461
    33.60000    90.00000   180.00000     4.43072    90.00000   180.00000     4.33456
    33.70000    90.00000   180.00000     4.43068    90.00000   180.00000     4.33452
    33.80000    90.00000   180.00000     4.43064    90.00000   180.00000     4.33447
    33.90000    90.00000   180.00000     4.43061    90.00000   180.00000     4.33443
    34.00000    90.00000   180.00000     4.43057    90.00000   180.00000     4.33438
    34.10000    90.00000   180.00000     4.43054    90.00000   180.00000     4.33434
    34.20000    90.00000   180.00000     4.43050    90.00000   180.00000     4.33429
    34.30000    90.00000   180.00000     4.43047    90.00000   180.00000     4.33425
    34.40000    90.00000   180.00000     4.43043    90.00000   180.00000     4.33420
    34.50000    90.00000   180.00000     4.43039    90.00000   180.00000     4.33415
    34.60000    90.00000   180.00000     4.43036    90.00000   180.00000     4.33411
    34.70000    90.00000   180.00000     4.43032    90.00000   180.00000     4.33406
    34.80000    90.00000   180.00000     4.43029    90.00000   180.00000     4.33402
    34.90000    90.00000   180.00000     4.43025    90.00000   180.00000     4.33397
    35.00000    90.00000   180.00000     4.43021    90.00000   180.00000     4.33393
    35.10000    90.00000   180.00000     4.43018    90.00000   180.00000     4.33388
    35.20000    90.00000   180.00000     4.43014    90.00000   180.00000     4.33384
    35.30000    90.00000   180.00000     4.43011    90.00000   180.00000     4.33379
    35.40000    90.00000   180.00000     4.43007    90.00000   180.00000     4.33375
    35.50000    90.00000   180.00000     4.43004    90.00000   180.00000     4.33370
    35.60000    90.00000   180.00000     4.43000    90.00000   180.00000     4.33365
    35.70000    90.00000   180.00000     4.42996    90.00000   180.00000     4.33361
    35.80000    90.00000   180.00000     4.42993    90.00000   180.00000     4.33356
    35.90000    90.00000   180.00000     4.42989    90.00000   180.00000     4.33352
    36.00000    90.00000   180.00000     4.42986    90.00000   180.00000     4.33347
    36.10000    90.00000   180.00000     4.42982    90.00000   180.00000     4.33343
    36.20000    90.00000   180.00000     4.42978    90.00000   180.00000     4.33338
    36.30000    90.00000   180.00000     4.42975    90.00000   180.00000     4.33334
    36.40000    90.00000   180.00000     4.42971    90.00000   180.00000     4.33329
    36.50000    90.00000   180.00000     4.42968    90.00000   180.00000     4.33324
    36.60000    90.00000   180.00000     4.42964    90.00000   180.00000     4.33320
    36.70000    90.00000   180.00000     4.42961    90.00000   180.00000     4.33315
    36.80000    90.00000   180.00000     4.42957    90.00000   180.00000     4.33311
    36.90000    90.00000   180.00000     4.42953    90.00000   180.00000     4.33306
    37.00000    90.00000   180.00000     4.42950    90.00000   180.00000     4.33302
    37.10000    90.00000   180.00000     4.42946    90.00000   180.00000     4.33297
    37.20000    90.00000   180.00000     4.42943    90.00000   180.00000     4.33293
    37.30000    90.00000   180.00000     4.42939    90.00000   180.00000     4.33288
    37.40000    90.00000   180.00000     4.42935    90.00000   180.00000     4.33283
    37.50000    90.00000   180.00000     4.42932    90.00000   180.00000     4.33279
    37.60000    90.00000   180.00000     4.42928    90.00000   180.00000     4.33274
    37.70000    90.00000   180.00000     4.42925    90.00000   180.00000     4.33270
    37.80000    90.00000   180.00000     4.42921    90.00000   180.00000     4.33265
    37.90000    90.00000   180.00000     4.42918    90.00000   180.00000     4.33261
    38.00000    90.00000   180.00000     4.42914    90.00000   180.00000     4.33256
    38.10000    90.00000   180.00000     4.42910    90.00000   180.00000     4.33252
    38.20000    90.00000   180.00000     4.42907    90.00000   180.00000     4.33247
    38.30000    90.00000   180.00000     4.42903    90.00000   180.00000     4.33242
    38.40000    90.00000   180.00000     4.42900    90.00000   180.00000     4.33238
    38.50000    90.00000   180.00000     4.42896    90.00000   180.00000     4.33233
    38.60000    90.00000   180.00000     4.42892    90.00000   180.00000     4.33229
    38.70000    90.00000   180.00000     4.42889    90.00000   180.00000     4.33224
    38.80000    90.00000   180.00000     4.42885    90.00000   180.00000     4.33220
    38.90000    90.00000   180.00000     4.42882    90.00000   180.00000     4.33215
    39.00000    90.00000   180.00000     4.42878    90.00000   180.00000     4.33210
    39.10000    90.00000   180.00000     4.42874    90.00000   180.00000     4.33206
    39.20000    90.00000   180.00000     4.42871    90.00000   180.00000     4.33201
    39.30000    90.00000   180.00000     4.42867    90.00000   180.00000     4.33197
    39.40000    90.00000   180.00000     4.42864    90.00000   180.00000     4.33192
    39.50000    90.00000   180.00000     4.42860    90.00000   180.00000     4.33188
    39.60000    90.00000   180.00000     4.42856    90.00000   180.00000     4.33183
    39.70000    90.00000   180.00000     4.42853    90.00000   180.00000     4.33178
    39.80000    90.00000   180.00000     4.42849    90.00000   180.00000     4.33174
    39.90000    90.00000   180.00000     4.42846    90.00000   180.00000     4.33169
    40.00000    90.00000   180.00000     4.42842    90.00000   180.00000     4.33165
