 # applied field (T), theta (degree), phi (degree), abs for RE 3-4
     0.00000     0.00000     0.00000     0.29456     0.00000     0.00000     0.29456
     0.10000     0.37918    10.09810     0.29457     0.37918    79.90190     0.29457
     0.20000     0.75858    10.10422     0.29458     0.75858    79.89578     0.29458
     0.30000     1.13844    10.11440     0.29461     1.13844    79.88560     0.29461
     0.40000    90.00000     4.38525     0.34808    90.00000    85.61475     0.34808
     0.50000    90.00000     4.39549     0.34807    90.00000    85.60451     0.34807
     0.60000    90.00000     4.40574     0.34806    90.00000    85.59426     0.34806
     0.70000    90.00000     4.41598     0.34805    90.00000    85.58402     0.34805
     0.80000    90.00000     4.42623     0.34804    90.00000    85.57377     0.34804
     0.90000    90.00000     4.43647     0.34803    90.00000    85.56353     0.34803
     1.00000    90.00000     4.44671     0.34802    90.00000    85.55329     0.34802
     1.10000    90.00000     4.45695     0.34801    90.00000    85.54305     0.34801
     1.20000    90.00000     4.46719     0.34800    90.00000    85.53281     0.34800
     1.30000    90.00000     4.47743     0.34799    90.00000    85.52257     0.34799
     1.40000    90.00000     4.48767     0.34798    90.00000    85.51233     0.34798
     1.50000    90.00000     4.49790     0.34797    90.00000    85.50210     0.34797
     1.60000    90.00000     4.50814     0.34796    90.00000    85.49186     0.34796
     1.70000    90.00000     4.51837     0.34795    90.00000    85.48163     0.34795
     1.80000    90.00000     4.52860     0.34794    90.00000    85.47140     0.34794
     1.90000    90.00000     4.53884     0.34792    90.00000    85.46116     0.34792
     2.00000    90.00000     4.54907     0.34791    90.00000    85.45093     0.34791
     2.10000    90.00000     4.55930     0.34790    90.00000    85.44070     0.34790
     2.20000    90.00000     4.56952     0.34789    90.00000    85.43048     0.34789
     2.30000    90.00000     4.57975     0.34788    90.00000    85.42025     0.34788
     2.40000    90.00000     4.58998     0.34787    90.00000    85.41002     0.34787
     2.50000    90.00000     4.60020     0.34786    90.00000    85.39980     0.34786
     2.60000    90.00000     4.61042     0.34785    90.00000    85.38958     0.34785
     2.70000    90.00000     4.62065     0.34784    90.00000    85.37935     0.34784
     2.80000    90.00000     4.63087     0.34783    90.00000    85.36913     0.34783
     2.90000    90.00000     4.64109     0.34782    90.00000    85.35891     0.34782
     3.00000    90.00000     4.65131     0.34781    90.00000    85.34869     0.34781
     3.10000    90.00000     4.66153     0.34780    90.00000    85.33847     0.34780
     3.20000    90.00000     4.67174     0.34779    90.00000    85.32826     0.34779
     3.30000    90.00000     4.68196     0.34778    90.00000    85.31804     0.34778
     3.40000    90.00000     4.69217     0.34777    90.00000    85.30783     0.34777
     3.50000    90.00000     4.70239     0.34776    90.00000    85.29761     0.34776
     3.60000    90.00000     4.71260     0.34775    90.00000    85.28740     0.34775
     3.70000    90.00000     4.72281     0.34774    90.00000    85.27719     0.34774
     3.80000    90.00000     4.73302     0.34773    90.00000    85.26698     0.34773
     3.90000    90.00000     4.74323     0.34772    90.00000    85.25677     0.34772
     4.00000    90.00000     4.75344     0.34771    90.00000    85.24656     0.34771
     4.10000    90.00000     4.76364     0.34770    90.00000    85.23636     0.34770
     4.20000    90.00000     4.77385     0.34769    90.00000    85.22615     0.34769
     4.30000    90.00000     4.78405     0.34768    90.00000    85.21595     0.34768
     4.40000    90.00000     4.79426     0.34767    90.00000    85.20574     0.34767
     4.50000    90.00000     4.80446     0.34766    90.00000    85.19554     0.34766
     4.60000    90.00000     4.81466     0.34765    90.00000    85.18534     0.34765
     4.70000    90.00000     4.82486     0.34764    90.00000    85.17514     0.34764
     4.80000    90.00000     4.83506     0.34763    90.00000    85.16494     0.34763
     4.90000    90.00000     4.84526     0.34762    90.00000    85.15474     0.34762
     5.00000    90.00000     4.85545     0.34761    90.00000    85.14455     0.34761
     5.10000    90.00000     4.86565     0.34760    90.00000    85.13435     0.34760
     5.20000    90.00000     4.87584     0.34759    90.00000    85.12416     0.34759
     5.30000    90.00000     4.88604     0.34758    90.00000    85.11396     0.34758
     5.40000    90.00000     4.89623     0.34757    90.00000    85.10377     0.34757
     5.50000    90.00000     4.90642     0.34756    90.00000    85.09358     0.34756
     5.60000    90.00000     4.91661     0.34756    90.00000    85.08339     0.34756
     5.70000    90.00000     4.92680     0.34755    90.00000    85.07320     0.34755
     5.80000    90.00000     4.93699     0.34754    90.00000    85.06301     0.34754
     5.90000    90.00000     4.94717     0.34753    90.00000    85.05283     0.34753
     6.00000    90.00000     4.95736     0.34752    90.00000    85.04264     0.34752
     6.10000    90.00000     4.96754     0.34751    90.00000    85.03246     0.34751
     6.20000    90.00000     4.97773     0.34750    90.00000    85.02227     0.34750
     6.30000    90.00000     4.98791     0.34749    90.00000    85.01209     0.34749
     6.40000    90.00000     4.99809     0.34748    90.00000    85.00191     0.34748
     6.50000    90.00000     5.00827     0.34747    90.00000    84.99173     0.34747
     6.60000    90.00000     5.01845     0.34746    90.00000    84.98155     0.34746
     6.70000    90.00000     5.02862     0.34745    90.00000    84.97138     0.34745
     6.80000    90.00000     5.03880     0.34744    90.00000    84.96120     0.34744
     6.90000    90.00000     5.04897     0.34743    90.00000    84.95103     0.34743
     7.00000    90.00000     5.05915     0.34742    90.00000    84.94085     0.34742
     7.10000    90.00000     5.06932     0.34741    90.00000    84.93068     0.34741
     7.20000    90.00000     5.07949     0.34740    90.00000    84.92051     0.34740
     7.30000    90.00000     5.08966     0.34739    90.00000    84.91034     0.34739
     7.40000    90.00000     5.09983     0.34738    90.00000    84.90017     0.34738
     7.50000    90.00000     5.11000     0.34737    90.00000    84.89000     0.34737
     7.60000    90.00000     5.12017     0.34736    90.00000    84.87983     0.34736
     7.70000    90.00000     5.13033     0.34736    90.00000    84.86967     0.34736
     7.80000    90.00000     5.14050     0.34735    90.00000    84.85950     0.34735
     7.90000    90.00000     5.15066     0.34734    90.00000    84.84934     0.34734
     8.00000    90.00000     5.16083     0.34733    90.00000    84.83917     0.34733
     8.10000    90.00000     5.17099     0.34732    90.00000    84.82901     0.34732
     8.20000    90.00000     5.18115     0.34731    90.00000    84.81885     0.34731
     8.30000    90.00000     5.19131     0.34730    90.00000    84.80869     0.34730
     8.40000    90.00000     5.20146     0.34729    90.00000    84.79854     0.34729
     8.50000    90.00000     5.21162     0.34728    90.00000    84.78838     0.34728
     8.60000    90.00000     5.22178     0.34727    90.00000    84.77822     0.34727
     8.70000    90.00000     5.23193     0.34726    90.00000    84.76807     0.34726
     8.80000    90.00000     5.24208     0.34725    90.00000    84.75792     0.34725
     8.90000    90.00000     5.25224     0.34724    90.00000    84.74776     0.34724
     9.00000    90.00000     5.26239     0.34724    90.00000    84.73761     0.34724
     9.10000    90.00000     5.27254     0.34723    90.00000    84.72746     0.34723
     9.20000    90.00000     5.28269     0.34722    90.00000    84.71731     0.34722
     9.30000    90.00000     5.29283     0.34721    90.00000    84.70717     0.34721
     9.40000    90.00000     5.30298     0.34720    90.00000    84.69702     0.34720
     9.50000    90.00000     5.31313     0.34719    90.00000    84.68687     0.34719
     9.60000    90.00000     5.32327     0.34718    90.00000    84.67673     0.34718
     9.70000    90.00000     5.33341     0.34717    90.00000    84.66659     0.34717
     9.80000    90.00000     5.34356     0.34716    90.00000    84.65644     0.34716
     9.90000    90.00000     5.35370     0.34715    90.00000    84.64630     0.34715
    10.00000    90.00000     5.36384     0.34714    90.00000    84.63616     0.34714
    10.10000    90.00000     5.37398     0.34714    90.00000    84.62602     0.34714
    10.20000    90.00000     5.38411     0.34713    90.00000    84.61589     0.34713
    10.30000    90.00000     5.39425     0.34712    90.00000    84.60575     0.34712
    10.40000    90.00000     5.40438     0.34711    90.00000    84.59562     0.34711
    10.50000    90.00000     5.41452     0.34710    90.00000    84.58548     0.34710
    10.60000    90.00000     5.42465     0.34709    90.00000    84.57535     0.34709
    10.70000    90.00000     5.43478     0.34708    90.00000    84.56522     0.34708
    10.80000    90.00000     5.44491     0.34707    90.00000    84.55509     0.34707
    10.90000    90.00000     5.45504     0.34706    90.00000    84.54496     0.34706
    11.00000    90.00000     5.46517     0.34706    90.00000    84.53483     0.34706
    11.10000    90.00000     5.47530     0.34705    90.00000    84.52470     0.34705
    11.20000    90.00000     5.48542     0.34704    90.00000    84.51458     0.34704
    11.30000    90.00000     5.49555     0.34703    90.00000    84.50445     0.34703
    11.40000    90.00000     5.50567     0.34702    90.00000    84.49433     0.34702
    11.50000    90.00000     5.51579     0.34701    90.00000    84.48421     0.34701
    11.60000    90.00000     5.52592     0.34700    90.00000    84.47408     0.34700
    11.70000    90.00000     5.53604     0.34699    90.00000    84.46396     0.34699
    11.80000    90.00000     5.54615     0.34699    90.00000    84.45385     0.34699
    11.90000    90.00000     5.55627     0.34698    90.00000    84.44373     0.34698
    12.00000    90.00000     5.56639     0.34697    90.00000    84.43361     0.34697
    12.10000    90.00000     5.57650     0.34696    90.00000    84.42350     0.34696
    12.20000    90.00000     5.58662     0.34695    90.00000    84.41338     0.34695
    12.30000    90.00000     5.59673     0.34694    90.00000    84.40327     0.34694
    12.40000    90.00000     5.60684     0.34693    90.00000    84.39316     0.34693
    12.50000    90.00000     5.61696     0.34693    90.00000    84.38304     0.34693
    12.60000    90.00000     5.62707     0.34692    90.00000    84.37293     0.34692
    12.70000    90.00000     5.63717     0.34691    90.00000    84.36283     0.34691
    12.80000    90.00000     5.64728     0.34690    90.00000    84.35272     0.34690
    12.90000    90.00000     5.65739     0.34689    90.00000    84.34261     0.34689
    13.00000    90.00000     5.66749     0.34688    90.00000    84.33251     0.34688
    13.10000    90.00000     5.67760     0.34687    90.00000    84.32240     0.34687
    13.20000    90.00000     5.68770     0.34687    90.00000    84.31230     0.34687
    13.30000    90.00000     5.69780     0.34686    90.00000    84.30220     0.34686
    13.40000    90.00000     5.70790     0.34685    90.00000    84.29210     0.34685
    13.50000    90.00000     5.71800     0.34684    90.00000    84.28200     0.34684
    13.60000    90.00000     5.72810     0.34683    90.00000    84.27190     0.34683
    13.70000    90.00000     5.73820     0.34682    90.00000    84.26180     0.34682
    13.80000    90.00000     5.74829     0.34682    90.00000    84.25171     0.34682
    13.90000    90.00000     5.75839     0.34681    90.00000    84.24161     0.34681
    14.00000    90.00000     5.76848     0.34680    90.00000    84.23152     0.34680
    14.10000    90.00000     5.77857     0.34679    90.00000    84.22143     0.34679
    14.20000    90.00000     5.78866     0.34678    90.00000    84.21134     0.34678
    14.30000    90.00000     5.79875     0.34677    90.00000    84.20125     0.34677
    14.40000    90.00000     5.80884     0.34677    90.00000    84.19116     0.34677
    14.50000    90.00000     5.81893     0.34676    90.00000    84.18107     0.34676
    14.60000    90.00000     5.82902     0.34675    90.00000    84.17098     0.34675
    14.70000    90.00000     5.83910     0.34674    90.00000    84.16090     0.34674
    14.80000    90.00000     5.84919     0.34673    90.00000    84.15081     0.34673
    14.90000    90.00000     5.85927     0.34673    90.00000    84.14073     0.34673
    15.00000    90.00000     5.86935     0.34672    90.00000    84.13065     0.34672
    15.10000    90.00000     5.87943     0.34671    90.00000    84.12057     0.34671
    15.20000    90.00000     5.88951     0.34670    90.00000    84.11049     0.34670
    15.30000    90.00000     5.89959     0.34669    90.00000    84.10041     0.34669
    15.40000    90.00000     5.90967     0.34668    90.00000    84.09033     0.34668
    15.50000    90.00000     5.91974     0.34668    90.00000    84.08026     0.34668
    15.60000    90.00000     5.92982     0.34667    90.00000    84.07018     0.34667
    15.70000    90.00000     5.93989     0.34666    90.00000    84.06011     0.34666
    15.80000    90.00000     5.94996     0.34665    90.00000    84.05004     0.34665
    15.90000    90.00000     5.96004     0.34664    90.00000    84.03996     0.34664
    16.00000    90.00000     5.97011     0.34664    90.00000    84.02989     0.34664
    16.10000    90.00000     5.98018     0.34663    90.00000    84.01982     0.34663
    16.20000    90.00000     5.99024     0.34662    90.00000    84.00976     0.34662
    16.30000    90.00000     6.00031     0.34661    90.00000    83.99969     0.34661
    16.40000    90.00000     6.01038     0.34660    90.00000    83.98962     0.34660
    16.50000    90.00000     6.02044     0.34660    90.00000    83.97956     0.34660
    16.60000    90.00000     6.03050     0.34659    90.00000    83.96950     0.34659
    16.70000    90.00000     6.04057     0.34658    90.00000    83.95943     0.34658
    16.80000    90.00000     6.05063     0.34657    90.00000    83.94937     0.34657
    16.90000    90.00000     6.06069     0.34657    90.00000    83.93931     0.34657
    17.00000    90.00000     6.07074     0.34656    90.00000    83.92926     0.34656
    17.10000    90.00000     6.08080     0.34655    90.00000    83.91920     0.34655
    17.20000    90.00000     6.09086     0.34654    90.00000    83.90914     0.34654
    17.30000    90.00000     6.10091     0.34653    90.00000    83.89909     0.34653
    17.40000    90.00000     6.11097     0.34653    90.00000    83.88903     0.34653
    17.50000    90.00000     6.12102     0.34652    90.00000    83.87898     0.34652
    17.60000    90.00000     6.13107     0.34651    90.00000    83.86893     0.34651
    17.70000    90.00000     6.14112     0.34650    90.00000    83.85888     0.34650
    17.80000    90.00000     6.15117     0.34650    90.00000    83.84883     0.34650
    17.90000    90.00000     6.16122     0.34649    90.00000    83.83878     0.34649
    18.00000    90.00000     6.17127     0.34648    90.00000    83.82873     0.34648
    18.10000    90.00000     6.18131     0.34647    90.00000    83.81869     0.34647
    18.20000    90.00000     6.19136     0.34646    90.00000    83.80864     0.34646
    18.30000    90.00000     6.20140     0.34646    90.00000    83.79860     0.34646
    18.40000    90.00000     6.21144     0.34645    90.00000    83.78856     0.34645
    18.50000    90.00000     6.22148     0.34644    90.00000    83.77852     0.34644
    18.60000    90.00000     6.23152     0.34643    90.00000    83.76848     0.34643
    18.70000    90.00000     6.24156     0.34643    90.00000    83.75844     0.34643
    18.80000    90.00000     6.25160     0.34642    90.00000    83.74840     0.34642
    18.90000    90.00000     6.26163     0.34641    90.00000    83.73837     0.34641
    19.00000    90.00000     6.27167     0.34640    90.00000    83.72833     0.34640
    19.10000    90.00000     6.28170     0.34640    90.00000    83.71830     0.34640
    19.20000    90.00000     6.29174     0.34639    90.00000    83.70826     0.34639
    19.30000    90.00000     6.30177     0.34638    90.00000    83.69823     0.34638
    19.40000    90.00000     6.31180     0.34637    90.00000    83.68820     0.34637
    19.50000    90.00000     6.32183     0.34637    90.00000    83.67817     0.34637
    19.60000    90.00000     6.33186     0.34636    90.00000    83.66814     0.34636
    19.70000    90.00000     6.34188     0.34635    90.00000    83.65812     0.34635
    19.80000    90.00000     6.35191     0.34634    90.00000    83.64809     0.34634
    19.90000    90.00000     6.36193     0.34634    90.00000    83.63807     0.34634
    20.00000    90.00000     6.37196     0.34633    90.00000    83.62804     0.34633
    20.10000    90.00000     6.38198     0.34632    90.00000    83.61802     0.34632
    20.20000    90.00000     6.39200     0.34632    90.00000    83.60800     0.34632
    20.30000    90.00000     6.40202     0.34631    90.00000    83.59798     0.34631
    20.40000    90.00000     6.41204     0.34630    90.00000    83.58796     0.34630
    20.50000    90.00000     6.42205     0.34629    90.00000    83.57795     0.34629
    20.60000    90.00000     6.43207     0.34629    90.00000    83.56793     0.34629
    20.70000    90.00000     6.44209     0.34628    90.00000    83.55791     0.34628
    20.80000    90.00000     6.45210     0.34627    90.00000    83.54790     0.34627
    20.90000    90.00000     6.46211     0.34626    90.00000    83.53789     0.34626
    21.00000    90.00000     6.47212     0.34626    90.00000    83.52788     0.34626
    21.10000    90.00000     6.48213     0.34625    90.00000    83.51787     0.34625
    21.20000    90.00000     6.49214     0.34624    90.00000    83.50786     0.34624
    21.30000    90.00000     6.50215     0.34624    90.00000    83.49785     0.34624
    21.40000    90.00000     6.51216     0.34623    90.00000    83.48784     0.34623
    21.50000    90.00000     6.52216     0.34622    90.00000    83.47784     0.34622
    21.60000    90.00000     6.53217     0.34621    90.00000    83.46783     0.34621
    21.70000    90.00000     6.54217     0.34621    90.00000    83.45783     0.34621
    21.80000    90.00000     6.55217     0.34620    90.00000    83.44783     0.34620
    21.90000    90.00000     6.56217     0.34619    90.00000    83.43783     0.34619
    22.00000    90.00000     6.57217     0.34619    90.00000    83.42783     0.34619
    22.10000    90.00000     6.58217     0.34618    90.00000    83.41783     0.34618
    22.20000    90.00000     6.59217     0.34617    90.00000    83.40783     0.34617
    22.30000    90.00000     6.60216     0.34617    90.00000    83.39784     0.34617
    22.40000    90.00000     6.61216     0.34616    90.00000    83.38784     0.34616
    22.50000    90.00000     6.62215     0.34615    90.00000    83.37785     0.34615
    22.60000    90.00000     6.63215     0.34614    90.00000    83.36785     0.34614
    22.70000    90.00000     6.64214     0.34614    90.00000    83.35786     0.34614
    22.80000    90.00000     6.65213     0.34613    90.00000    83.34787     0.34613
    22.90000    90.00000     6.66212     0.34612    90.00000    83.33788     0.34612
    23.00000    90.00000     6.67210     0.34612    90.00000    83.32790     0.34612
    23.10000    90.00000     6.68209     0.34611    90.00000    83.31791     0.34611
    23.20000    90.00000     6.69208     0.34610    90.00000    83.30792     0.34610
    23.30000    90.00000     6.70206     0.34610    90.00000    83.29794     0.34610
    23.40000    90.00000     6.71204     0.34609    90.00000    83.28796     0.34609
    23.50000    90.00000     6.72202     0.34608    90.00000    83.27798     0.34608
    23.60000    90.00000     6.73201     0.34608    90.00000    83.26799     0.34608
    23.70000    90.00000     6.74198     0.34607    90.00000    83.25802     0.34607
    23.80000    90.00000     6.75196     0.34606    90.00000    83.24804     0.34606
    23.90000    90.00000     6.76194     0.34606    90.00000    83.23806     0.34606
    24.00000    90.00000     6.77192     0.34605    90.00000    83.22808     0.34605
    24.10000    90.00000     6.78189     0.34604    90.00000    83.21811     0.34604
    24.20000    90.00000     6.79186     0.34604    90.00000    83.20814     0.34604
    24.30000    90.00000     6.80184     0.34603    90.00000    83.19816     0.34603
    24.40000    90.00000     6.81181     0.34602    90.00000    83.18819     0.34602
    24.50000    90.00000     6.82178     0.34602    90.00000    83.17822     0.34602
    24.60000    90.00000     6.83175     0.34601    90.00000    83.16825     0.34601
    24.70000    90.00000     6.84171     0.34600    90.00000    83.15829     0.34600
    24.80000    90.00000     6.85168     0.34600    90.00000    83.14832     0.34600
    24.90000    90.00000     6.86164     0.34599    90.00000    83.13836     0.34599
    25.00000    90.00000     6.87161     0.34598    90.00000    83.12839     0.34598
    25.10000    90.00000     6.88157     0.34598    90.00000    83.11843     0.34598
    25.20000    90.00000     6.89153     0.34597    90.00000    83.10847     0.34597
    25.30000    90.00000     6.90149     0.34596    90.00000    83.09851     0.34596
    25.40000    90.00000     6.91145     0.34596    90.00000    83.08855     0.34596
    25.50000    90.00000     6.92141     0.34595    90.00000    83.07859     0.34595
    25.60000    90.00000     6.93137     0.34594    90.00000    83.06863     0.34594
    25.70000    90.00000     6.94132     0.34594    90.00000    83.05868     0.34594
    25.80000    90.00000     6.95128     0.34593    90.00000    83.04872     0.34593
    25.90000    90.00000     6.96123     0.34592    90.00000    83.03877     0.34592
    26.00000    90.00000     6.97118     0.34592    90.00000    83.02882     0.34592
    26.10000    90.00000     6.98113     0.34591    90.00000    83.01887     0.34591
    26.20000    90.00000     6.99108     0.34591    90.00000    83.00892     0.34591
    26.30000    90.00000     7.00103     0.34590    90.00000    82.99897     0.34590
    26.40000    90.00000     7.01098     0.34589    90.00000    82.98902     0.34589
    26.50000    90.00000     7.02092     0.34589    90.00000    82.97908     0.34589
    26.60000    90.00000     7.03087     0.34588    90.00000    82.96913     0.34588
    26.70000    90.00000     7.04081     0.34587    90.00000    82.95919     0.34587
    26.80000    90.00000     7.05075     0.34587    90.00000    82.94925     0.34587
    26.90000    90.00000     7.06069     0.34586    90.00000    82.93931     0.34586
    27.00000    90.00000     7.07063     0.34585    90.00000    82.92937     0.34585
    27.10000    90.00000     7.08057     0.34585    90.00000    82.91943     0.34585
    27.20000    90.00000     7.09051     0.34584    90.00000    82.90949     0.34584
    27.30000    90.00000     7.10045     0.34584    90.00000    82.89955     0.34584
    27.40000    90.00000     7.11038     0.34583    90.00000    82.88962     0.34583
    27.50000    90.00000     7.12031     0.34582    90.00000    82.87969     0.34582
    27.60000    90.00000     7.13025     0.34582    90.00000    82.86975     0.34582
    27.70000    90.00000     7.14018     0.34581    90.00000    82.85982     0.34581
    27.80000    90.00000     7.15011     0.34581    90.00000    82.84989     0.34581
    27.90000    90.00000     7.16004     0.34580    90.00000    82.83996     0.34580
    28.00000    90.00000     7.16997     0.34579    90.00000    82.83003     0.34579
    28.10000    90.00000     7.17989     0.34579    90.00000    82.82011     0.34579
    28.20000    90.00000     7.18982     0.34578    90.00000    82.81018     0.34578
    28.30000    90.00000     7.19974     0.34577    90.00000    82.80026     0.34577
    28.40000    90.00000     7.20967     0.34577    90.00000    82.79033     0.34577
    28.50000    90.00000     7.21959     0.34576    90.00000    82.78041     0.34576
    28.60000    90.00000     7.22951     0.34576    90.00000    82.77049     0.34576
    28.70000    90.00000     7.23943     0.34575    90.00000    82.76057     0.34575
    28.80000    90.00000     7.24935     0.34574    90.00000    82.75065     0.34574
    28.90000    90.00000     7.25926     0.34574    90.00000    82.74074     0.34574
    29.00000    90.00000     7.26918     0.34573    90.00000    82.73082     0.34573
    29.10000    90.00000     7.27909     0.34573    90.00000    82.72091     0.34573
    29.20000    90.00000     7.28901     0.34572    90.00000    82.71099     0.34572
    29.30000    90.00000     7.29892     0.34572    90.00000    82.70108     0.34572
    29.40000    90.00000     7.30883     0.34571    90.00000    82.69117     0.34571
    29.50000    90.00000     7.31874     0.34570    90.00000    82.68126     0.34570
    29.60000    90.00000     7.32865     0.34570    90.00000    82.67135     0.34570
    29.70000    90.00000     7.33855     0.34569    90.00000    82.66145     0.34569
    29.80000    90.00000     7.34846     0.34569    90.00000    82.65154     0.34569
    29.90000    90.00000     7.35837     0.34568    90.00000    82.64163     0.34568
    30.00000    90.00000     7.36827     0.34567    90.00000    82.63173     0.34567
    30.10000    90.00000     7.37817     0.34567    90.00000    82.62183     0.34567
    30.20000    90.00000     7.38807     0.34566    90.00000    82.61193     0.34566
    30.30000    90.00000     7.39797     0.34566    90.00000    82.60203     0.34566
    30.40000    90.00000     7.40787     0.34565    90.00000    82.59213     0.34565
    30.50000    90.00000     7.41777     0.34565    90.00000    82.58223     0.34565
    30.60000    90.00000     7.42767     0.34564    90.00000    82.57233     0.34564
    30.70000    90.00000     7.43756     0.34563    90.00000    82.56244     0.34563
    30.80000    90.00000     7.44746     0.34563    90.00000    82.55254     0.34563
    30.90000    90.00000     7.45735     0.34562    90.00000    82.54265     0.34562
    31.00000    90.00000     7.46724     0.34562    90.00000    82.53276     0.34562
    31.10000    90.00000     7.47713     0.34561    90.00000    82.52287     0.34561
    31.20000    90.00000     7.48702     0.34561    90.00000    82.51298     0.34561
    31.30000    90.00000     7.49691     0.34560    90.00000    82.50309     0.34560
    31.40000    90.00000     7.50679     0.34559    90.00000    82.49321     0.34559
    31.50000    90.00000     7.51668     0.34559    90.00000    82.48332     0.34559
    31.60000    90.00000     7.52656     0.34558    90.00000    82.47344     0.34558
    31.70000    90.00000     7.53645     0.34558    90.00000    82.46355     0.34558
    31.80000    90.00000     7.54633     0.34557    90.00000    82.45367     0.34557
    31.90000    90.00000     7.55621     0.34557    90.00000    82.44379     0.34557
    32.00000    90.00000     7.56609     0.34556    90.00000    82.43391     0.34556
    32.10000    90.00000     7.57597     0.34556    90.00000    82.42403     0.34556
    32.20000    90.00000     7.58584     0.34555    90.00000    82.41416     0.34555
    32.30000    90.00000     7.59572     0.34555    90.00000    82.40428     0.34555
    32.40000    90.00000     7.60559     0.34554    90.00000    82.39441     0.34554
    32.50000    90.00000     7.61547     0.34553    90.00000    82.38453     0.34553
    32.60000    90.00000     7.62534     0.34553    90.00000    82.37466     0.34553
    32.70000    90.00000     7.63521     0.34552    90.00000    82.36479     0.34552
    32.80000    90.00000     7.64508     0.34552    90.00000    82.35492     0.34552
    32.90000    90.00000     7.65495     0.34551    90.00000    82.34505     0.34551
    33.00000    90.00000     7.66481     0.34551    90.00000    82.33519     0.34551
    33.10000    90.00000     7.67468     0.34550    90.00000    82.32532     0.34550
    33.20000    90.00000     7.68455     0.34550    90.00000    82.31545     0.34550
    33.30000    90.00000     7.69441     0.34549    90.00000    82.30559     0.34549
    33.40000    90.00000     7.70427     0.34549    90.00000    82.29573     0.34549
    33.50000    90.00000     7.71413     0.34548    90.00000    82.28587     0.34548
    33.60000    90.00000     7.72399     0.34548    90.00000    82.27601     0.34548
    33.70000    90.00000     7.73385     0.34547    90.00000    82.26615     0.34547
    33.80000    90.00000     7.74371     0.34547    90.00000    82.25629     0.34547
    33.90000    90.00000     7.75356     0.34546    90.00000    82.24644     0.34546
    34.00000    90.00000     7.76342     0.34546    90.00000    82.23658     0.34546
    34.10000    90.00000     7.77327     0.34545    90.00000    82.22673     0.34545
    34.20000    90.00000     7.78313     0.34545    90.00000    82.21687     0.34545
    34.30000    90.00000     7.79298     0.34544    90.00000    82.20702     0.34544
    34.40000    90.00000     7.80283     0.34543    90.00000    82.19717     0.34543
    34.50000    90.00000     7.81268     0.34543    90.00000    82.18732     0.34543
    34.60000    90.00000     7.82252     0.34542    90.00000    82.17748     0.34542
    34.70000    90.00000     7.83237     0.34542    90.00000    82.16763     0.34542
    34.80000    90.00000     7.84222     0.34541    90.00000    82.15778     0.34541
    34.90000    90.00000     7.85206     0.34541    90.00000    82.14794     0.34541
    35.00000    90.00000     7.86190     0.34540    90.00000    82.13810     0.34540
    35.10000    90.00000     7.87174     0.34540    90.00000    82.12826     0.34540
    35.20000    90.00000     7.88158     0.34539    90.00000    82.11842     0.34539
    35.30000    90.00000     7.89142     0.34539    90.00000    82.10858     0.34539
    35.40000    90.00000     7.90126     0.34538    90.00000    82.09874     0.34538
    35.50000    90.00000     7.91110     0.34538    90.00000    82.08890     0.34538
    35.60000    90.00000     7.92093     0.34537    90.00000    82.07907     0.34537
    35.70000    90.00000     7.93077     0.34537    90.00000    82.06923     0.34537
    35.80000    90.00000     7.94060     0.34536    90.00000    82.05940     0.34536
    35.90000    90.00000     7.95043     0.34536    90.00000    82.04957     0.34536
    36.00000    90.00000     7.96026     0.34536    90.00000    82.03974     0.34536
    36.10000    90.00000     7.97009     0.34535    90.00000    82.02991     0.34535
    36.20000    90.00000     7.97992     0.34535    90.00000    82.02008     0.34535
    36.30000    90.00000     7.98975     0.34534    90.00000    82.01025     0.34534
    36.40000    90.00000     7.99957     0.34534    90.00000    82.00043     0.34534
    36.50000    90.00000     8.00940     0.34533    90.00000    81.99060     0.34533
    36.60000    90.00000     8.01922     0.34533    90.00000    81.98078     0.34533
    36.70000    90.00000     8.02904     0.34532    90.00000    81.97096     0.34532
    36.80000    90.00000     8.03886     0.34532    90.00000    81.96114     0.34532
    36.90000    90.00000     8.04868     0.34531    90.00000    81.95132     0.34531
    37.00000    90.00000     8.05850     0.34531    90.00000    81.94150     0.34531
    37.10000    90.00000     8.06832     0.34530    90.00000    81.93168     0.34530
    37.20000    90.00000     8.07813     0.34530    90.00000    81.92187     0.34530
    37.30000    90.00000     8.08795     0.34529    90.00000    81.91205     0.34529
    37.40000    90.00000     8.09776     0.34529    90.00000    81.90224     0.34529
    37.50000    90.00000     8.10757     0.34528    90.00000    81.89243     0.34528
    37.60000    90.00000     8.11738     0.34528    90.00000    81.88262     0.34528
    37.70000    90.00000     8.12719     0.34527    90.00000    81.87281     0.34527
    37.80000    90.00000     8.13700     0.34527    90.00000    81.86300     0.34527
    37.90000    90.00000     8.14681     0.34527    90.00000    81.85319     0.34527
    38.00000    90.00000     8.15661     0.34526    90.00000    81.84339     0.34526
    38.10000    90.00000     8.16642     0.34526    90.00000    81.83358     0.34526
    38.20000    90.00000     8.17622     0.34525    90.00000    81.82378     0.34525
    38.30000    90.00000     8.18602     0.34525    90.00000    81.81398     0.34525
    38.40000    90.00000     8.19582     0.34524    90.00000    81.80418     0.34524
    38.50000    90.00000     8.20562     0.34524    90.00000    81.79438     0.34524
    38.60000    90.00000     8.21542     0.34523    90.00000    81.78458     0.34523
    38.70000    90.00000     8.22522     0.34523    90.00000    81.77478     0.34523
    38.80000    90.00000     8.23502     0.34522    90.00000    81.76498     0.34522
    38.90000    90.00000     8.24481     0.34522    90.00000    81.75519     0.34522
    39.00000    90.00000     8.25460     0.34522    90.00000    81.74540     0.34522
    39.10000    90.00000     8.26440     0.34521    90.00000    81.73560     0.34521
    39.20000    90.00000     8.27419     0.34521    90.00000    81.72581     0.34521
    39.30000    90.00000     8.28398     0.34520    90.00000    81.71602     0.34520
    39.40000    90.00000     8.29377     0.34520    90.00000    81.70623     0.34520
    39.50000    90.00000     8.30355     0.34519    90.00000    81.69645     0.34519
    39.60000    90.00000     8.31334     0.34519    90.00000    81.68666     0.34519
    39.70000    90.00000     8.32312     0.34519    90.00000    81.67688     0.34519
    39.80000    90.00000     8.33291     0.34518    90.00000    81.66709     0.34518
    39.90000    90.00000     8.34269     0.34518    90.00000    81.65731     0.34518
    40.00000    90.00000     8.35247     0.34517    90.00000    81.64753     0.34517
