 # applied field (T), theta (degree), phi (degree), abs for RE 1-2
     0.00000    90.00000   224.55208     0.03166    90.00000   224.55208     0.03166
     0.10000    90.00000   180.00000     0.03220    90.00000   180.00000     0.03220
     0.20000    90.00000   180.00000     0.03207    90.00000   180.00000     0.03207
     0.30000    90.00000   180.00000     0.03194    90.00000   180.00000     0.03194
     0.40000    90.00000   180.00000     0.03181    90.00000   180.00000     0.03181
     0.50000    90.00000   180.00000     0.03168    90.00000   180.00000     0.03168
     0.60000    90.00000   180.00000     0.03155    90.00000   180.00000     0.03155
     0.70000    90.00000   180.00000     0.03142    90.00000   180.00000     0.03142
     0.80000    90.00000   180.00000     0.03129    90.00000   180.00000     0.03129
     0.90000    90.00000   180.00000     0.03116    90.00000   180.00000     0.03116
     1.00000    90.00000   180.00000     0.03103    90.00000   180.00000     0.03103
     1.10000    90.00000   180.00000     0.03090    90.00000   180.00000     0.03090
     1.20000    90.00000   180.00000     0.03077    90.00000   180.00000     0.03077
     1.30000    90.00000   180.00000     0.03064    90.00000   180.00000     0.03064
     1.40000    90.00000   180.00000     0.03051    90.00000   180.00000     0.03051
     1.50000    90.00000   180.00000     0.03038    90.00000   180.00000     0.03038
     1.60000    90.00000   180.00000     0.03025    90.00000   180.00000     0.03025
     1.70000    90.00000   180.00000     0.03012    90.00000   180.00000     0.03012
     1.80000    90.00000   180.00000     0.02999    90.00000   180.00000     0.02999
     1.90000    90.00000   180.00000     0.02986    90.00000   180.00000     0.02986
     2.00000    90.00000   180.00000     0.02973    90.00000   180.00000     0.02973
     2.10000    90.00000   180.00000     0.02960    90.00000   180.00000     0.02960
     2.20000    90.00000   180.00000     0.02947    90.00000   180.00000     0.02947
     2.30000    90.00000   180.00000     0.02934    90.00000   180.00000     0.02934
     2.40000    90.00000   180.00000     0.02921    90.00000   180.00000     0.02921
     2.50000    90.00000   180.00000     0.02908    90.00000   180.00000     0.02908
     2.60000    90.00000   180.00000     0.02895    90.00000   180.00000     0.02895
     2.70000    90.00000   180.00000     0.02882    90.00000   180.00000     0.02882
     2.80000    90.00000   180.00000     0.02869    90.00000   180.00000     0.02869
     2.90000    90.00000   180.00000     0.02856    90.00000   180.00000     0.02856
     3.00000    90.00000   180.00000     0.02843    90.00000   180.00000     0.02843
     3.10000    90.00000   180.00000     0.02830    90.00000   180.00000     0.02830
     3.20000    90.00000   180.00000     0.02817    90.00000   180.00000     0.02817
     3.30000    90.00000   180.00000     0.02804    90.00000   180.00000     0.02804
     3.40000    90.00000   180.00000     0.02791    90.00000   180.00000     0.02791
     3.50000    90.00000   180.00000     0.02778    90.00000   180.00000     0.02778
     3.60000    90.00000   180.00000     0.02765    90.00000   180.00000     0.02765
     3.70000    90.00000   180.00000     0.02752    90.00000   180.00000     0.02752
     3.80000    90.00000   180.00000     0.02739    90.00000   180.00000     0.02739
     3.90000    90.00000   180.00000     0.02726    90.00000   180.00000     0.02726
     4.00000    90.00000   180.00000     0.02713    90.00000   180.00000     0.02713
     4.10000    90.00000   180.00000     0.02700    90.00000   180.00000     0.02700
     4.20000    90.00000   180.00000     0.02687    90.00000   180.00000     0.02687
     4.30000    90.00000   180.00000     0.02674    90.00000   180.00000     0.02674
     4.40000    90.00000   180.00000     0.02661    90.00000   180.00000     0.02661
     4.50000    90.00000   180.00000     0.02648    90.00000   180.00000     0.02648
     4.60000    90.00000   180.00000     0.02635    90.00000   180.00000     0.02635
     4.70000    90.00000   180.00000     0.02622    90.00000   180.00000     0.02622
     4.80000    90.00000   180.00000     0.02609    90.00000   180.00000     0.02609
     4.90000    90.00000   180.00000     0.02596    90.00000   180.00000     0.02596
     5.00000    90.00000   180.00000     0.02583    90.00000   180.00000     0.02583
     5.10000    90.00000   180.00000     0.02570    90.00000   180.00000     0.02570
     5.20000    90.00000   180.00000     0.02557    90.00000   180.00000     0.02557
     5.30000    90.00000   180.00000     0.02544    90.00000   180.00000     0.02544
     5.40000    90.00000   180.00000     0.02531    90.00000   180.00000     0.02531
     5.50000    90.00000   180.00000     0.02518    90.00000   180.00000     0.02518
     5.60000    90.00000   180.00000     0.02505    90.00000   180.00000     0.02505
     5.70000    90.00000   180.00000     0.02492    90.00000   180.00000     0.02492
     5.80000    90.00000   180.00000     0.02479    90.00000   180.00000     0.02479
     5.90000    90.00000   180.00000     0.02466    90.00000   180.00000     0.02466
     6.00000    90.00000   180.00000     0.02453    90.00000   180.00000     0.02453
     6.10000    90.00000   180.00000     0.02440    90.00000   180.00000     0.02440
     6.20000    90.00000   180.00000     0.02427    90.00000   180.00000     0.02427
     6.30000    90.00000   180.00000     0.02414    90.00000   180.00000     0.02414
     6.40000    90.00000   180.00000     0.02401    90.00000   180.00000     0.02401
     6.50000    90.00000   180.00000     0.02388    90.00000   180.00000     0.02388
     6.60000    90.00000   180.00000     0.02375    90.00000   180.00000     0.02375
     6.70000    90.00000   180.00000     0.02362    90.00000   180.00000     0.02362
     6.80000    90.00000   180.00000     0.02349    90.00000   180.00000     0.02349
     6.90000    90.00000   180.00000     0.02336    90.00000   180.00000     0.02336
     7.00000    90.00000   180.00000     0.02323    90.00000   180.00000     0.02323
     7.10000    90.00000   180.00000     0.02310    90.00000   180.00000     0.02310
     7.20000    90.00000   180.00000     0.02297    90.00000   180.00000     0.02297
     7.30000    90.00000   180.00000     0.02284    90.00000   180.00000     0.02284
     7.40000    90.00000   180.00000     0.02271    90.00000   180.00000     0.02271
     7.50000    90.00000   180.00000     0.02259    90.00000   180.00000     0.02259
     7.60000    90.00000   180.00000     0.02246    90.00000   180.00000     0.02246
     7.70000    90.00000   180.00000     0.02233    90.00000   180.00000     0.02233
     7.80000    90.00000   180.00000     0.02220    90.00000   180.00000     0.02220
     7.90000    90.00000   180.00000     0.02207    90.00000   180.00000     0.02207
     8.00000    90.00000   180.00000     0.02194    90.00000   180.00000     0.02194
     8.10000    90.00000   180.00000     0.02181    90.00000   180.00000     0.02181
     8.20000    90.00000   180.00000     0.02168    90.00000   180.00000     0.02168
     8.30000    90.00000   180.00000     0.02155    90.00000   180.00000     0.02155
     8.40000    90.00000   180.00000     0.02142    90.00000   180.00000     0.02142
     8.50000    90.00000   180.00000     0.02129    90.00000   180.00000     0.02129
     8.60000    90.00000   180.00000     0.02116    90.00000   180.00000     0.02116
     8.70000    90.00000   180.00000     0.02103    90.00000   180.00000     0.02103
     8.80000    90.00000   180.00000     0.02090    90.00000   180.00000     0.02090
     8.90000    90.00000   180.00000     0.02077    90.00000   180.00000     0.02077
     9.00000    90.00000   180.00000     0.02064    90.00000   180.00000     0.02064
     9.10000    90.00000   180.00000     0.02051    90.00000   180.00000     0.02051
     9.20000    90.00000   180.00000     0.02038    90.00000   180.00000     0.02038
     9.30000    90.00000   180.00000     0.02025    90.00000   180.00000     0.02025
     9.40000    90.00000   180.00000     0.02012    90.00000   180.00000     0.02012
     9.50000    90.00000   180.00000     0.01999    90.00000   180.00000     0.01999
     9.60000    90.00000   180.00000     0.01986    90.00000   180.00000     0.01986
     9.70000    90.00000   180.00000     0.01973    90.00000   180.00000     0.01973
     9.80000    90.00000   180.00000     0.01960    90.00000   180.00000     0.01960
     9.90000    90.00000   180.00000     0.01948    90.00000   180.00000     0.01948
    10.00000    90.00000   180.00000     0.01935    90.00000   180.00000     0.01935
    10.10000    90.00000   180.00000     0.01922    90.00000   180.00000     0.01922
    10.20000    90.00000   180.00000     0.01909    90.00000   180.00000     0.01909
    10.30000    90.00000   180.00000     0.01896    90.00000   180.00000     0.01896
    10.40000    90.00000   180.00000     0.01883    90.00000   180.00000     0.01883
    10.50000    90.00000   180.00000     0.01870    90.00000   180.00000     0.01870
    10.60000    90.00000   180.00000     0.01857    90.00000   180.00000     0.01857
    10.70000    90.00000   180.00000     0.01844    90.00000   180.00000     0.01844
    10.80000    90.00000   180.00000     0.01831    90.00000   180.00000     0.01831
    10.90000    90.00000   180.00000     0.01818    90.00000   180.00000     0.01818
    11.00000    90.00000   180.00000     0.01805    90.00000   180.00000     0.01805
    11.10000    90.00000   180.00000     0.01792    90.00000   180.00000     0.01792
    11.20000    90.00000   180.00000     0.01779    90.00000   180.00000     0.01779
    11.30000    90.00000   180.00000     0.01766    90.00000   180.00000     0.01766
    11.40000    90.00000   180.00000     0.01753    90.00000   180.00000     0.01753
    11.50000    90.00000   180.00000     0.01740    90.00000   180.00000     0.01740
    11.60000    90.00000   180.00000     0.01728    90.00000   180.00000     0.01728
    11.70000    90.00000   180.00000     0.01715    90.00000   180.00000     0.01715
    11.80000    90.00000   180.00000     0.01702    90.00000   180.00000     0.01702
    11.90000    90.00000   180.00000     0.01689    90.00000   180.00000     0.01689
    12.00000    90.00000   180.00000     0.01676    90.00000   180.00000     0.01676
    12.10000    90.00000   180.00000     0.01663    90.00000   180.00000     0.01663
    12.20000    90.00000   180.00000     0.01650    90.00000   180.00000     0.01650
    12.30000    90.00000   180.00000     0.01637    90.00000   180.00000     0.01637
    12.40000    90.00000   180.00000     0.01624    90.00000   180.00000     0.01624
    12.50000    90.00000   180.00000     0.01611    90.00000   180.00000     0.01611
    12.60000    90.00000   180.00000     0.01598    90.00000   180.00000     0.01598
    12.70000    90.00000   180.00000     0.01585    90.00000   180.00000     0.01585
    12.80000    90.00000   180.00000     0.01572    90.00000   180.00000     0.01572
    12.90000    90.00000   180.00000     0.01559    90.00000   180.00000     0.01559
    13.00000    90.00000   180.00000     0.01547    90.00000   180.00000     0.01547
    13.10000    90.00000   180.00000     0.01534    90.00000   180.00000     0.01534
    13.20000    90.00000   180.00000     0.01521    90.00000   180.00000     0.01521
    13.30000    90.00000   180.00000     0.01508    90.00000   180.00000     0.01508
    13.40000    90.00000   180.00000     0.01495    90.00000   180.00000     0.01495
    13.50000    90.00000   180.00000     0.01482    90.00000   180.00000     0.01482
    13.60000    90.00000   180.00000     0.01469    90.00000   180.00000     0.01469
    13.70000    90.00000   180.00000     0.01456    90.00000   180.00000     0.01456
    13.80000    90.00000   180.00000     0.01443    90.00000   180.00000     0.01443
    13.90000    90.00000   180.00000     0.01430    90.00000   180.00000     0.01430
    14.00000    90.00000   180.00000     0.01417    90.00000   180.00000     0.01417
    14.10000    90.00000   180.00000     0.01404    90.00000   180.00000     0.01404
    14.20000    90.00000   180.00000     0.01391    90.00000   180.00000     0.01391
    14.30000    90.00000   180.00000     0.01379    90.00000   180.00000     0.01379
    14.40000    90.00000   180.00000     0.01366    90.00000   180.00000     0.01366
    14.50000    90.00000   180.00000     0.01353    90.00000   180.00000     0.01353
    14.60000    90.00000   180.00000     0.01340    90.00000   180.00000     0.01340
    14.70000    90.00000   180.00000     0.01327    90.00000   180.00000     0.01327
    14.80000    90.00000   180.00000     0.01314    90.00000   180.00000     0.01314
    14.90000    90.00000   180.00000     0.01301    90.00000   180.00000     0.01301
    15.00000    90.00000   180.00000     0.01288    90.00000   180.00000     0.01288
    15.10000    90.00000   180.00000     0.01275    90.00000   180.00000     0.01275
    15.20000    90.00000   180.00000     0.01262    90.00000   180.00000     0.01262
    15.30000    90.00000   180.00000     0.01249    90.00000   180.00000     0.01249
    15.40000    90.00000   180.00000     0.01237    90.00000   180.00000     0.01237
    15.50000    90.00000   180.00000     0.01224    90.00000   180.00000     0.01224
    15.60000    90.00000   180.00000     0.01211    90.00000   180.00000     0.01211
    15.70000    90.00000   180.00000     0.01198    90.00000   180.00000     0.01198
    15.80000    90.00000   180.00000     0.01185    90.00000   180.00000     0.01185
    15.90000    90.00000   180.00000     0.01172    90.00000   180.00000     0.01172
    16.00000    90.00000   180.00000     0.01159    90.00000   180.00000     0.01159
    16.10000    90.00000   180.00000     0.01146    90.00000   180.00000     0.01146
    16.20000    90.00000   180.00000     0.01133    90.00000   180.00000     0.01133
    16.30000    90.00000   180.00000     0.01120    90.00000   180.00000     0.01120
    16.40000    90.00000   180.00000     0.01108    90.00000   180.00000     0.01108
    16.50000    90.00000   180.00000     0.01095    90.00000   180.00000     0.01095
    16.60000    90.00000   180.00000     0.01082    90.00000   180.00000     0.01082
    16.70000    90.00000   180.00000     0.01069    90.00000   180.00000     0.01069
    16.80000    90.00000   180.00000     0.01056    90.00000   180.00000     0.01056
    16.90000    90.00000   180.00000     0.01043    90.00000   180.00000     0.01043
    17.00000    90.00000   180.00000     0.01030    90.00000   180.00000     0.01030
    17.10000    90.00000   180.00000     0.01017    90.00000   180.00000     0.01017
    17.20000    90.00000   180.00000     0.01004    90.00000   180.00000     0.01004
    17.30000    90.00000   180.00000     0.00992    90.00000   180.00000     0.00992
    17.40000    90.00000   180.00000     0.00979    90.00000   180.00000     0.00979
    17.50000    90.00000   180.00000     0.00966    90.00000   180.00000     0.00966
    17.60000    90.00000   180.00000     0.00953    90.00000   180.00000     0.00953
    17.70000    90.00000   180.00000     0.00940    90.00000   180.00000     0.00940
    17.80000    90.00000   180.00000     0.00927    90.00000   180.00000     0.00927
    17.90000    90.00000   180.00000     0.00914    90.00000   180.00000     0.00914
    18.00000    90.00000   180.00000     0.00901    90.00000   180.00000     0.00901
    18.10000    90.00000   180.00000     0.00888    90.00000   180.00000     0.00888
    18.20000    90.00000   180.00000     0.00876    90.00000   180.00000     0.00876
    18.30000    90.00000   180.00000     0.00863    90.00000   180.00000     0.00863
    18.40000    90.00000   180.00000     0.00850    90.00000   180.00000     0.00850
    18.50000    90.00000   180.00000     0.00837    90.00000   180.00000     0.00837
    18.60000    90.00000   180.00000     0.00824    90.00000   180.00000     0.00824
    18.70000    90.00000   180.00000     0.00811    90.00000   180.00000     0.00811
    18.80000    90.00000   180.00000     0.00798    90.00000   180.00000     0.00798
    18.90000    90.00000   180.00000     0.00785    90.00000   180.00000     0.00785
    19.00000    90.00000   180.00000     0.00773    90.00000   180.00000     0.00773
    19.10000    90.00000   180.00000     0.00760    90.00000   180.00000     0.00760
    19.20000    90.00000   180.00000     0.00747    90.00000   180.00000     0.00747
    19.30000    90.00000   180.00000     0.00734    90.00000   180.00000     0.00734
    19.40000    90.00000   180.00000     0.00721    90.00000   180.00000     0.00721
    19.50000    90.00000   180.00000     0.00708    90.00000   180.00000     0.00708
    19.60000    90.00000   180.00000     0.00695    90.00000   180.00000     0.00695
    19.70000    90.00000   180.00000     0.00682    90.00000   180.00000     0.00682
    19.80000    90.00000   180.00000     0.00670    90.00000   180.00000     0.00670
    19.90000    90.00000   180.00000     0.00657    90.00000   180.00000     0.00657
    20.00000    90.00000   180.00000     0.00644    90.00000   180.00000     0.00644
    20.10000    90.00000   180.00000     0.00631    90.00000   180.00000     0.00631
    20.20000    90.00000   180.00000     0.00618    90.00000   180.00000     0.00618
    20.30000    90.00000   180.00000     0.00605    90.00000   180.00000     0.00605
    20.40000    90.00000   180.00000     0.00592    90.00000   180.00000     0.00592
    20.50000    90.00000   180.00000     0.00579    90.00000   180.00000     0.00579
    20.60000    90.00000   180.00000     0.00567    90.00000   180.00000     0.00567
    20.70000    90.00000   180.00000     0.00554    90.00000   180.00000     0.00554
    20.80000    90.00000   180.00000     0.00541    90.00000   180.00000     0.00541
    20.90000    90.00000   180.00000     0.00528    90.00000   180.00000     0.00528
    21.00000    90.00000   180.00000     0.00515    90.00000   180.00000     0.00515
    21.10000    90.00000   180.00000     0.00502    90.00000   180.00000     0.00502
    21.20000    90.00000   180.00000     0.00489    90.00000   180.00000     0.00489
    21.30000    90.00000   180.00000     0.00477    90.00000   180.00000     0.00477
    21.40000    90.00000   180.00000     0.00464    90.00000   180.00000     0.00464
    21.50000    90.00000   180.00000     0.00451    90.00000   180.00000     0.00451
    21.60000    90.00000   180.00000     0.00438    90.00000   180.00000     0.00438
    21.70000    90.00000   180.00000     0.00425    90.00000   180.00000     0.00425
    21.80000    90.00000   180.00000     0.00412    90.00000   180.00000     0.00412
    21.90000    90.00000   180.00000     0.00399    90.00000   180.00000     0.00399
    22.00000    90.00000   180.00000     0.00387    90.00000   180.00000     0.00387
    22.10000    90.00000   180.00000     0.00374    90.00000   180.00000     0.00374
    22.20000    90.00000   180.00000     0.00361    90.00000   180.00000     0.00361
    22.30000    90.00000   180.00000     0.00348    90.00000   180.00000     0.00348
    22.40000    90.00000   180.00000     0.00335    90.00000   180.00000     0.00335
    22.50000    90.00000   180.00000     0.00322    90.00000   180.00000     0.00322
    22.60000    90.00000   180.00000     0.00309    90.00000   180.00000     0.00309
    22.70000    90.00000   180.00000     0.00297    90.00000   180.00000     0.00297
    22.80000    90.00000   180.00000     0.00284    90.00000   180.00000     0.00284
    22.90000    90.00000   180.00000     0.00271    90.00000   180.00000     0.00271
    23.00000    90.00000   180.00000     0.00258    90.00000   180.00000     0.00258
    23.10000    90.00000   180.00000     0.00245    90.00000   180.00000     0.00245
    23.20000    90.00000   180.00000     0.00232    90.00000   180.00000     0.00232
    23.30000    90.00000   180.00000     0.00220    90.00000   180.00000     0.00220
    23.40000    90.00000   180.00000     0.00207    90.00000   180.00000     0.00207
    23.50000    90.00000   180.00000     0.00194    90.00000   180.00000     0.00194
    23.60000    90.00000   180.00000     0.00181    90.00000   180.00000     0.00181
    23.70000    90.00000   180.00000     0.00168    90.00000   180.00000     0.00168
    23.80000    90.00000   180.00000     0.00155    90.00000   180.00000     0.00155
    23.90000    90.00000   180.00000     0.00142    90.00000   180.00000     0.00142
    24.00000    90.00000   180.00000     0.00130    90.00000   180.00000     0.00130
    24.10000    90.00000   180.00000     0.00117    90.00000   180.00000     0.00117
    24.20000    90.00000   180.00000     0.00104    90.00000   180.00000     0.00104
    24.30000    90.00000   180.00000     0.00091    90.00000   180.00000     0.00091
    24.40000    90.00000   180.00000     0.00078    90.00000   180.00000     0.00078
    24.50000    90.00000   180.00000     0.00065    90.00000   180.00000     0.00065
    24.60000    90.00000   180.00000     0.00053    90.00000   180.00000     0.00053
    24.70000    90.00000   180.00000     0.00040    90.00000   180.00000     0.00040
    24.80000    90.00000   180.00000     0.00027    90.00000   180.00000     0.00027
    24.90000    90.00000   180.00000     0.00014    90.00000   180.00000     0.00014
    25.00000    90.00000   180.00000     0.00001    90.00000   180.00000     0.00001
    25.10000    90.00000   360.00000     0.00012    90.00000   360.00000     0.00012
    25.20000    90.00000   360.00000     0.00024    90.00000   360.00000     0.00024
    25.30000    90.00000   360.00000     0.00037    90.00000   360.00000     0.00037
    25.40000    90.00000   360.00000     0.00050    90.00000   360.00000     0.00050
    25.50000    90.00000   360.00000     0.00063    90.00000   360.00000     0.00063
    25.60000    90.00000   360.00000     0.00076    90.00000   360.00000     0.00076
    25.70000    90.00000   360.00000     0.00089    90.00000   360.00000     0.00089
    25.80000    90.00000   360.00000     0.00101    90.00000   360.00000     0.00101
    25.90000    90.00000   360.00000     0.00114    90.00000   360.00000     0.00114
    26.00000    90.00000   360.00000     0.00127    90.00000   360.00000     0.00127
    26.10000    90.00000   360.00000     0.00140    90.00000   360.00000     0.00140
    26.20000    90.00000   360.00000     0.00153    90.00000   360.00000     0.00153
    26.30000    90.00000   360.00000     0.00165    90.00000   360.00000     0.00165
    26.40000    90.00000   360.00000     0.00178    90.00000   360.00000     0.00178
    26.50000    90.00000   360.00000     0.00191    90.00000   360.00000     0.00191
    26.60000    90.00000   360.00000     0.00204    90.00000   360.00000     0.00204
    26.70000    90.00000   360.00000     0.00217    90.00000   360.00000     0.00217
    26.80000    90.00000   360.00000     0.00230    90.00000   360.00000     0.00230
    26.90000    90.00000   360.00000     0.00242    90.00000   360.00000     0.00242
    27.00000    90.00000   360.00000     0.00255    90.00000   360.00000     0.00255
    27.10000    90.00000   360.00000     0.00268    90.00000   360.00000     0.00268
    27.20000    90.00000   360.00000     0.00281    90.00000   360.00000     0.00281
    27.30000    90.00000   360.00000     0.00294    90.00000   360.00000     0.00294
    27.40000    90.00000   360.00000     0.00306    90.00000   360.00000     0.00306
    27.50000    90.00000   360.00000     0.00319    90.00000   360.00000     0.00319
    27.60000    90.00000   360.00000     0.00332    90.00000   360.00000     0.00332
    27.70000    90.00000   360.00000     0.00345    90.00000   360.00000     0.00345
    27.80000    90.00000   360.00000     0.00358    90.00000   360.00000     0.00358
    27.90000    90.00000   360.00000     0.00371    90.00000   360.00000     0.00371
    28.00000    90.00000   360.00000     0.00383    90.00000   360.00000     0.00383
    28.10000    90.00000   360.00000     0.00396    90.00000   360.00000     0.00396
    28.20000    90.00000   360.00000     0.00409    90.00000   360.00000     0.00409
    28.30000    90.00000   360.00000     0.00422    90.00000   360.00000     0.00422
    28.40000    90.00000   360.00000     0.00435    90.00000   360.00000     0.00435
    28.50000    90.00000   360.00000     0.00447    90.00000   360.00000     0.00447
    28.60000    90.00000   360.00000     0.00460    90.00000   360.00000     0.00460
    28.70000    90.00000   360.00000     0.00473    90.00000   360.00000     0.00473
    28.80000    90.00000   360.00000     0.00486    90.00000   360.00000     0.00486
    28.90000    90.00000   360.00000     0.00499    90.00000   360.00000     0.00499
    29.00000    90.00000   360.00000     0.00511    90.00000   360.00000     0.00511
    29.10000    90.00000   360.00000     0.00524    90.00000   360.00000     0.00524
    29.20000    90.00000   360.00000     0.00537    90.00000   360.00000     0.00537
    29.30000    90.00000   360.00000     0.00550    90.00000   360.00000     0.00550
    29.40000    90.00000   360.00000     0.00563    90.00000   360.00000     0.00563
    29.50000    90.00000   360.00000     0.00575    90.00000   360.00000     0.00575
    29.60000    90.00000   360.00000     0.00588    90.00000   360.00000     0.00588
    29.70000    90.00000   360.00000     0.00601    90.00000   360.00000     0.00601
    29.80000    90.00000   360.00000     0.00614    90.00000   360.00000     0.00614
    29.90000    90.00000   360.00000     0.00627    90.00000   360.00000     0.00627
    30.00000    90.00000   360.00000     0.00639    90.00000   360.00000     0.00639
    30.10000    90.00000   360.00000     0.00652    90.00000   360.00000     0.00652
    30.20000    90.00000   360.00000     0.00665    90.00000   360.00000     0.00665
    30.30000    90.00000   360.00000     0.00678    90.00000   360.00000     0.00678
    30.40000    90.00000   360.00000     0.00691    90.00000   360.00000     0.00691
    30.50000    90.00000   360.00000     0.00703    90.00000   360.00000     0.00703
    30.60000    90.00000   360.00000     0.00716    90.00000   360.00000     0.00716
    30.70000    90.00000   360.00000     0.00729    90.00000   360.00000     0.00729
    30.80000    90.00000   360.00000     0.00742    90.00000   360.00000     0.00742
    30.90000    90.00000   360.00000     0.00755    90.00000   360.00000     0.00755
    31.00000    90.00000   360.00000     0.00767    90.00000   360.00000     0.00767
    31.10000    90.00000   360.00000     0.00780    90.00000   360.00000     0.00780
    31.20000    90.00000   360.00000     0.00793    90.00000   360.00000     0.00793
    31.30000    90.00000   360.00000     0.00806    90.00000   360.00000     0.00806
    31.40000    90.00000   360.00000     0.00818    90.00000   360.00000     0.00818
    31.50000    90.00000   360.00000     0.00831    90.00000   360.00000     0.00831
    31.60000    90.00000   360.00000     0.00844    90.00000   360.00000     0.00844
    31.70000    90.00000   360.00000     0.00857    90.00000   360.00000     0.00857
    31.80000    90.00000   360.00000     0.00870    90.00000   360.00000     0.00870
    31.90000    90.00000   360.00000     0.00882    90.00000   360.00000     0.00882
    32.00000    90.00000   360.00000     0.00895    90.00000   360.00000     0.00895
    32.10000    90.00000   360.00000     0.00908    90.00000   360.00000     0.00908
    32.20000    90.00000   360.00000     0.00921    90.00000   360.00000     0.00921
    32.30000    90.00000   360.00000     0.00933    90.00000   360.00000     0.00933
    32.40000    90.00000   360.00000     0.00946    90.00000   360.00000     0.00946
    32.50000    90.00000   360.00000     0.00959    90.00000   360.00000     0.00959
    32.60000    90.00000   360.00000     0.00972    90.00000   360.00000     0.00972
    32.70000    90.00000   360.00000     0.00985    90.00000   360.00000     0.00985
    32.80000    90.00000   360.00000     0.00997    90.00000   360.00000     0.00997
    32.90000    90.00000   360.00000     0.01010    90.00000   360.00000     0.01010
    33.00000    90.00000   360.00000     0.01023    90.00000   360.00000     0.01023
    33.10000    90.00000   360.00000     0.01036    90.00000   360.00000     0.01036
    33.20000    90.00000   360.00000     0.01048    90.00000   360.00000     0.01048
    33.30000    90.00000   360.00000     0.01061    90.00000   360.00000     0.01061
    33.40000    90.00000   360.00000     0.01074    90.00000   360.00000     0.01074
    33.50000    90.00000   360.00000     0.01087    90.00000   360.00000     0.01087
    33.60000    90.00000   360.00000     0.01100    90.00000   360.00000     0.01100
    33.70000    90.00000   360.00000     0.01112    90.00000   360.00000     0.01112
    33.80000    90.00000   360.00000     0.01125    90.00000   360.00000     0.01125
    33.90000    90.00000   360.00000     0.01138    90.00000   360.00000     0.01138
    34.00000    90.00000   360.00000     0.01151    90.00000   360.00000     0.01151
    34.10000    90.00000   360.00000     0.01163    90.00000   360.00000     0.01163
    34.20000    90.00000   360.00000     0.01176    90.00000   360.00000     0.01176
    34.30000    90.00000   360.00000     0.01189    90.00000   360.00000     0.01189
    34.40000    90.00000   360.00000     0.01202    90.00000   360.00000     0.01202
    34.50000    90.00000   360.00000     0.01214    90.00000   360.00000     0.01214
    34.60000    90.00000   360.00000     0.01227    90.00000   360.00000     0.01227
    34.70000    90.00000   360.00000     0.01240    90.00000   360.00000     0.01240
    34.80000    90.00000   360.00000     0.01253    90.00000   360.00000     0.01253
    34.90000    90.00000   360.00000     0.01266    90.00000   360.00000     0.01266
    35.00000    90.00000   360.00000     0.01278    90.00000   360.00000     0.01278
    35.10000    90.00000   360.00000     0.01291    90.00000   360.00000     0.01291
    35.20000    90.00000   360.00000     0.01304    90.00000   360.00000     0.01304
    35.30000    90.00000   360.00000     0.01317    90.00000   360.00000     0.01317
    35.40000    90.00000   360.00000     0.01329    90.00000   360.00000     0.01329
    35.50000    90.00000   360.00000     0.01342    90.00000   360.00000     0.01342
    35.60000    90.00000   360.00000     0.01355    90.00000   360.00000     0.01355
    35.70000    90.00000   360.00000     0.01368    90.00000   360.00000     0.01368
    35.80000    90.00000   360.00000     0.01380    90.00000   360.00000     0.01380
    35.90000    90.00000   360.00000     0.01393    90.00000   360.00000     0.01393
    36.00000    90.00000   360.00000     0.01406    90.00000   360.00000     0.01406
    36.10000    90.00000   360.00000     0.01419    90.00000   360.00000     0.01419
    36.20000    90.00000   360.00000     0.01431    90.00000   360.00000     0.01431
    36.30000    90.00000   360.00000     0.01444    90.00000   360.00000     0.01444
    36.40000    90.00000   360.00000     0.01457    90.00000   360.00000     0.01457
    36.50000    90.00000   360.00000     0.01470    90.00000   360.00000     0.01470
    36.60000    90.00000   360.00000     0.01482    90.00000   360.00000     0.01482
    36.70000    90.00000   360.00000     0.01495    90.00000   360.00000     0.01495
    36.80000    90.00000   360.00000     0.01508    90.00000   360.00000     0.01508
    36.90000    90.00000   360.00000     0.01521    90.00000   360.00000     0.01521
    37.00000    90.00000   360.00000     0.01533    90.00000   360.00000     0.01533
    37.10000    90.00000   360.00000     0.01546    90.00000   360.00000     0.01546
    37.20000    90.00000   360.00000     0.01559    90.00000   360.00000     0.01559
    37.30000    90.00000   360.00000     0.01572    90.00000   360.00000     0.01572
    37.40000    90.00000   360.00000     0.01584    90.00000   360.00000     0.01584
    37.50000    90.00000   360.00000     0.01597    90.00000   360.00000     0.01597
    37.60000    90.00000   360.00000     0.01610    90.00000   360.00000     0.01610
    37.70000    90.00000   360.00000     0.01623    90.00000   360.00000     0.01623
    37.80000    90.00000   360.00000     0.01635    90.00000   360.00000     0.01635
    37.90000    90.00000   360.00000     0.01648    90.00000   360.00000     0.01648
    38.00000    90.00000   360.00000     0.01661    90.00000   360.00000     0.01661
    38.10000    90.00000   360.00000     0.01674    90.00000   360.00000     0.01674
    38.20000    90.00000   360.00000     0.01686    90.00000   360.00000     0.01686
    38.30000    90.00000   360.00000     0.01699    90.00000   360.00000     0.01699
    38.40000    90.00000   360.00000     0.01712    90.00000   360.00000     0.01712
    38.50000    90.00000   360.00000     0.01724    90.00000   360.00000     0.01724
    38.60000    90.00000   360.00000     0.01737    90.00000   360.00000     0.01737
    38.70000    90.00000   360.00000     0.01750    90.00000   360.00000     0.01750
    38.80000    90.00000   360.00000     0.01763    90.00000   360.00000     0.01763
    38.90000    90.00000   360.00000     0.01775    90.00000   360.00000     0.01775
    39.00000    90.00000   360.00000     0.01788    90.00000   360.00000     0.01788
    39.10000    90.00000   360.00000     0.01801    90.00000   360.00000     0.01801
    39.20000    90.00000   360.00000     0.01814    90.00000   360.00000     0.01814
    39.30000    90.00000   360.00000     0.01826    90.00000   360.00000     0.01826
    39.40000    90.00000   360.00000     0.01839    90.00000   360.00000     0.01839
    39.50000    90.00000   360.00000     0.01852    90.00000   360.00000     0.01852
    39.60000    90.00000   360.00000     0.01865    90.00000   360.00000     0.01865
    39.70000    90.00000   360.00000     0.01877    90.00000   360.00000     0.01877
    39.80000    90.00000   360.00000     0.01890    90.00000   360.00000     0.01890
    39.90000    90.00000   360.00000     0.01903    90.00000   360.00000     0.01903
    40.00000    90.00000   360.00000     0.01915    90.00000   360.00000     0.01915
