 # applied field (T), theta (degree), phi (degree), abs for RE 1-2
     0.00000     0.00000     0.00000     4.70501     0.00000     0.00000     0.00000
     0.10000     0.26907   360.00000     4.70501     0.00000     0.00000     0.00000
     0.20000     0.53815   360.00000     4.70500     0.00000     0.00000     0.00000
     0.30000     0.80726   360.00000     4.70500     0.00000     0.00000     0.00000
     0.40000     1.03212   360.00000     4.70499     0.00000     0.00000     0.00000
     0.50000     1.30132   360.00000     4.70497     0.00000     0.00000     0.00000
     0.60000     1.57058   360.00000     4.70495     0.00000     0.00000     0.00000
     0.70000     1.83992   360.00000     4.70493     0.00000     0.00000     0.00000
     0.80000     2.10935   360.00000     4.70491     0.00000     0.00000     0.00000
     0.90000     2.37889   360.00000     4.70488     0.00000     0.00000     0.00000
     1.00000     2.64854   360.00000     4.70485     0.00000     0.00000     0.00000
     1.10000     2.91833   360.00000     4.70481     0.00000     0.00000     0.00000
     1.20000     3.14384   360.00000     4.70478     0.00000     0.00000     0.00000
     1.30000     3.41391   360.00000     4.70474     0.00000     0.00000     0.00000
     1.40000     3.68415   360.00000     4.70470     0.00000     0.00000     0.00000
     1.50000     3.95457   360.00000     4.70465     0.00000     0.00000     0.00000
     1.60000     4.22519   360.00000     4.70460     0.00000     0.00000     0.00000
     1.70000     4.49603   360.00000     4.70454     0.00000     0.00000     0.00000
     1.80000     4.76708   360.00000     4.70448     0.00000     0.00000     0.00000
     1.90000     5.03838   360.00000     4.70442     0.00000     0.00000     0.00000
     2.00000     5.30993   360.00000     4.70436     0.00000     0.00000     0.00000
     2.10000     5.58174   360.00000     4.70429     0.00000     0.00000     0.00000
     2.20000     5.85383   360.00000     4.70422     0.00000     0.00000     0.00000
     2.30000     6.12621   360.00000     4.70414     0.00000     0.00000     0.00000
     2.40000     6.35400   360.00000     4.70408     0.00000     0.00000     0.00000
     2.50000     6.62695   360.00000     4.70400     0.00000     0.00000     0.00000
     2.60000     6.90023   360.00000     4.70391     0.00000     0.00000     0.00000
     2.70000     7.17385   360.00000     4.70383     0.00000     0.00000     0.00000
     2.80000     7.44783   360.00000     4.70374     0.00000     0.00000     0.00000
     2.90000     7.72218   360.00000     4.70364     0.00000     0.00000     0.00000
     3.00000     8.04215   360.00000     4.70353     0.00000     0.00000     0.00000
     3.10000     8.31734   360.00000     4.70343     0.00000     0.00000     0.00000
     3.20000     8.59294   360.00000     4.70332     0.00000     0.00000     0.00000
     3.30000     8.86896   360.00000     4.70322     0.00000     0.00000     0.00000
     3.40000     9.14542   360.00000     4.70311     0.00000     0.00000     0.00000
     3.50000     9.42232   360.00000     4.70299     0.00000     0.00000     0.00000
     3.60000     9.69969   360.00000     4.70288     0.00000     0.00000     0.00000
     3.70000     9.97754   360.00000     4.70276     0.00000     0.00000     0.00000
     3.80000    10.25587   360.00000     4.70263     0.00000     0.00000     0.00000
     3.90000    10.53470   360.00000     4.70251     0.00000     0.00000     0.00000
     4.00000    10.86006   360.00000     4.70236     0.00000     0.00000     0.00000
     4.10000    11.14002   360.00000     4.70222     0.00000     0.00000     0.00000
     4.20000    11.42052   360.00000     4.70209     0.00000     0.00000     0.00000
     4.30000    11.70157   360.00000     4.70195     0.00000     0.00000     0.00000
     4.40000    12.02959   360.00000     4.70178     0.00000     0.00000     0.00000
     4.50000    12.31188   360.00000     4.70163     0.00000     0.00000     0.00000
     4.60000    12.59476   360.00000     4.70148     0.00000     0.00000     0.00000
     4.70000    12.92497   360.00000     4.70131     0.00000     0.00000     0.00000
     4.80000    13.20917   360.00000     4.70115     0.00000     0.00000     0.00000
     4.90000    13.49401   360.00000     4.70099     0.00000     0.00000     0.00000
     5.00000    13.82653   360.00000     4.70081     0.00000     0.00000     0.00000
     5.10000    14.11278   360.00000     4.70064     0.00000     0.00000     0.00000
     5.20000    14.44697   360.00000     4.70045     0.00000     0.00000     0.00000
     5.30000    14.73467   360.00000     4.70028     0.00000     0.00000     0.00000
     5.40000    15.07060   360.00000     4.70007     0.00000     0.00000     0.00000
     5.50000    15.35982   360.00000     4.69990     0.00000     0.00000     0.00000
     5.60000    15.69754   360.00000     4.69969     0.00000     0.00000     0.00000
     5.70000    16.03626   360.00000     4.69947     0.00000     0.00000     0.00000
     5.80000    16.32791   360.00000     4.69929     0.00000     0.00000     0.00000
     5.90000    16.66852   360.00000     4.69907     0.00000     0.00000     0.00000
     6.00000    17.01016   360.00000     4.69885     0.00000     0.00000     0.00000
     6.10000    17.30436   360.00000     4.69865     0.00000     0.00000     0.00000
     6.20000    17.64799   360.00000     4.69842     0.00000     0.00000     0.00000
     6.30000    17.99270   360.00000     4.69819     0.00000     0.00000     0.00000
     6.40000    18.33852   360.00000     4.69795     0.00000     0.00000     0.00000
     6.50000    18.68546   360.00000     4.69771     0.00000     0.00000     0.00000
     6.60000    19.03353   360.00000     4.69747     0.00000     0.00000     0.00000
     6.70000    19.38275   360.00000     4.69723     0.00000     0.00000     0.00000
     6.80000    19.73313   360.00000     4.69698     0.00000     0.00000     0.00000
     6.90000    20.08469   360.00000     4.69673     0.00000     0.00000     0.00000
     7.00000    20.48741   360.00000     4.69644     0.00000     0.00000     0.00000
     7.10000    20.84155   360.00000     4.69618     0.00000     0.00000     0.00000
     7.20000    21.19690   360.00000     4.69592     0.00000     0.00000     0.00000
     7.30000    21.60400   360.00000     4.69562     0.00000     0.00000     0.00000
     7.40000    21.96201   360.00000     4.69536     0.00000     0.00000     0.00000
     7.50000    22.37218   360.00000     4.69506     0.00000     0.00000     0.00000
     7.60000    22.73290   360.00000     4.69479     0.00000     0.00000     0.00000
     7.70000    23.14619   360.00000     4.69448     0.00000     0.00000     0.00000
     7.80000    23.56117   360.00000     4.69416     0.00000     0.00000     0.00000
     7.90000    23.97786   360.00000     4.69385     0.00000     0.00000     0.00000
     8.00000    24.39626   360.00000     4.69353     0.00000     0.00000     0.00000
     8.10000    24.81639   360.00000     4.69321     0.00000     0.00000     0.00000
     8.20000    25.23826   360.00000     4.69289     0.00000     0.00000     0.00000
     8.30000    25.66188   360.00000     4.69257     0.00000     0.00000     0.00000
     8.40000    26.08727   360.00000     4.69225     0.00000     0.00000     0.00000
     8.50000    26.56748   360.00000     4.69188     0.00000     0.00000     0.00000
     8.60000    26.99664   360.00000     4.69155     0.00000     0.00000     0.00000
     8.70000    27.48111   360.00000     4.69119     0.00000     0.00000     0.00000
     8.80000    27.96785   360.00000     4.69082     0.00000     0.00000     0.00000
     8.90000    28.45687   360.00000     4.69045     0.00000     0.00000     0.00000
     9.00000    28.94817   360.00000     4.69008     0.00000     0.00000     0.00000
     9.10000    29.44175   360.00000     4.68971     0.00000     0.00000     0.00000
     9.20000    29.99243   360.00000     4.68930     0.00000     0.00000     0.00000
     9.30000    30.54594   360.00000     4.68889     0.00000     0.00000     0.00000
     9.40000    31.04688   360.00000     4.68852     0.00000     0.00000     0.00000
     9.50000    31.60574   360.00000     4.68812     0.00000     0.00000     0.00000
     9.60000    32.22334   360.00000     4.68767     0.00000     0.00000     0.00000
     9.70000    32.78808   360.00000     4.68727     0.00000     0.00000     0.00000
     9.80000    33.41211   360.00000     4.68683     0.00000     0.00000     0.00000
     9.90000    34.03949   360.00000     4.68639     0.00000     0.00000     0.00000
    10.00000    34.72733   360.00000     4.68593     0.00000     0.00000     0.00000
    10.10000    35.36159   360.00000     4.68550     0.00000     0.00000     0.00000
    10.20000    36.05688   360.00000     4.68504     0.00000     0.00000     0.00000
    10.30000    36.81409   360.00000     4.68455     0.00000     0.00000     0.00000
    10.40000    37.57570   360.00000     4.68408     0.00000     0.00000     0.00000
    10.50000    38.34163   360.00000     4.68361     0.00000     0.00000     0.00000
    10.60000    39.17094   360.00000     4.68311     0.00000     0.00000     0.00000
    10.70000    40.06455   360.00000     4.68260     0.00000     0.00000     0.00000
    10.80000    40.96353   360.00000     4.68210     0.00000     0.00000     0.00000
    10.90000    41.92794   360.00000     4.68159     0.00000     0.00000     0.00000
    11.00000    42.89807   360.00000     4.68110     0.00000     0.00000     0.00000
    11.10000    43.99561   360.00000     4.68057     0.00000     0.00000     0.00000
    11.20000    45.16115   360.00000     4.68003     0.00000     0.00000     0.00000
    11.30000    46.45720   360.00000     4.67948     0.00000     0.00000     0.00000
    11.40000    47.82347   360.00000     4.67895     0.00000     0.00000     0.00000
    11.50000    49.32306   360.00000     4.67841     0.00000     0.00000     0.00000
    11.60000    50.95752   360.00000     4.67788     0.00000     0.00000     0.00000
    11.70000    52.85485   360.00000     4.67733     0.00000     0.00000     0.00000
    11.80000    54.95468   360.00000     4.67681     0.00000     0.00000     0.00000
    11.90000    57.38690   360.00000     4.67631     0.00000     0.00000     0.00000
    12.00000    60.28368   360.00000     4.67582     0.00000     0.00000     0.00000
    12.10000    63.77895   360.00000     4.67537     0.00000     0.00000     0.00000
    12.20000    68.13807   360.00000     4.67497     0.00000     0.00000     0.00000
    12.30000    73.82555   360.00000     4.67460     0.00000     0.00000     0.00000
    12.40000    82.82279   360.00000     4.67426     0.00000     0.00000     0.00000
    12.50000    90.00000   360.00000     4.67416     0.00000     0.00000     0.00000
    12.60000    90.00000   360.00000     4.67414     0.00000     0.00000     0.00000
    12.70000    90.00000   360.00000     4.67411     0.00000     0.00000     0.00000
    12.80000    90.00000   360.00000     4.67409     0.00000     0.00000     0.00000
    12.90000    90.00000   360.00000     4.67407     0.00000     0.00000     0.00000
    13.00000    90.00000   360.00000     4.67405     0.00000     0.00000     0.00000
    13.10000    90.00000   360.00000     4.67403     0.00000     0.00000     0.00000
    13.20000    90.00000   360.00000     4.67401     0.00000     0.00000     0.00000
    13.30000    90.00000   360.00000     4.67398     0.00000     0.00000     0.00000
    13.40000    90.00000   360.00000     4.67396     0.00000     0.00000     0.00000
    13.50000    90.00000   360.00000     4.67394     0.00000     0.00000     0.00000
    13.60000    90.00000   360.00000     4.67392     0.00000     0.00000     0.00000
    13.70000    90.00000   360.00000     4.67390     0.00000     0.00000     0.00000
    13.80000    90.00000   360.00000     4.67387     0.00000     0.00000     0.00000
    13.90000    90.00000   360.00000     4.67385     0.00000     0.00000     0.00000
    14.00000    90.00000   360.00000     4.67383     0.00000     0.00000     0.00000
    14.10000    90.00000   360.00000     4.67381     0.00000     0.00000     0.00000
    14.20000    90.00000   360.00000     4.67379     0.00000     0.00000     0.00000
    14.30000    90.00000   360.00000     4.67377     0.00000     0.00000     0.00000
    14.40000    90.00000   360.00000     4.67374     0.00000     0.00000     0.00000
    14.50000    90.00000   360.00000     4.67372     0.00000     0.00000     0.00000
    14.60000    90.00000   360.00000     4.67370     0.00000     0.00000     0.00000
    14.70000    90.00000   360.00000     4.67368     0.00000     0.00000     0.00000
    14.80000    90.00000   360.00000     4.67366     0.00000     0.00000     0.00000
    14.90000    90.00000   360.00000     4.67363     0.00000     0.00000     0.00000
    15.00000    90.00000   360.00000     4.67361     0.00000     0.00000     0.00000
    15.10000    90.00000   360.00000     4.67359     0.00000     0.00000     0.00000
    15.20000    90.00000   360.00000     4.67357     0.00000     0.00000     0.00000
    15.30000    90.00000   360.00000     4.67355     0.00000     0.00000     0.00000
    15.40000    90.00000   360.00000     4.67353     0.00000     0.00000     0.00000
    15.50000    90.00000   360.00000     4.67350     0.00000     0.00000     0.00000
    15.60000    90.00000   360.00000     4.67348     0.00000     0.00000     0.00000
    15.70000    90.00000   360.00000     4.67346     0.00000     0.00000     0.00000
    15.80000    90.00000   360.00000     4.67344     0.00000     0.00000     0.00000
    15.90000    90.00000   360.00000     4.67342     0.00000     0.00000     0.00000
    16.00000    90.00000   360.00000     4.67339     0.00000     0.00000     0.00000
    16.10000    90.00000   360.00000     4.67337     0.00000     0.00000     0.00000
    16.20000    90.00000   360.00000     4.67335     0.00000     0.00000     0.00000
    16.30000    90.00000   360.00000     4.67333     0.00000     0.00000     0.00000
    16.40000    90.00000   360.00000     4.67331     0.00000     0.00000     0.00000
    16.50000    90.00000   360.00000     4.67328     0.00000     0.00000     0.00000
    16.60000    90.00000   360.00000     4.67326     0.00000     0.00000     0.00000
    16.70000    90.00000   360.00000     4.67324     0.00000     0.00000     0.00000
    16.80000    90.00000   360.00000     4.67322     0.00000     0.00000     0.00000
    16.90000    90.00000   360.00000     4.67320     0.00000     0.00000     0.00000
    17.00000    90.00000   360.00000     4.67318     0.00000     0.00000     0.00000
    17.10000    90.00000   360.00000     4.67315     0.00000     0.00000     0.00000
    17.20000    90.00000   360.00000     4.67313     0.00000     0.00000     0.00000
    17.30000    90.00000   360.00000     4.67311     0.00000     0.00000     0.00000
    17.40000    90.00000   360.00000     4.67309     0.00000     0.00000     0.00000
    17.50000    90.00000   360.00000     4.67307     0.00000     0.00000     0.00000
    17.60000    90.00000   360.00000     4.67304     0.00000     0.00000     0.00000
    17.70000    90.00000   360.00000     4.67302     0.00000     0.00000     0.00000
    17.80000    90.00000   360.00000     4.67300     0.00000     0.00000     0.00000
    17.90000    90.00000   360.00000     4.67298     0.00000     0.00000     0.00000
    18.00000    90.00000   360.00000     4.67296     0.00000     0.00000     0.00000
    18.10000    90.00000   360.00000     4.67293     0.00000     0.00000     0.00000
    18.20000    90.00000   360.00000     4.67291     0.00000     0.00000     0.00000
    18.30000    90.00000   360.00000     4.67289     0.00000     0.00000     0.00000
    18.40000    90.00000   360.00000     4.67287     0.00000     0.00000     0.00000
    18.50000    90.00000   360.00000     4.67285     0.00000     0.00000     0.00000
    18.60000    90.00000   360.00000     4.67282     0.00000     0.00000     0.00000
    18.70000    90.00000   360.00000     4.67280     0.00000     0.00000     0.00000
    18.80000    90.00000   360.00000     4.67278     0.00000     0.00000     0.00000
    18.90000    90.00000   360.00000     4.67276     0.00000     0.00000     0.00000
    19.00000    90.00000   360.00000     4.67274     0.00000     0.00000     0.00000
    19.10000    90.00000   360.00000     4.67271     0.00000     0.00000     0.00000
    19.20000    90.00000   360.00000     4.67269     0.00000     0.00000     0.00000
    19.30000    90.00000   360.00000     4.67267     0.00000     0.00000     0.00000
    19.40000    90.00000   360.00000     4.67265     0.00000     0.00000     0.00000
    19.50000    90.00000   360.00000     4.67263     0.00000     0.00000     0.00000
    19.60000    90.00000   360.00000     4.67260     0.00000     0.00000     0.00000
    19.70000    90.00000   360.00000     4.67258     0.00000     0.00000     0.00000
    19.80000    90.00000   360.00000     4.67256     0.00000     0.00000     0.00000
    19.90000    90.00000   360.00000     4.67254     0.00000     0.00000     0.00000
    20.00000    90.00000   360.00000     4.67252     0.00000     0.00000     0.00000
    20.10000    90.00000   360.00000     4.67249     0.00000     0.00000     0.00000
    20.20000    90.00000   360.00000     4.67247     0.00000     0.00000     0.00000
    20.30000    90.00000   360.00000     4.67245     0.00000     0.00000     0.00000
    20.40000    90.00000   360.00000     4.67243     0.00000     0.00000     0.00000
    20.50000    90.00000   360.00000     4.67241     0.00000     0.00000     0.00000
    20.60000    90.00000   360.00000     4.67238     0.00000     0.00000     0.00000
    20.70000    90.00000   360.00000     4.67236     0.00000     0.00000     0.00000
    20.80000    90.00000   360.00000     4.67234     0.00000     0.00000     0.00000
    20.90000    90.00000   360.00000     4.67232     0.00000     0.00000     0.00000
    21.00000    90.00000   360.00000     4.67230     0.00000     0.00000     0.00000
    21.10000    90.00000   360.00000     4.67227     0.00000     0.00000     0.00000
    21.20000    90.00000   360.00000     4.67225     0.00000     0.00000     0.00000
    21.30000    90.00000   360.00000     4.67223     0.00000     0.00000     0.00000
    21.40000    90.00000   360.00000     4.67221     0.00000     0.00000     0.00000
    21.50000    90.00000   360.00000     4.67219     0.00000     0.00000     0.00000
    21.60000    90.00000   360.00000     4.67216     0.00000     0.00000     0.00000
    21.70000    90.00000   360.00000     4.67214     0.00000     0.00000     0.00000
    21.80000    90.00000   360.00000     4.67212     0.00000     0.00000     0.00000
    21.90000    90.00000   360.00000     4.67210     0.00000     0.00000     0.00000
    22.00000    90.00000   360.00000     4.67208     0.00000     0.00000     0.00000
    22.10000    90.00000   360.00000     4.67205     0.00000     0.00000     0.00000
    22.20000    90.00000   360.00000     4.67203     0.00000     0.00000     0.00000
    22.30000    90.00000   360.00000     4.67201     0.00000     0.00000     0.00000
    22.40000    90.00000   360.00000     4.67199     0.00000     0.00000     0.00000
    22.50000    90.00000   360.00000     4.67197     0.00000     0.00000     0.00000
    22.60000    90.00000   360.00000     4.67194     0.00000     0.00000     0.00000
    22.70000    90.00000   360.00000     4.67192     0.00000     0.00000     0.00000
    22.80000    90.00000   360.00000     4.67190     0.00000     0.00000     0.00000
    22.90000    90.00000   360.00000     4.67188     0.00000     0.00000     0.00000
    23.00000    90.00000   360.00000     4.67186     0.00000     0.00000     0.00000
    23.10000    90.00000   360.00000     4.67183     0.00000     0.00000     0.00000
    23.20000    90.00000   360.00000     4.67181     0.00000     0.00000     0.00000
    23.30000    90.00000   360.00000     4.67179     0.00000     0.00000     0.00000
    23.40000    90.00000   360.00000     4.67177     0.00000     0.00000     0.00000
    23.50000    90.00000   360.00000     4.67174     0.00000     0.00000     0.00000
    23.60000    90.00000   360.00000     4.67172     0.00000     0.00000     0.00000
    23.70000    90.00000   360.00000     4.67170     0.00000     0.00000     0.00000
    23.80000    90.00000   360.00000     4.67168     0.00000     0.00000     0.00000
    23.90000    90.00000   360.00000     4.67166     0.00000     0.00000     0.00000
    24.00000    90.00000   360.00000     4.67163     0.00000     0.00000     0.00000
    24.10000    90.00000   360.00000     4.67161     0.00000     0.00000     0.00000
    24.20000    90.00000   360.00000     4.67159     0.00000     0.00000     0.00000
    24.30000    90.00000   360.00000     4.67157     0.00000     0.00000     0.00000
    24.40000    90.00000   360.00000     4.67155     0.00000     0.00000     0.00000
    24.50000    90.00000   360.00000     4.67152     0.00000     0.00000     0.00000
    24.60000    90.00000   360.00000     4.67150     0.00000     0.00000     0.00000
    24.70000    90.00000   360.00000     4.67148     0.00000     0.00000     0.00000
    24.80000    90.00000   360.00000     4.67146     0.00000     0.00000     0.00000
    24.90000    90.00000   360.00000     4.67143     0.00000     0.00000     0.00000
    25.00000    90.00000   360.00000     4.67141     0.00000     0.00000     0.00000
    25.10000    90.00000   360.00000     4.67139     0.00000     0.00000     0.00000
    25.20000    90.00000   360.00000     4.67137     0.00000     0.00000     0.00000
    25.30000    90.00000   360.00000     4.67135     0.00000     0.00000     0.00000
    25.40000    90.00000   360.00000     4.67132     0.00000     0.00000     0.00000
    25.50000    90.00000   360.00000     4.67130     0.00000     0.00000     0.00000
    25.60000    90.00000   360.00000     4.67128     0.00000     0.00000     0.00000
    25.70000    90.00000   360.00000     4.67126     0.00000     0.00000     0.00000
    25.80000    90.00000   360.00000     4.67124     0.00000     0.00000     0.00000
    25.90000    90.00000   360.00000     4.67121     0.00000     0.00000     0.00000
    26.00000    90.00000   360.00000     4.67119     0.00000     0.00000     0.00000
    26.10000    90.00000   360.00000     4.67117     0.00000     0.00000     0.00000
    26.20000    90.00000   360.00000     4.67115     0.00000     0.00000     0.00000
    26.30000    90.00000   360.00000     4.67112     0.00000     0.00000     0.00000
    26.40000    90.00000   360.00000     4.67110     0.00000     0.00000     0.00000
    26.50000    90.00000   360.00000     4.67108     0.00000     0.00000     0.00000
    26.60000    90.00000   360.00000     4.67106     0.00000     0.00000     0.00000
    26.70000    90.00000   360.00000     4.67104     0.00000     0.00000     0.00000
    26.80000    90.00000   360.00000     4.67101     0.00000     0.00000     0.00000
    26.90000    90.00000   360.00000     4.67099     0.00000     0.00000     0.00000
    27.00000    90.00000   360.00000     4.67097     0.00000     0.00000     0.00000
    27.10000    90.00000   360.00000     4.67095     0.00000     0.00000     0.00000
    27.20000    90.00000   360.00000     4.67092     0.00000     0.00000     0.00000
    27.30000    90.00000   360.00000     4.67090     0.00000     0.00000     0.00000
    27.40000    90.00000   360.00000     4.67088     0.00000     0.00000     0.00000
    27.50000    90.00000   360.00000     4.67086     0.00000     0.00000     0.00000
    27.60000    90.00000   360.00000     4.67084     0.00000     0.00000     0.00000
    27.70000    90.00000   360.00000     4.67081     0.00000     0.00000     0.00000
    27.80000    90.00000   360.00000     4.67079     0.00000     0.00000     0.00000
    27.90000    90.00000   360.00000     4.67077     0.00000     0.00000     0.00000
    28.00000    90.00000   360.00000     4.67075     0.00000     0.00000     0.00000
    28.10000    90.00000   360.00000     4.67072     0.00000     0.00000     0.00000
    28.20000    90.00000   360.00000     4.67070     0.00000     0.00000     0.00000
    28.30000    90.00000   360.00000     4.67068     0.00000     0.00000     0.00000
    28.40000    90.00000   360.00000     4.67066     0.00000     0.00000     0.00000
    28.50000    90.00000   360.00000     4.67064     0.00000     0.00000     0.00000
    28.60000    90.00000   360.00000     4.67061     0.00000     0.00000     0.00000
    28.70000    90.00000   360.00000     4.67059     0.00000     0.00000     0.00000
    28.80000    90.00000   360.00000     4.67057     0.00000     0.00000     0.00000
    28.90000    90.00000   360.00000     4.67055     0.00000     0.00000     0.00000
    29.00000    90.00000   360.00000     4.67052     0.00000     0.00000     0.00000
    29.10000    90.00000   360.00000     4.67050     0.00000     0.00000     0.00000
    29.20000    90.00000   360.00000     4.67048     0.00000     0.00000     0.00000
    29.30000    90.00000   360.00000     4.67046     0.00000     0.00000     0.00000
    29.40000    90.00000   360.00000     4.67044     0.00000     0.00000     0.00000
    29.50000    90.00000   360.00000     4.67041     0.00000     0.00000     0.00000
    29.60000    90.00000   360.00000     4.67039     0.00000     0.00000     0.00000
    29.70000    90.00000   360.00000     4.67037     0.00000     0.00000     0.00000
    29.80000    90.00000   360.00000     4.67035     0.00000     0.00000     0.00000
    29.90000    90.00000   360.00000     4.67032     0.00000     0.00000     0.00000
    30.00000    90.00000   360.00000     4.67030     0.00000     0.00000     0.00000
    30.10000    90.00000   360.00000     4.67028     0.00000     0.00000     0.00000
    30.20000    90.00000   360.00000     4.67026     0.00000     0.00000     0.00000
    30.30000    90.00000   360.00000     4.67023     0.00000     0.00000     0.00000
    30.40000    90.00000   360.00000     4.67021     0.00000     0.00000     0.00000
    30.50000    90.00000   360.00000     4.67019     0.00000     0.00000     0.00000
    30.60000    90.00000   360.00000     4.67017     0.00000     0.00000     0.00000
    30.70000    90.00000   360.00000     4.67015     0.00000     0.00000     0.00000
    30.80000    90.00000   360.00000     4.67012     0.00000     0.00000     0.00000
    30.90000    90.00000   360.00000     4.67010     0.00000     0.00000     0.00000
    31.00000    90.00000   360.00000     4.67008     0.00000     0.00000     0.00000
    31.10000    90.00000   360.00000     4.67006     0.00000     0.00000     0.00000
    31.20000    90.00000   360.00000     4.67003     0.00000     0.00000     0.00000
    31.30000    90.00000   360.00000     4.67001     0.00000     0.00000     0.00000
    31.40000    90.00000   360.00000     4.66999     0.00000     0.00000     0.00000
    31.50000    90.00000   360.00000     4.66997     0.00000     0.00000     0.00000
    31.60000    90.00000   360.00000     4.66994     0.00000     0.00000     0.00000
    31.70000    90.00000   360.00000     4.66992     0.00000     0.00000     0.00000
    31.80000    90.00000   360.00000     4.66990     0.00000     0.00000     0.00000
    31.90000    90.00000   360.00000     4.66988     0.00000     0.00000     0.00000
    32.00000    90.00000   360.00000     4.66985     0.00000     0.00000     0.00000
    32.10000    90.00000   360.00000     4.66983     0.00000     0.00000     0.00000
    32.20000    90.00000   360.00000     4.66981     0.00000     0.00000     0.00000
    32.30000    90.00000   360.00000     4.66979     0.00000     0.00000     0.00000
    32.40000    90.00000   360.00000     4.66977     0.00000     0.00000     0.00000
    32.50000    90.00000   360.00000     4.66974     0.00000     0.00000     0.00000
    32.60000    90.00000   360.00000     4.66972     0.00000     0.00000     0.00000
    32.70000    90.00000   360.00000     4.66970     0.00000     0.00000     0.00000
    32.80000    90.00000   360.00000     4.66968     0.00000     0.00000     0.00000
    32.90000    90.00000   360.00000     4.66965     0.00000     0.00000     0.00000
    33.00000    90.00000   360.00000     4.66963     0.00000     0.00000     0.00000
    33.10000    90.00000   360.00000     4.66961     0.00000     0.00000     0.00000
    33.20000    90.00000   360.00000     4.66959     0.00000     0.00000     0.00000
    33.30000    90.00000   360.00000     4.66956     0.00000     0.00000     0.00000
    33.40000    90.00000   360.00000     4.66954     0.00000     0.00000     0.00000
    33.50000    90.00000   360.00000     4.66952     0.00000     0.00000     0.00000
    33.60000    90.00000   360.00000     4.66950     0.00000     0.00000     0.00000
    33.70000    90.00000   360.00000     4.66947     0.00000     0.00000     0.00000
    33.80000    90.00000   360.00000     4.66945     0.00000     0.00000     0.00000
    33.90000    90.00000   360.00000     4.66943     0.00000     0.00000     0.00000
    34.00000    90.00000   360.00000     4.66941     0.00000     0.00000     0.00000
    34.10000    90.00000   360.00000     4.66938     0.00000     0.00000     0.00000
    34.20000    90.00000   360.00000     4.66936     0.00000     0.00000     0.00000
    34.30000    90.00000   360.00000     4.66934     0.00000     0.00000     0.00000
    34.40000    90.00000   360.00000     4.66932     0.00000     0.00000     0.00000
    34.50000    90.00000   360.00000     4.66929     0.00000     0.00000     0.00000
    34.60000    90.00000   360.00000     4.66927     0.00000     0.00000     0.00000
    34.70000    90.00000   360.00000     4.66925     0.00000     0.00000     0.00000
    34.80000    90.00000   360.00000     4.66923     0.00000     0.00000     0.00000
    34.90000    90.00000   360.00000     4.66921     0.00000     0.00000     0.00000
    35.00000    90.00000   360.00000     4.66918     0.00000     0.00000     0.00000
    35.10000    90.00000   360.00000     4.66916     0.00000     0.00000     0.00000
    35.20000    90.00000   360.00000     4.66914     0.00000     0.00000     0.00000
    35.30000    90.00000   360.00000     4.66912     0.00000     0.00000     0.00000
    35.40000    90.00000   360.00000     4.66909     0.00000     0.00000     0.00000
    35.50000    90.00000   360.00000     4.66907     0.00000     0.00000     0.00000
    35.60000    90.00000   360.00000     4.66905     0.00000     0.00000     0.00000
    35.70000    90.00000   360.00000     4.66903     0.00000     0.00000     0.00000
    35.80000    90.00000   360.00000     4.66900     0.00000     0.00000     0.00000
    35.90000    90.00000   360.00000     4.66898     0.00000     0.00000     0.00000
    36.00000    90.00000   360.00000     4.66896     0.00000     0.00000     0.00000
    36.10000    90.00000   360.00000     4.66894     0.00000     0.00000     0.00000
    36.20000    90.00000   360.00000     4.66891     0.00000     0.00000     0.00000
    36.30000    90.00000   360.00000     4.66889     0.00000     0.00000     0.00000
    36.40000    90.00000   360.00000     4.66887     0.00000     0.00000     0.00000
    36.50000    90.00000   360.00000     4.66885     0.00000     0.00000     0.00000
    36.60000    90.00000   360.00000     4.66882     0.00000     0.00000     0.00000
    36.70000    90.00000   360.00000     4.66880     0.00000     0.00000     0.00000
    36.80000    90.00000   360.00000     4.66878     0.00000     0.00000     0.00000
    36.90000    90.00000   360.00000     4.66876     0.00000     0.00000     0.00000
    37.00000    90.00000   360.00000     4.66873     0.00000     0.00000     0.00000
    37.10000    90.00000   360.00000     4.66871     0.00000     0.00000     0.00000
    37.20000    90.00000   360.00000     4.66869     0.00000     0.00000     0.00000
    37.30000    90.00000   360.00000     4.66867     0.00000     0.00000     0.00000
    37.40000    90.00000   360.00000     4.66864     0.00000     0.00000     0.00000
    37.50000    90.00000   360.00000     4.66862     0.00000     0.00000     0.00000
    37.60000    90.00000   360.00000     4.66860     0.00000     0.00000     0.00000
    37.70000    90.00000   360.00000     4.66858     0.00000     0.00000     0.00000
    37.80000    90.00000   360.00000     4.66855     0.00000     0.00000     0.00000
    37.90000    90.00000   360.00000     4.66853     0.00000     0.00000     0.00000
    38.00000    90.00000   360.00000     4.66851     0.00000     0.00000     0.00000
    38.10000    90.00000   360.00000     4.66849     0.00000     0.00000     0.00000
    38.20000    90.00000   360.00000     4.66846     0.00000     0.00000     0.00000
    38.30000    90.00000   360.00000     4.66844     0.00000     0.00000     0.00000
    38.40000    90.00000   360.00000     4.66842     0.00000     0.00000     0.00000
    38.50000    90.00000   360.00000     4.66839     0.00000     0.00000     0.00000
    38.60000    90.00000   360.00000     4.66837     0.00000     0.00000     0.00000
    38.70000    90.00000   360.00000     4.66835     0.00000     0.00000     0.00000
    38.80000    90.00000   360.00000     4.66833     0.00000     0.00000     0.00000
    38.90000    90.00000   360.00000     4.66830     0.00000     0.00000     0.00000
    39.00000    90.00000   360.00000     4.66828     0.00000     0.00000     0.00000
    39.10000    90.00000   360.00000     4.66826     0.00000     0.00000     0.00000
    39.20000    90.00000   360.00000     4.66824     0.00000     0.00000     0.00000
    39.30000    90.00000   360.00000     4.66821     0.00000     0.00000     0.00000
    39.40000    90.00000   360.00000     4.66819     0.00000     0.00000     0.00000
    39.50000    90.00000   360.00000     4.66817     0.00000     0.00000     0.00000
    39.60000    90.00000   360.00000     4.66815     0.00000     0.00000     0.00000
    39.70000    90.00000   360.00000     4.66812     0.00000     0.00000     0.00000
    39.80000    90.00000   360.00000     4.66810     0.00000     0.00000     0.00000
    39.90000    90.00000   360.00000     4.66808     0.00000     0.00000     0.00000
    40.00000    90.00000   360.00000     4.66806     0.00000     0.00000     0.00000
