 # applied field (T), theta (degree), phi (degree), abs for RE 1-2
     0.00000   180.00000   360.00000     4.02220   180.00000   360.00000     4.02220
     0.10000   179.48822   180.00000     4.02220   179.50347   180.00000     4.02218
     0.20000   179.02763   180.00000     4.02218   179.05660   180.00000     4.02213
     0.30000   178.51577   180.00000     4.02215   178.55997   180.00000     4.02202
     0.40000   178.00382   180.00000     4.02211   178.06325   180.00000     4.02188
     0.50000   177.54300   180.00000     4.02206   177.61612   180.00000     4.02171
     0.60000   177.03082   180.00000     4.02200   177.11911   180.00000     4.02148
     0.70000   176.51846   180.00000     4.02192   176.62191   180.00000     4.02122
     0.80000   176.05719   180.00000     4.02184   176.17426   180.00000     4.02094
     0.90000   175.54443   180.00000     4.02174   175.67659   180.00000     4.02059
     1.00000   175.03141   180.00000     4.02163   175.17862   180.00000     4.02020
     1.10000   174.56948   180.00000     4.02152   174.73021   180.00000     4.01981
     1.20000   174.05590   180.00000     4.02139   174.23158   180.00000     4.01934
     1.30000   173.54198   180.00000     4.02125   173.73257   180.00000     4.01883
     1.40000   173.02770   180.00000     4.02109   173.23313   180.00000     4.01827
     1.50000   172.51302   180.00000     4.02093   172.73323   180.00000     4.01768
     1.60000   172.04948   180.00000     4.02077   172.28294   180.00000     4.01711
     1.70000   171.53398   180.00000     4.02059   171.78208   180.00000     4.01644
     1.80000   171.01800   180.00000     4.02040   171.28067   180.00000     4.01573
     1.90000   170.50153   180.00000     4.02019   170.77867   180.00000     4.01497
     2.00000   169.98453   180.00000     4.01998   170.27606   180.00000     4.01418
     2.10000   169.46698   180.00000     4.01976   169.77280   180.00000     4.01335
     2.20000   168.94885   180.00000     4.01953   169.26887   180.00000     4.01248
     2.30000   168.43011   180.00000     4.01929   168.76422   180.00000     4.01158
     2.40000   167.91075   180.00000     4.01905   168.25884   180.00000     4.01063
     2.50000   167.39074   180.00000     4.01880   167.75269   180.00000     4.00965
     2.60000   166.87005   180.00000     4.01854   167.24574   180.00000     4.00863
     2.70000   166.29645   180.00000     4.01824   166.68711   180.00000     4.00746
     2.80000   165.77427   180.00000     4.01797   166.17838   180.00000     4.00637
     2.90000   165.25133   180.00000     4.01769   165.66877   180.00000     4.00524
     3.00000   164.72762   180.00000     4.01741   165.15825   180.00000     4.00407
     3.10000   164.15061   180.00000     4.01709   164.59555   180.00000     4.00275
     3.20000   163.62522   180.00000     4.01679   164.08301   180.00000     4.00151
     3.30000   163.04630   180.00000     4.01646   163.51804   180.00000     4.00011
     3.40000   162.51912   180.00000     4.01616   163.00337   180.00000     3.99880
     3.50000   161.93820   180.00000     4.01582   162.43599   180.00000     3.99733
     3.60000   161.35620   180.00000     4.01548   161.86731   180.00000     3.99581
     3.70000   160.77308   180.00000     4.01513   161.29728   180.00000     3.99426
     3.80000   160.24202   180.00000     4.01481   160.77791   180.00000     3.99282
     3.90000   159.65672   180.00000     4.01446   160.20524   180.00000     3.99120
     4.00000   159.07026   180.00000     4.01410   159.63115   180.00000     3.98955
     4.10000   158.48260   180.00000     4.01374   159.05559   180.00000     3.98787
     4.20000   157.84012   180.00000     4.01335   158.42600   180.00000     3.98599
     4.30000   157.24990   180.00000     4.01299   157.84731   180.00000     3.98424
     4.40000   156.65843   180.00000     4.01262   157.26708   180.00000     3.98246
     4.50000   156.01174   180.00000     4.01222   156.63229   180.00000     3.98048
     4.60000   155.41761   180.00000     4.01186   156.04876   180.00000     3.97864
     4.70000   154.76797   180.00000     4.01146   155.41031   180.00000     3.97660
     4.80000   154.11678   180.00000     4.01105   154.76992   180.00000     3.97452
     4.90000   153.46400   180.00000     4.01065   154.12754   180.00000     3.97242
     5.00000   152.80964   180.00000     4.01024   153.48317   180.00000     3.97030
     5.10000   152.15367   180.00000     4.00984   152.83677   180.00000     3.96814
     5.20000   151.49608   180.00000     4.00943   152.18831   180.00000     3.96596
     5.30000   150.78184   180.00000     4.00898   151.48348   180.00000     3.96358
     5.40000   150.12084   180.00000     4.00857   150.83069   180.00000     3.96135
     5.50000   149.40290   180.00000     4.00812   150.12111   180.00000     3.95891
     5.60000   148.68301   180.00000     4.00766   149.40904   180.00000     3.95646
     5.70000   147.96117   180.00000     4.00720   148.69445   180.00000     3.95398
     5.80000   147.18162   180.00000     4.00670   147.92207   180.00000     3.95130
     5.90000   146.45571   180.00000     4.00622   147.20221   180.00000     3.94879
     6.00000   145.67177   180.00000     4.00570   146.42413   180.00000     3.94607
     6.10000   144.88555   180.00000     4.00518   145.64307   180.00000     3.94334
     6.20000   144.09704   180.00000     4.00463   144.85902   180.00000     3.94060
     6.30000   143.30626   180.00000     4.00408   144.07200   180.00000     3.93785
     6.40000   142.45647   180.00000     4.00347   143.22544   180.00000     3.93490
     6.50000   141.60408   180.00000     4.00284   142.37545   180.00000     3.93194
     6.60000   140.74909   180.00000     4.00218   141.52203   180.00000     3.92899
     6.70000   139.83425   180.00000     4.00146   140.60797   180.00000     3.92584
     6.80000   138.91648   180.00000     4.00071   139.69003   180.00000     3.92270
     6.90000   137.99580   180.00000     3.99992   138.76825   180.00000     3.91957
     7.00000   137.01441   180.00000     3.99904   137.78467   180.00000     3.91626
     7.10000   136.02978   180.00000     3.99812   136.79682   180.00000     3.91297
     7.20000   134.98373   180.00000     3.99710   135.74624   180.00000     3.90951
     7.30000   133.93412   180.00000     3.99602   134.69098   180.00000     3.90609
     7.40000   132.88098   180.00000     3.99488   133.63108   180.00000     3.90270
     7.50000   131.70675   180.00000     3.99354   132.44809   180.00000     3.89898
     7.60000   130.58731   180.00000     3.99220   131.31913   180.00000     3.89551
     7.70000   129.34566   180.00000     3.99063   130.06566   180.00000     3.89173
     7.80000   128.09950   180.00000     3.98898   128.80636   180.00000     3.88803
     7.90000   126.72960   180.00000     3.98706   127.42062   180.00000     3.88406
     8.00000   125.35453   180.00000     3.98504   126.02829   180.00000     3.88021
     8.10000   123.91431   180.00000     3.98283   124.56862   180.00000     3.87630
     8.20000   122.34808   180.00000     3.98032   122.97978   180.00000     3.87221
     8.30000   120.71527   180.00000     3.97760   121.32190   180.00000     3.86814
     8.40000   118.95458   180.00000     3.97458   119.53267   180.00000     3.86396
     8.50000   117.06494   180.00000     3.97125   117.61081   180.00000     3.85974
     8.60000   114.98400   180.00000     3.96753   115.49275   180.00000     3.85541
     8.70000   112.64852   180.00000     3.96337   113.11387   180.00000     3.85096
     8.80000   110.05630   180.00000     3.95884   110.47169   180.00000     3.84652
     8.90000   107.01915   180.00000     3.95382   107.37415   180.00000     3.84200
     9.00000   103.15933   180.00000     3.94816   103.43552   180.00000     3.83734
     9.10000    97.53083   180.00000     3.94199    97.68965   180.00000     3.83268
     9.20000    90.00000   180.00000     3.93879    90.00000   180.00000     3.83042
     9.30000    90.00000   180.00000     3.93877    90.00000   180.00000     3.83042
     9.40000    90.00000   180.00000     3.93876    90.00000   180.00000     3.83042
     9.50000    90.00000   180.00000     3.93875    90.00000   180.00000     3.83042
     9.60000    90.00000   180.00000     3.93873    90.00000   180.00000     3.83042
     9.70000    90.00000   180.00000     3.93872    90.00000   180.00000     3.83042
     9.80000    90.00000   180.00000     3.93871    90.00000   180.00000     3.83042
     9.90000    90.00000   180.00000     3.93869    90.00000   180.00000     3.83042
    10.00000    90.00000   180.00000     3.93868    90.00000   180.00000     3.83042
    10.10000    90.00000   180.00000     3.93867    90.00000   180.00000     3.83042
    10.20000    90.00000   180.00000     3.93865    90.00000   180.00000     3.83042
    10.30000    90.00000   180.00000     3.93864    90.00000   180.00000     3.83043
    10.40000    90.00000   180.00000     3.93862    90.00000   180.00000     3.83043
    10.50000    90.00000   180.00000     3.93861    90.00000   180.00000     3.83043
    10.60000    90.00000   180.00000     3.93860    90.00000   180.00000     3.83043
    10.70000    90.00000   180.00000     3.93858    90.00000   180.00000     3.83043
    10.80000    90.00000   180.00000     3.93857    90.00000   180.00000     3.83043
    10.90000    90.00000   180.00000     3.93856    90.00000   180.00000     3.83043
    11.00000    90.00000   180.00000     3.93854    90.00000   180.00000     3.83043
    11.10000    90.00000   180.00000     3.93853    90.00000   180.00000     3.83043
    11.20000    90.00000   180.00000     3.93852    90.00000   180.00000     3.83043
    11.30000    90.00000   180.00000     3.93850    90.00000   180.00000     3.83043
    11.40000    90.00000   180.00000     3.93849    90.00000   180.00000     3.83043
    11.50000    90.00000   180.00000     3.93847    90.00000   180.00000     3.83043
    11.60000    90.00000   180.00000     3.93846    90.00000   180.00000     3.83043
    11.70000    90.00000   180.00000     3.93845    90.00000   180.00000     3.83043
    11.80000    90.00000   180.00000     3.93843    90.00000   180.00000     3.83043
    11.90000    90.00000   180.00000     3.93842    90.00000   180.00000     3.83043
    12.00000    90.00000   180.00000     3.93840    90.00000   180.00000     3.83043
    12.10000    90.00000   180.00000     3.93839    90.00000   180.00000     3.83043
    12.20000    90.00000   180.00000     3.93838    90.00000   180.00000     3.83043
    12.30000    90.00000   180.00000     3.93836    90.00000   180.00000     3.83043
    12.40000    90.00000   180.00000     3.93835    90.00000   180.00000     3.83043
    12.50000    90.00000   180.00000     3.93833    90.00000   180.00000     3.83043
    12.60000    90.00000   180.00000     3.93832    90.00000   180.00000     3.83043
    12.70000    90.00000   180.00000     3.93831    90.00000   180.00000     3.83043
    12.80000    90.00000   180.00000     3.93829    90.00000   180.00000     3.83043
    12.90000    90.00000   180.00000     3.93828    90.00000   180.00000     3.83043
    13.00000    90.00000   180.00000     3.93826    90.00000   180.00000     3.83043
    13.10000    90.00000   180.00000     3.93825    90.00000   180.00000     3.83043
    13.20000    90.00000   180.00000     3.93824    90.00000   180.00000     3.83043
    13.30000    90.00000   180.00000     3.93822    90.00000   180.00000     3.83043
    13.40000    90.00000   180.00000     3.93821    90.00000   180.00000     3.83043
    13.50000    90.00000   180.00000     3.93819    90.00000   180.00000     3.83043
    13.60000    90.00000   180.00000     3.93818    90.00000   180.00000     3.83043
    13.70000    90.00000   180.00000     3.93817    90.00000   180.00000     3.83043
    13.80000    90.00000   180.00000     3.93815    90.00000   180.00000     3.83043
    13.90000    90.00000   180.00000     3.93814    90.00000   180.00000     3.83043
    14.00000    90.00000   180.00000     3.93812    90.00000   180.00000     3.83043
    14.10000    90.00000   180.00000     3.93811    90.00000   180.00000     3.83043
    14.20000    90.00000   180.00000     3.93809    90.00000   180.00000     3.83043
    14.30000    90.00000   180.00000     3.93808    90.00000   180.00000     3.83043
    14.40000    90.00000   180.00000     3.93807    90.00000   180.00000     3.83043
    14.50000    90.00000   180.00000     3.93805    90.00000   180.00000     3.83043
    14.60000    90.00000   180.00000     3.93804    90.00000   180.00000     3.83043
    14.70000    90.00000   180.00000     3.93802    90.00000   180.00000     3.83043
    14.80000    90.00000   180.00000     3.93801    90.00000   180.00000     3.83043
    14.90000    90.00000   180.00000     3.93799    90.00000   180.00000     3.83043
    15.00000    90.00000   180.00000     3.93798    90.00000   180.00000     3.83043
    15.10000    90.00000   180.00000     3.93797    90.00000   180.00000     3.83043
    15.20000    90.00000   180.00000     3.93795    90.00000   180.00000     3.83043
    15.30000    90.00000   180.00000     3.93794    90.00000   180.00000     3.83043
    15.40000    90.00000   180.00000     3.93792    90.00000   180.00000     3.83042
    15.50000    90.00000   180.00000     3.93791    90.00000   180.00000     3.83042
    15.60000    90.00000   180.00000     3.93789    90.00000   180.00000     3.83042
    15.70000    90.00000   180.00000     3.93788    90.00000   180.00000     3.83042
    15.80000    90.00000   180.00000     3.93786    90.00000   180.00000     3.83042
    15.90000    90.00000   180.00000     3.93785    90.00000   180.00000     3.83042
    16.00000    90.00000   180.00000     3.93784    90.00000   180.00000     3.83042
    16.10000    90.00000   180.00000     3.93782    90.00000   180.00000     3.83042
    16.20000    90.00000   180.00000     3.93781    90.00000   180.00000     3.83042
    16.30000    90.00000   180.00000     3.93779    90.00000   180.00000     3.83042
    16.40000    90.00000   180.00000     3.93778    90.00000   180.00000     3.83042
    16.50000    90.00000   180.00000     3.93776    90.00000   180.00000     3.83042
    16.60000    90.00000   180.00000     3.93775    90.00000   180.00000     3.83042
    16.70000    90.00000   180.00000     3.93773    90.00000   180.00000     3.83042
    16.80000    90.00000   180.00000     3.93772    90.00000   180.00000     3.83042
    16.90000    90.00000   180.00000     3.93770    90.00000   180.00000     3.83041
    17.00000    90.00000   180.00000     3.93769    90.00000   180.00000     3.83041
    17.10000    90.00000   180.00000     3.93767    90.00000   180.00000     3.83041
    17.20000    90.00000   180.00000     3.93766    90.00000   180.00000     3.83041
    17.30000    90.00000   180.00000     3.93764    90.00000   180.00000     3.83041
    17.40000    90.00000   180.00000     3.93763    90.00000   180.00000     3.83041
    17.50000    90.00000   180.00000     3.93762    90.00000   180.00000     3.83041
    17.60000    90.00000   180.00000     3.93760    90.00000   180.00000     3.83041
    17.70000    90.00000   180.00000     3.93759    90.00000   180.00000     3.83041
    17.80000    90.00000   180.00000     3.93757    90.00000   180.00000     3.83041
    17.90000    90.00000   180.00000     3.93756    90.00000   180.00000     3.83041
    18.00000    90.00000   180.00000     3.93754    90.00000   180.00000     3.83041
    18.10000    90.00000   180.00000     3.93753    90.00000   180.00000     3.83040
    18.20000    90.00000   180.00000     3.93751    90.00000   180.00000     3.83040
    18.30000    90.00000   180.00000     3.93750    90.00000   180.00000     3.83040
    18.40000    90.00000   180.00000     3.93748    90.00000   180.00000     3.83040
    18.50000    90.00000   180.00000     3.93747    90.00000   180.00000     3.83040
    18.60000    90.00000   180.00000     3.93745    90.00000   180.00000     3.83040
    18.70000    90.00000   180.00000     3.93744    90.00000   180.00000     3.83040
    18.80000    90.00000   180.00000     3.93742    90.00000   180.00000     3.83040
    18.90000    90.00000   180.00000     3.93741    90.00000   180.00000     3.83040
    19.00000    90.00000   180.00000     3.93739    90.00000   180.00000     3.83039
    19.10000    90.00000   180.00000     3.93738    90.00000   180.00000     3.83039
    19.20000    90.00000   180.00000     3.93736    90.00000   180.00000     3.83039
    19.30000    90.00000   180.00000     3.93735    90.00000   180.00000     3.83039
    19.40000    90.00000   180.00000     3.93733    90.00000   180.00000     3.83039
    19.50000    90.00000   180.00000     3.93732    90.00000   180.00000     3.83039
    19.60000    90.00000   180.00000     3.93730    90.00000   180.00000     3.83039
    19.70000    90.00000   180.00000     3.93729    90.00000   180.00000     3.83039
    19.80000    90.00000   180.00000     3.93727    90.00000   180.00000     3.83038
    19.90000    90.00000   180.00000     3.93726    90.00000   180.00000     3.83038
    20.00000    90.00000   180.00000     3.93724    90.00000   180.00000     3.83038
    20.10000    90.00000   180.00000     3.93723    90.00000   180.00000     3.83038
    20.20000    90.00000   180.00000     3.93721    90.00000   180.00000     3.83038
    20.30000    90.00000   180.00000     3.93719    90.00000   180.00000     3.83038
    20.40000    90.00000   180.00000     3.93718    90.00000   180.00000     3.83038
    20.50000    90.00000   180.00000     3.93716    90.00000   180.00000     3.83037
    20.60000    90.00000   180.00000     3.93715    90.00000   180.00000     3.83037
    20.70000    90.00000   180.00000     3.93713    90.00000   180.00000     3.83037
    20.80000    90.00000   180.00000     3.93712    90.00000   180.00000     3.83037
    20.90000    90.00000   180.00000     3.93710    90.00000   180.00000     3.83037
    21.00000    90.00000   180.00000     3.93709    90.00000   180.00000     3.83037
    21.10000    90.00000   180.00000     3.93707    90.00000   180.00000     3.83036
    21.20000    90.00000   180.00000     3.93706    90.00000   180.00000     3.83036
    21.30000    90.00000   180.00000     3.93704    90.00000   180.00000     3.83036
    21.40000    90.00000   180.00000     3.93703    90.00000   180.00000     3.83036
    21.50000    90.00000   180.00000     3.93701    90.00000   180.00000     3.83036
    21.60000    90.00000   180.00000     3.93700    90.00000   180.00000     3.83036
    21.70000    90.00000   180.00000     3.93698    90.00000   180.00000     3.83036
    21.80000    90.00000   180.00000     3.93696    90.00000   180.00000     3.83035
    21.90000    90.00000   180.00000     3.93695    90.00000   180.00000     3.83035
    22.00000    90.00000   180.00000     3.93693    90.00000   180.00000     3.83035
    22.10000    90.00000   180.00000     3.93692    90.00000   180.00000     3.83035
    22.20000    90.00000   180.00000     3.93690    90.00000   180.00000     3.83035
    22.30000    90.00000   180.00000     3.93689    90.00000   180.00000     3.83034
    22.40000    90.00000   180.00000     3.93687    90.00000   180.00000     3.83034
    22.50000    90.00000   180.00000     3.93686    90.00000   180.00000     3.83034
    22.60000    90.00000   180.00000     3.93684    90.00000   180.00000     3.83034
    22.70000    90.00000   180.00000     3.93682    90.00000   180.00000     3.83034
    22.80000    90.00000   180.00000     3.93681    90.00000   180.00000     3.83034
    22.90000    90.00000   180.00000     3.93679    90.00000   180.00000     3.83033
    23.00000    90.00000   180.00000     3.93678    90.00000   180.00000     3.83033
    23.10000    90.00000   180.00000     3.93676    90.00000   180.00000     3.83033
    23.20000    90.00000   180.00000     3.93675    90.00000   180.00000     3.83033
    23.30000    90.00000   180.00000     3.93673    90.00000   180.00000     3.83033
    23.40000    90.00000   180.00000     3.93671    90.00000   180.00000     3.83032
    23.50000    90.00000   180.00000     3.93670    90.00000   180.00000     3.83032
    23.60000    90.00000   180.00000     3.93668    90.00000   180.00000     3.83032
    23.70000    90.00000   180.00000     3.93667    90.00000   180.00000     3.83032
    23.80000    90.00000   180.00000     3.93665    90.00000   180.00000     3.83032
    23.90000    90.00000   180.00000     3.93664    90.00000   180.00000     3.83031
    24.00000    90.00000   180.00000     3.93662    90.00000   180.00000     3.83031
    24.10000    90.00000   180.00000     3.93660    90.00000   180.00000     3.83031
    24.20000    90.00000   180.00000     3.93659    90.00000   180.00000     3.83031
    24.30000    90.00000   180.00000     3.93657    90.00000   180.00000     3.83030
    24.40000    90.00000   180.00000     3.93656    90.00000   180.00000     3.83030
    24.50000    90.00000   180.00000     3.93654    90.00000   180.00000     3.83030
    24.60000    90.00000   180.00000     3.93652    90.00000   180.00000     3.83030
    24.70000    90.00000   180.00000     3.93651    90.00000   180.00000     3.83030
    24.80000    90.00000   180.00000     3.93649    90.00000   180.00000     3.83029
    24.90000    90.00000   180.00000     3.93648    90.00000   180.00000     3.83029
    25.00000    90.00000   180.00000     3.93646    90.00000   180.00000     3.83029
    25.10000    90.00000   180.00000     3.93644    90.00000   180.00000     3.83029
    25.20000    90.00000   180.00000     3.93643    90.00000   180.00000     3.83028
    25.30000    90.00000   180.00000     3.93641    90.00000   180.00000     3.83028
    25.40000    90.00000   180.00000     3.93640    90.00000   180.00000     3.83028
    25.50000    90.00000   180.00000     3.93638    90.00000   180.00000     3.83028
    25.60000    90.00000   180.00000     3.93636    90.00000   180.00000     3.83027
    25.70000    90.00000   180.00000     3.93635    90.00000   180.00000     3.83027
    25.80000    90.00000   180.00000     3.93633    90.00000   180.00000     3.83027
    25.90000    90.00000   180.00000     3.93632    90.00000   180.00000     3.83027
    26.00000    90.00000   180.00000     3.93630    90.00000   180.00000     3.83026
    26.10000    90.00000   180.00000     3.93628    90.00000   180.00000     3.83026
    26.20000    90.00000   180.00000     3.93627    90.00000   180.00000     3.83026
    26.30000    90.00000   180.00000     3.93625    90.00000   180.00000     3.83026
    26.40000    90.00000   180.00000     3.93623    90.00000   180.00000     3.83025
    26.50000    90.00000   180.00000     3.93622    90.00000   180.00000     3.83025
    26.60000    90.00000   180.00000     3.93620    90.00000   180.00000     3.83025
    26.70000    90.00000   180.00000     3.93619    90.00000   180.00000     3.83025
    26.80000    90.00000   180.00000     3.93617    90.00000   180.00000     3.83024
    26.90000    90.00000   180.00000     3.93615    90.00000   180.00000     3.83024
    27.00000    90.00000   180.00000     3.93614    90.00000   180.00000     3.83024
    27.10000    90.00000   180.00000     3.93612    90.00000   180.00000     3.83024
    27.20000    90.00000   180.00000     3.93610    90.00000   180.00000     3.83023
    27.30000    90.00000   180.00000     3.93609    90.00000   180.00000     3.83023
    27.40000    90.00000   180.00000     3.93607    90.00000   180.00000     3.83023
    27.50000    90.00000   180.00000     3.93606    90.00000   180.00000     3.83022
    27.60000    90.00000   180.00000     3.93604    90.00000   180.00000     3.83022
    27.70000    90.00000   180.00000     3.93602    90.00000   180.00000     3.83022
    27.80000    90.00000   180.00000     3.93601    90.00000   180.00000     3.83022
    27.90000    90.00000   180.00000     3.93599    90.00000   180.00000     3.83021
    28.00000    90.00000   180.00000     3.93597    90.00000   180.00000     3.83021
    28.10000    90.00000   180.00000     3.93596    90.00000   180.00000     3.83021
    28.20000    90.00000   180.00000     3.93594    90.00000   180.00000     3.83020
    28.30000    90.00000   180.00000     3.93592    90.00000   180.00000     3.83020
    28.40000    90.00000   180.00000     3.93591    90.00000   180.00000     3.83020
    28.50000    90.00000   180.00000     3.93589    90.00000   180.00000     3.83019
    28.60000    90.00000   180.00000     3.93587    90.00000   180.00000     3.83019
    28.70000    90.00000   180.00000     3.93586    90.00000   180.00000     3.83019
    28.80000    90.00000   180.00000     3.93584    90.00000   180.00000     3.83019
    28.90000    90.00000   180.00000     3.93582    90.00000   180.00000     3.83018
    29.00000    90.00000   180.00000     3.93581    90.00000   180.00000     3.83018
    29.10000    90.00000   180.00000     3.93579    90.00000   180.00000     3.83018
    29.20000    90.00000   180.00000     3.93577    90.00000   180.00000     3.83017
    29.30000    90.00000   180.00000     3.93576    90.00000   180.00000     3.83017
    29.40000    90.00000   180.00000     3.93574    90.00000   180.00000     3.83017
    29.50000    90.00000   180.00000     3.93572    90.00000   180.00000     3.83016
    29.60000    90.00000   180.00000     3.93571    90.00000   180.00000     3.83016
    29.70000    90.00000   180.00000     3.93569    90.00000   180.00000     3.83016
    29.80000    90.00000   180.00000     3.93567    90.00000   180.00000     3.83015
    29.90000    90.00000   180.00000     3.93566    90.00000   180.00000     3.83015
    30.00000    90.00000   180.00000     3.93564    90.00000   180.00000     3.83015
    30.10000    90.00000   180.00000     3.93562    90.00000   180.00000     3.83014
    30.20000    90.00000   180.00000     3.93561    90.00000   180.00000     3.83014
    30.30000    90.00000   180.00000     3.93559    90.00000   180.00000     3.83014
    30.40000    90.00000   180.00000     3.93557    90.00000   180.00000     3.83013
    30.50000    90.00000   180.00000     3.93556    90.00000   180.00000     3.83013
    30.60000    90.00000   180.00000     3.93554    90.00000   180.00000     3.83013
    30.70000    90.00000   180.00000     3.93552    90.00000   180.00000     3.83012
    30.80000    90.00000   180.00000     3.93551    90.00000   180.00000     3.83012
    30.90000    90.00000   180.00000     3.93549    90.00000   180.00000     3.83012
    31.00000    90.00000   180.00000     3.93547    90.00000   180.00000     3.83011
    31.10000    90.00000   180.00000     3.93545    90.00000   180.00000     3.83011
    31.20000    90.00000   180.00000     3.93544    90.00000   180.00000     3.83011
    31.30000    90.00000   180.00000     3.93542    90.00000   180.00000     3.83010
    31.40000    90.00000   180.00000     3.93540    90.00000   180.00000     3.83010
    31.50000    90.00000   180.00000     3.93539    90.00000   180.00000     3.83010
    31.60000    90.00000   180.00000     3.93537    90.00000   180.00000     3.83009
    31.70000    90.00000   180.00000     3.93535    90.00000   180.00000     3.83009
    31.80000    90.00000   180.00000     3.93534    90.00000   180.00000     3.83009
    31.90000    90.00000   180.00000     3.93532    90.00000   180.00000     3.83008
    32.00000    90.00000   180.00000     3.93530    90.00000   180.00000     3.83008
    32.10000    90.00000   180.00000     3.93528    90.00000   180.00000     3.83007
    32.20000    90.00000   180.00000     3.93527    90.00000   180.00000     3.83007
    32.30000    90.00000   180.00000     3.93525    90.00000   180.00000     3.83007
    32.40000    90.00000   180.00000     3.93523    90.00000   180.00000     3.83006
    32.50000    90.00000   180.00000     3.93522    90.00000   180.00000     3.83006
    32.60000    90.00000   180.00000     3.93520    90.00000   180.00000     3.83006
    32.70000    90.00000   180.00000     3.93518    90.00000   180.00000     3.83005
    32.80000    90.00000   180.00000     3.93516    90.00000   180.00000     3.83005
    32.90000    90.00000   180.00000     3.93515    90.00000   180.00000     3.83004
    33.00000    90.00000   180.00000     3.93513    90.00000   180.00000     3.83004
    33.10000    90.00000   180.00000     3.93511    90.00000   180.00000     3.83004
    33.20000    90.00000   180.00000     3.93509    90.00000   180.00000     3.83003
    33.30000    90.00000   180.00000     3.93508    90.00000   180.00000     3.83003
    33.40000    90.00000   180.00000     3.93506    90.00000   180.00000     3.83003
    33.50000    90.00000   180.00000     3.93504    90.00000   180.00000     3.83002
    33.60000    90.00000   180.00000     3.93503    90.00000   180.00000     3.83002
    33.70000    90.00000   180.00000     3.93501    90.00000   180.00000     3.83001
    33.80000    90.00000   180.00000     3.93499    90.00000   180.00000     3.83001
    33.90000    90.00000   180.00000     3.93497    90.00000   180.00000     3.83001
    34.00000    90.00000   180.00000     3.93496    90.00000   180.00000     3.83000
    34.10000    90.00000   180.00000     3.93494    90.00000   180.00000     3.83000
    34.20000    90.00000   180.00000     3.93492    90.00000   180.00000     3.82999
    34.30000    90.00000   180.00000     3.93490    90.00000   180.00000     3.82999
    34.40000    90.00000   180.00000     3.93489    90.00000   180.00000     3.82998
    34.50000    90.00000   180.00000     3.93487    90.00000   180.00000     3.82998
    34.60000    90.00000   180.00000     3.93485    90.00000   180.00000     3.82998
    34.70000    90.00000   180.00000     3.93483    90.00000   180.00000     3.82997
    34.80000    90.00000   180.00000     3.93482    90.00000   180.00000     3.82997
    34.90000    90.00000   180.00000     3.93480    90.00000   180.00000     3.82996
    35.00000    90.00000   180.00000     3.93478    90.00000   180.00000     3.82996
    35.10000    90.00000   180.00000     3.93476    90.00000   180.00000     3.82996
    35.20000    90.00000   180.00000     3.93475    90.00000   180.00000     3.82995
    35.30000    90.00000   180.00000     3.93473    90.00000   180.00000     3.82995
    35.40000    90.00000   180.00000     3.93471    90.00000   180.00000     3.82994
    35.50000    90.00000   180.00000     3.93469    90.00000   180.00000     3.82994
    35.60000    90.00000   180.00000     3.93468    90.00000   180.00000     3.82993
    35.70000    90.00000   180.00000     3.93466    90.00000   180.00000     3.82993
    35.80000    90.00000   180.00000     3.93464    90.00000   180.00000     3.82993
    35.90000    90.00000   180.00000     3.93462    90.00000   180.00000     3.82992
    36.00000    90.00000   180.00000     3.93460    90.00000   180.00000     3.82992
    36.10000    90.00000   180.00000     3.93459    90.00000   180.00000     3.82991
    36.20000    90.00000   180.00000     3.93457    90.00000   180.00000     3.82991
    36.30000    90.00000   180.00000     3.93455    90.00000   180.00000     3.82990
    36.40000    90.00000   180.00000     3.93453    90.00000   180.00000     3.82990
    36.50000    90.00000   180.00000     3.93452    90.00000   180.00000     3.82989
    36.60000    90.00000   180.00000     3.93450    90.00000   180.00000     3.82989
    36.70000    90.00000   180.00000     3.93448    90.00000   180.00000     3.82988
    36.80000    90.00000   180.00000     3.93446    90.00000   180.00000     3.82988
    36.90000    90.00000   180.00000     3.93444    90.00000   180.00000     3.82988
    37.00000    90.00000   180.00000     3.93443    90.00000   180.00000     3.82987
    37.10000    90.00000   180.00000     3.93441    90.00000   180.00000     3.82987
    37.20000    90.00000   180.00000     3.93439    90.00000   180.00000     3.82986
    37.30000    90.00000   180.00000     3.93437    90.00000   180.00000     3.82986
    37.40000    90.00000   180.00000     3.93435    90.00000   180.00000     3.82985
    37.50000    90.00000   180.00000     3.93434    90.00000   180.00000     3.82985
    37.60000    90.00000   180.00000     3.93432    90.00000   180.00000     3.82984
    37.70000    90.00000   180.00000     3.93430    90.00000   180.00000     3.82984
    37.80000    90.00000   180.00000     3.93428    90.00000   180.00000     3.82983
    37.90000    90.00000   180.00000     3.93426    90.00000   180.00000     3.82983
    38.00000    90.00000   180.00000     3.93425    90.00000   180.00000     3.82982
    38.10000    90.00000   180.00000     3.93423    90.00000   180.00000     3.82982
    38.20000    90.00000   180.00000     3.93421    90.00000   180.00000     3.82981
    38.30000    90.00000   180.00000     3.93419    90.00000   180.00000     3.82981
    38.40000    90.00000   180.00000     3.93417    90.00000   180.00000     3.82980
    38.50000    90.00000   180.00000     3.93416    90.00000   180.00000     3.82980
    38.60000    90.00000   180.00000     3.93414    90.00000   180.00000     3.82979
    38.70000    90.00000   180.00000     3.93412    90.00000   180.00000     3.82979
    38.80000    90.00000   180.00000     3.93410    90.00000   180.00000     3.82978
    38.90000    90.00000   180.00000     3.93408    90.00000   180.00000     3.82978
    39.00000    90.00000   180.00000     3.93406    90.00000   180.00000     3.82977
    39.10000    90.00000   180.00000     3.93405    90.00000   180.00000     3.82977
    39.20000    90.00000   180.00000     3.93403    90.00000   180.00000     3.82976
    39.30000    90.00000   180.00000     3.93401    90.00000   180.00000     3.82976
    39.40000    90.00000   180.00000     3.93399    90.00000   180.00000     3.82975
    39.50000    90.00000   180.00000     3.93397    90.00000   180.00000     3.82975
    39.60000    90.00000   180.00000     3.93395    90.00000   180.00000     3.82974
    39.70000    90.00000   180.00000     3.93394    90.00000   180.00000     3.82974
    39.80000    90.00000   180.00000     3.93392    90.00000   180.00000     3.82973
    39.90000    90.00000   180.00000     3.93390    90.00000   180.00000     3.82973
    40.00000    90.00000   180.00000     3.93388    90.00000   180.00000     3.82972
