 # applied field (T), theta (degree), phi (degree), abs for RE 3-4
     0.00000    90.00000    38.28044     3.51268    90.00000    50.90441     3.49850
     0.10000    90.00000    13.13880     4.14449    90.00000    18.85359     3.30410
     0.20000    90.00000   360.00000     4.24283    90.00000   360.00000     3.26943
     0.30000    90.00000   360.00000     4.24289    90.00000   360.00000     3.26955
     0.40000    90.00000   360.00000     4.24294    90.00000   360.00000     3.26968
     0.50000    90.00000   360.00000     4.24299    90.00000   360.00000     3.26980
     0.60000    90.00000   360.00000     4.24304    90.00000   360.00000     3.26993
     0.70000    90.00000   360.00000     4.24310    90.00000   360.00000     3.27005
     0.80000    90.00000   360.00000     4.24315    90.00000   360.00000     3.27017
     0.90000    90.00000   360.00000     4.24320    90.00000   360.00000     3.27030
     1.00000    90.00000   360.00000     4.24325    90.00000   360.00000     3.27042
     1.10000    90.00000   360.00000     4.24330    90.00000   360.00000     3.27055
     1.20000    90.00000   360.00000     4.24336    90.00000   360.00000     3.27067
     1.30000    90.00000   360.00000     4.24341    90.00000   360.00000     3.27080
     1.40000    90.00000   360.00000     4.24346    90.00000   360.00000     3.27092
     1.50000    90.00000   360.00000     4.24351    90.00000   360.00000     3.27105
     1.60000    90.00000   360.00000     4.24356    90.00000   360.00000     3.27117
     1.70000    90.00000   360.00000     4.24361    90.00000   360.00000     3.27129
     1.80000    90.00000   360.00000     4.24367    90.00000   360.00000     3.27142
     1.90000    90.00000   360.00000     4.24372    90.00000   360.00000     3.27154
     2.00000    90.00000   360.00000     4.24377    90.00000   360.00000     3.27167
     2.10000    90.00000   360.00000     4.24382    90.00000   360.00000     3.27179
     2.20000    90.00000   360.00000     4.24387    90.00000   360.00000     3.27191
     2.30000    90.00000   360.00000     4.24392    90.00000   360.00000     3.27204
     2.40000    90.00000   360.00000     4.24398    90.00000   360.00000     3.27216
     2.50000    90.00000   360.00000     4.24403    90.00000   360.00000     3.27229
     2.60000    90.00000   360.00000     4.24408    90.00000   360.00000     3.27241
     2.70000    90.00000   360.00000     4.24413    90.00000   360.00000     3.27253
     2.80000    90.00000   360.00000     4.24418    90.00000   360.00000     3.27266
     2.90000    90.00000   360.00000     4.24423    90.00000   360.00000     3.27278
     3.00000    90.00000   360.00000     4.24429    90.00000   360.00000     3.27291
     3.10000    90.00000   360.00000     4.24434    90.00000   360.00000     3.27303
     3.20000    90.00000   360.00000     4.24439    90.00000   360.00000     3.27315
     3.30000    90.00000   360.00000     4.24444    90.00000   360.00000     3.27328
     3.40000    90.00000   360.00000     4.24449    90.00000   360.00000     3.27340
     3.50000    90.00000   360.00000     4.24454    90.00000   360.00000     3.27352
     3.60000    90.00000   360.00000     4.24459    90.00000   360.00000     3.27365
     3.70000    90.00000   360.00000     4.24464    90.00000   360.00000     3.27377
     3.80000    90.00000   360.00000     4.24470    90.00000   360.00000     3.27390
     3.90000    90.00000   360.00000     4.24475    90.00000   360.00000     3.27402
     4.00000    90.00000   360.00000     4.24480    90.00000   360.00000     3.27414
     4.10000    90.00000   360.00000     4.24485    90.00000   360.00000     3.27427
     4.20000    90.00000   360.00000     4.24490    90.00000   360.00000     3.27439
     4.30000    90.00000   360.00000     4.24495    90.00000   360.00000     3.27451
     4.40000    90.00000   360.00000     4.24500    90.00000   360.00000     3.27464
     4.50000    90.00000   360.00000     4.24505    90.00000   360.00000     3.27476
     4.60000    90.00000   360.00000     4.24510    90.00000   360.00000     3.27488
     4.70000    90.00000   360.00000     4.24516    90.00000   360.00000     3.27501
     4.80000    90.00000   360.00000     4.24521    90.00000   360.00000     3.27513
     4.90000    90.00000   360.00000     4.24526    90.00000   360.00000     3.27525
     5.00000    90.00000   360.00000     4.24531    90.00000   360.00000     3.27538
     5.10000    90.00000   360.00000     4.24536    90.00000   360.00000     3.27550
     5.20000    90.00000   360.00000     4.24541    90.00000   360.00000     3.27562
     5.30000    90.00000   360.00000     4.24546    90.00000   360.00000     3.27575
     5.40000    90.00000   360.00000     4.24551    90.00000   360.00000     3.27587
     5.50000    90.00000   360.00000     4.24556    90.00000   360.00000     3.27599
     5.60000    90.00000   360.00000     4.24561    90.00000   360.00000     3.27611
     5.70000    90.00000   360.00000     4.24566    90.00000   360.00000     3.27624
     5.80000    90.00000   360.00000     4.24571    90.00000   360.00000     3.27636
     5.90000    90.00000   360.00000     4.24577    90.00000   360.00000     3.27648
     6.00000    90.00000   360.00000     4.24582    90.00000   360.00000     3.27661
     6.10000    90.00000   360.00000     4.24587    90.00000   360.00000     3.27673
     6.20000    90.00000   360.00000     4.24592    90.00000   360.00000     3.27685
     6.30000    90.00000   360.00000     4.24597    90.00000   360.00000     3.27697
     6.40000    90.00000   360.00000     4.24602    90.00000   360.00000     3.27710
     6.50000    90.00000   360.00000     4.24607    90.00000   360.00000     3.27722
     6.60000    90.00000   360.00000     4.24612    90.00000   360.00000     3.27734
     6.70000    90.00000   360.00000     4.24617    90.00000   360.00000     3.27747
     6.80000    90.00000   360.00000     4.24622    90.00000   360.00000     3.27759
     6.90000    90.00000   360.00000     4.24627    90.00000   360.00000     3.27771
     7.00000    90.00000   360.00000     4.24632    90.00000   360.00000     3.27783
     7.10000    90.00000   360.00000     4.24637    90.00000   360.00000     3.27796
     7.20000    90.00000   360.00000     4.24642    90.00000   360.00000     3.27808
     7.30000    90.00000   360.00000     4.24647    90.00000   360.00000     3.27820
     7.40000    90.00000   360.00000     4.24652    90.00000   360.00000     3.27832
     7.50000    90.00000   360.00000     4.24657    90.00000   360.00000     3.27845
     7.60000    90.00000   360.00000     4.24662    90.00000   360.00000     3.27857
     7.70000    90.00000   360.00000     4.24667    90.00000   360.00000     3.27869
     7.80000    90.00000   360.00000     4.24672    90.00000   360.00000     3.27881
     7.90000    90.00000   360.00000     4.24677    90.00000   360.00000     3.27894
     8.00000    90.00000   360.00000     4.24682    90.00000   360.00000     3.27906
     8.10000    90.00000   360.00000     4.24687    90.00000   360.00000     3.27918
     8.20000    90.00000   360.00000     4.24692    90.00000   360.00000     3.27930
     8.30000    90.00000   360.00000     4.24697    90.00000   360.00000     3.27942
     8.40000    90.00000   360.00000     4.24702    90.00000   360.00000     3.27955
     8.50000    90.00000   360.00000     4.24707    90.00000   360.00000     3.27967
     8.60000    90.00000   360.00000     4.24712    90.00000   360.00000     3.27979
     8.70000    90.00000   360.00000     4.24717    90.00000   360.00000     3.27991
     8.80000    90.00000   360.00000     4.24722    90.00000   360.00000     3.28003
     8.90000    90.00000   360.00000     4.24727    90.00000   360.00000     3.28016
     9.00000    90.00000   360.00000     4.24732    90.00000   360.00000     3.28028
     9.10000    90.00000   360.00000     4.24737    90.00000   360.00000     3.28040
     9.20000    90.00000   360.00000     4.24742    90.00000   360.00000     3.28052
     9.30000    90.00000   360.00000     4.24747    90.00000   360.00000     3.28064
     9.40000    90.00000   360.00000     4.24752    90.00000   360.00000     3.28077
     9.50000    90.00000   360.00000     4.24757    90.00000   360.00000     3.28089
     9.60000    90.00000   360.00000     4.24762    90.00000   360.00000     3.28101
     9.70000    90.00000   360.00000     4.24767    90.00000   360.00000     3.28113
     9.80000    90.00000   360.00000     4.24772    90.00000   360.00000     3.28125
     9.90000    90.00000   360.00000     4.24777    90.00000   360.00000     3.28137
    10.00000    90.00000   360.00000     4.24782    90.00000   360.00000     3.28150
    10.10000    90.00000   360.00000     4.24787    90.00000   360.00000     3.28162
    10.20000    90.00000   360.00000     4.24792    90.00000   360.00000     3.28174
    10.30000    90.00000   360.00000     4.24797    90.00000   360.00000     3.28186
    10.40000    90.00000   360.00000     4.24802    90.00000   360.00000     3.28198
    10.50000    90.00000   360.00000     4.24807    90.00000   360.00000     3.28210
    10.60000    90.00000   360.00000     4.24812    90.00000   360.00000     3.28223
    10.70000    90.00000   360.00000     4.24817    90.00000   360.00000     3.28235
    10.80000    90.00000   360.00000     4.24821    90.00000   360.00000     3.28247
    10.90000    90.00000   360.00000     4.24826    90.00000   360.00000     3.28259
    11.00000    90.00000   360.00000     4.24831    90.00000   360.00000     3.28271
    11.10000    90.00000   360.00000     4.24836    90.00000   360.00000     3.28283
    11.20000    90.00000   360.00000     4.24841    90.00000   360.00000     3.28295
    11.30000    90.00000   360.00000     4.24846    90.00000   360.00000     3.28307
    11.40000    90.00000   360.00000     4.24851    90.00000   360.00000     3.28320
    11.50000    90.00000   360.00000     4.24856    90.00000   360.00000     3.28332
    11.60000    90.00000   360.00000     4.24861    90.00000   360.00000     3.28344
    11.70000    90.00000   360.00000     4.24866    90.00000   360.00000     3.28356
    11.80000    90.00000   360.00000     4.24871    90.00000   360.00000     3.28368
    11.90000    90.00000   360.00000     4.24876    90.00000   360.00000     3.28380
    12.00000    90.00000   360.00000     4.24880    90.00000   360.00000     3.28392
    12.10000    90.00000   360.00000     4.24885    90.00000   360.00000     3.28404
    12.20000    90.00000   360.00000     4.24890    90.00000   360.00000     3.28416
    12.30000    90.00000   360.00000     4.24895    90.00000   360.00000     3.28428
    12.40000    90.00000   360.00000     4.24900    90.00000   360.00000     3.28441
    12.50000    90.00000   360.00000     4.24905    90.00000   360.00000     3.28453
    12.60000    90.00000   360.00000     4.24910    90.00000   360.00000     3.28465
    12.70000    90.00000   360.00000     4.24915    90.00000   360.00000     3.28477
    12.80000    90.00000   360.00000     4.24920    90.00000   360.00000     3.28489
    12.90000    90.00000   360.00000     4.24924    90.00000   360.00000     3.28501
    13.00000    90.00000   360.00000     4.24929    90.00000   360.00000     3.28513
    13.10000    90.00000   360.00000     4.24934    90.00000   360.00000     3.28525
    13.20000    90.00000   360.00000     4.24939    90.00000   360.00000     3.28537
    13.30000    90.00000   360.00000     4.24944    90.00000   360.00000     3.28549
    13.40000    90.00000   360.00000     4.24949    90.00000   360.00000     3.28561
    13.50000    90.00000   360.00000     4.24954    90.00000   360.00000     3.28573
    13.60000    90.00000   360.00000     4.24958    90.00000   360.00000     3.28585
    13.70000    90.00000   360.00000     4.24963    90.00000   360.00000     3.28597
    13.80000    90.00000   360.00000     4.24968    90.00000   360.00000     3.28609
    13.90000    90.00000   360.00000     4.24973    90.00000   360.00000     3.28622
    14.00000    90.00000   360.00000     4.24978    90.00000   360.00000     3.28634
    14.10000    90.00000   360.00000     4.24983    90.00000   360.00000     3.28646
    14.20000    90.00000   360.00000     4.24988    90.00000   360.00000     3.28658
    14.30000    90.00000   360.00000     4.24992    90.00000   360.00000     3.28670
    14.40000    90.00000   360.00000     4.24997    90.00000   360.00000     3.28682
    14.50000    90.00000   360.00000     4.25002    90.00000   360.00000     3.28694
    14.60000    90.00000   360.00000     4.25007    90.00000   360.00000     3.28706
    14.70000    90.00000   360.00000     4.25012    90.00000   360.00000     3.28718
    14.80000    90.00000   360.00000     4.25017    90.00000   360.00000     3.28730
    14.90000    90.00000   360.00000     4.25021    90.00000   360.00000     3.28742
    15.00000    90.00000   360.00000     4.25026    90.00000   360.00000     3.28754
    15.10000    90.00000   360.00000     4.25031    90.00000   360.00000     3.28766
    15.20000    90.00000   360.00000     4.25036    90.00000   360.00000     3.28778
    15.30000    90.00000   360.00000     4.25041    90.00000   360.00000     3.28790
    15.40000    90.00000   360.00000     4.25046    90.00000   360.00000     3.28802
    15.50000    90.00000   360.00000     4.25050    90.00000   360.00000     3.28814
    15.60000    90.00000   360.00000     4.25055    90.00000   360.00000     3.28826
    15.70000    90.00000   360.00000     4.25060    90.00000   360.00000     3.28838
    15.80000    90.00000   360.00000     4.25065    90.00000   360.00000     3.28850
    15.90000    90.00000   360.00000     4.25070    90.00000   360.00000     3.28862
    16.00000    90.00000   360.00000     4.25074    90.00000   360.00000     3.28874
    16.10000    90.00000   360.00000     4.25079    90.00000   360.00000     3.28886
    16.20000    90.00000   360.00000     4.25084    90.00000   360.00000     3.28898
    16.30000    90.00000   360.00000     4.25089    90.00000   360.00000     3.28910
    16.40000    90.00000   360.00000     4.25094    90.00000   360.00000     3.28922
    16.50000    90.00000   360.00000     4.25098    90.00000   360.00000     3.28933
    16.60000    90.00000   360.00000     4.25103    90.00000   360.00000     3.28945
    16.70000    90.00000   360.00000     4.25108    90.00000   360.00000     3.28957
    16.80000    90.00000   360.00000     4.25113    90.00000   360.00000     3.28969
    16.90000    90.00000   360.00000     4.25117    90.00000   360.00000     3.28981
    17.00000    90.00000   360.00000     4.25122    90.00000   360.00000     3.28993
    17.10000    90.00000   360.00000     4.25127    90.00000   360.00000     3.29005
    17.20000    90.00000   360.00000     4.25132    90.00000   360.00000     3.29017
    17.30000    90.00000   360.00000     4.25137    90.00000   360.00000     3.29029
    17.40000    90.00000   360.00000     4.25141    90.00000   360.00000     3.29041
    17.50000    90.00000   360.00000     4.25146    90.00000   360.00000     3.29053
    17.60000    90.00000   360.00000     4.25151    90.00000   360.00000     3.29065
    17.70000    90.00000   360.00000     4.25156    90.00000   360.00000     3.29077
    17.80000    90.00000   360.00000     4.25160    90.00000   360.00000     3.29089
    17.90000    90.00000   360.00000     4.25165    90.00000   360.00000     3.29101
    18.00000    90.00000   360.00000     4.25170    90.00000   360.00000     3.29113
    18.10000    90.00000   360.00000     4.25175    90.00000   360.00000     3.29124
    18.20000    90.00000   360.00000     4.25179    90.00000   360.00000     3.29136
    18.30000    90.00000   360.00000     4.25184    90.00000   360.00000     3.29148
    18.40000    90.00000   360.00000     4.25189    90.00000   360.00000     3.29160
    18.50000    90.00000   360.00000     4.25193    90.00000   360.00000     3.29172
    18.60000    90.00000   360.00000     4.25198    90.00000   360.00000     3.29184
    18.70000    90.00000   360.00000     4.25203    90.00000   360.00000     3.29196
    18.80000    90.00000   360.00000     4.25208    90.00000   360.00000     3.29208
    18.90000    90.00000   360.00000     4.25212    90.00000   360.00000     3.29220
    19.00000    90.00000   360.00000     4.25217    90.00000   360.00000     3.29231
    19.10000    90.00000   360.00000     4.25222    90.00000   360.00000     3.29243
    19.20000    90.00000   360.00000     4.25227    90.00000   360.00000     3.29255
    19.30000    90.00000   360.00000     4.25231    90.00000   360.00000     3.29267
    19.40000    90.00000   360.00000     4.25236    90.00000   360.00000     3.29279
    19.50000    90.00000   360.00000     4.25241    90.00000   360.00000     3.29291
    19.60000    90.00000   360.00000     4.25245    90.00000   360.00000     3.29303
    19.70000    90.00000   360.00000     4.25250    90.00000   360.00000     3.29315
    19.80000    90.00000   360.00000     4.25255    90.00000   360.00000     3.29326
    19.90000    90.00000   360.00000     4.25259    90.00000   360.00000     3.29338
    20.00000    90.00000   360.00000     4.25264    90.00000   360.00000     3.29350
    20.10000    90.00000   360.00000     4.25269    90.00000   360.00000     3.29362
    20.20000    90.00000   360.00000     4.25274    90.00000   360.00000     3.29374
    20.30000    90.00000   360.00000     4.25278    90.00000   360.00000     3.29386
    20.40000    90.00000   360.00000     4.25283    90.00000   360.00000     3.29398
    20.50000    90.00000   360.00000     4.25288    90.00000   360.00000     3.29409
    20.60000    90.00000   360.00000     4.25292    90.00000   360.00000     3.29421
    20.70000    90.00000   360.00000     4.25297    90.00000   360.00000     3.29433
    20.80000    90.00000   360.00000     4.25302    90.00000   360.00000     3.29445
    20.90000    90.00000   360.00000     4.25306    90.00000   360.00000     3.29457
    21.00000    90.00000   360.00000     4.25311    90.00000   360.00000     3.29468
    21.10000    90.00000   360.00000     4.25316    90.00000   360.00000     3.29480
    21.20000    90.00000   360.00000     4.25320    90.00000   360.00000     3.29492
    21.30000    90.00000   360.00000     4.25325    90.00000   360.00000     3.29504
    21.40000    90.00000   360.00000     4.25330    90.00000   360.00000     3.29516
    21.50000    90.00000   360.00000     4.25334    90.00000   360.00000     3.29528
    21.60000    90.00000   360.00000     4.25339    90.00000   360.00000     3.29539
    21.70000    90.00000   360.00000     4.25344    90.00000   360.00000     3.29551
    21.80000    90.00000   360.00000     4.25348    90.00000   360.00000     3.29563
    21.90000    90.00000   360.00000     4.25353    90.00000   360.00000     3.29575
    22.00000    90.00000   360.00000     4.25358    90.00000   360.00000     3.29587
    22.10000    90.00000   360.00000     4.25362    90.00000   360.00000     3.29598
    22.20000    90.00000   360.00000     4.25367    90.00000   360.00000     3.29610
    22.30000    90.00000   360.00000     4.25372    90.00000   360.00000     3.29622
    22.40000    90.00000   360.00000     4.25376    90.00000   360.00000     3.29634
    22.50000    90.00000   360.00000     4.25381    90.00000   360.00000     3.29645
    22.60000    90.00000   360.00000     4.25385    90.00000   360.00000     3.29657
    22.70000    90.00000   360.00000     4.25390    90.00000   360.00000     3.29669
    22.80000    90.00000   360.00000     4.25395    90.00000   360.00000     3.29681
    22.90000    90.00000   360.00000     4.25399    90.00000   360.00000     3.29692
    23.00000    90.00000   360.00000     4.25404    90.00000   360.00000     3.29704
    23.10000    90.00000   360.00000     4.25409    90.00000   360.00000     3.29716
    23.20000    90.00000   360.00000     4.25413    90.00000   360.00000     3.29728
    23.30000    90.00000   360.00000     4.25418    90.00000   360.00000     3.29739
    23.40000    90.00000   360.00000     4.25422    90.00000   360.00000     3.29751
    23.50000    90.00000   360.00000     4.25427    90.00000   360.00000     3.29763
    23.60000    90.00000   360.00000     4.25432    90.00000   360.00000     3.29775
    23.70000    90.00000   360.00000     4.25436    90.00000   360.00000     3.29786
    23.80000    90.00000   360.00000     4.25441    90.00000   360.00000     3.29798
    23.90000    90.00000   360.00000     4.25446    90.00000   360.00000     3.29810
    24.00000    90.00000   360.00000     4.25450    90.00000   360.00000     3.29822
    24.10000    90.00000   360.00000     4.25455    90.00000   360.00000     3.29833
    24.20000    90.00000   360.00000     4.25459    90.00000   360.00000     3.29845
    24.30000    90.00000   360.00000     4.25464    90.00000   360.00000     3.29857
    24.40000    90.00000   360.00000     4.25469    90.00000   360.00000     3.29869
    24.50000    90.00000   360.00000     4.25473    90.00000   360.00000     3.29880
    24.60000    90.00000   360.00000     4.25478    90.00000   360.00000     3.29892
    24.70000    90.00000   360.00000     4.25482    90.00000   360.00000     3.29904
    24.80000    90.00000   360.00000     4.25487    90.00000   360.00000     3.29915
    24.90000    90.00000   360.00000     4.25492    90.00000   360.00000     3.29927
    25.00000    90.00000   360.00000     4.25496    90.00000   360.00000     3.29939
    25.10000    90.00000   360.00000     4.25501    90.00000   360.00000     3.29950
    25.20000    90.00000   360.00000     4.25505    90.00000   360.00000     3.29962
    25.30000    90.00000   360.00000     4.25510    90.00000   360.00000     3.29974
    25.40000    90.00000   360.00000     4.25514    90.00000   360.00000     3.29986
    25.50000    90.00000   360.00000     4.25519    90.00000   360.00000     3.29997
    25.60000    90.00000   360.00000     4.25524    90.00000   360.00000     3.30009
    25.70000    90.00000   360.00000     4.25528    90.00000   360.00000     3.30021
    25.80000    90.00000   360.00000     4.25533    90.00000   360.00000     3.30032
    25.90000    90.00000   360.00000     4.25537    90.00000   360.00000     3.30044
    26.00000    90.00000   360.00000     4.25542    90.00000   360.00000     3.30056
    26.10000    90.00000   360.00000     4.25547    90.00000   360.00000     3.30067
    26.20000    90.00000   360.00000     4.25551    90.00000   360.00000     3.30079
    26.30000    90.00000   360.00000     4.25556    90.00000   360.00000     3.30091
    26.40000    90.00000   360.00000     4.25560    90.00000   360.00000     3.30102
    26.50000    90.00000   360.00000     4.25565    90.00000   360.00000     3.30114
    26.60000    90.00000   360.00000     4.25569    90.00000   360.00000     3.30126
    26.70000    90.00000   360.00000     4.25574    90.00000   360.00000     3.30137
    26.80000    90.00000   360.00000     4.25579    90.00000   360.00000     3.30149
    26.90000    90.00000   360.00000     4.25583    90.00000   360.00000     3.30160
    27.00000    90.00000   360.00000     4.25588    90.00000   360.00000     3.30172
    27.10000    90.00000   360.00000     4.25592    90.00000   360.00000     3.30184
    27.20000    90.00000   360.00000     4.25597    90.00000   360.00000     3.30195
    27.30000    90.00000   360.00000     4.25601    90.00000   360.00000     3.30207
    27.40000    90.00000   360.00000     4.25606    90.00000   360.00000     3.30219
    27.50000    90.00000   360.00000     4.25610    90.00000   360.00000     3.30230
    27.60000    90.00000   360.00000     4.25615    90.00000   360.00000     3.30242
    27.70000    90.00000   360.00000     4.25620    90.00000   360.00000     3.30253
    27.80000    90.00000   360.00000     4.25624    90.00000   360.00000     3.30265
    27.90000    90.00000   360.00000     4.25629    90.00000   360.00000     3.30277
    28.00000    90.00000   360.00000     4.25633    90.00000   360.00000     3.30288
    28.10000    90.00000   360.00000     4.25638    90.00000   360.00000     3.30300
    28.20000    90.00000   360.00000     4.25642    90.00000   360.00000     3.30311
    28.30000    90.00000   360.00000     4.25647    90.00000   360.00000     3.30323
    28.40000    90.00000   360.00000     4.25651    90.00000   360.00000     3.30335
    28.50000    90.00000   360.00000     4.25656    90.00000   360.00000     3.30346
    28.60000    90.00000   360.00000     4.25660    90.00000   360.00000     3.30358
    28.70000    90.00000   360.00000     4.25665    90.00000   360.00000     3.30369
    28.80000    90.00000   360.00000     4.25669    90.00000   360.00000     3.30381
    28.90000    90.00000   360.00000     4.25674    90.00000   360.00000     3.30393
    29.00000    90.00000   360.00000     4.25678    90.00000   360.00000     3.30404
    29.10000    90.00000   360.00000     4.25683    90.00000   360.00000     3.30416
    29.20000    90.00000   360.00000     4.25687    90.00000   360.00000     3.30427
    29.30000    90.00000   360.00000     4.25692    90.00000   360.00000     3.30439
    29.40000    90.00000   360.00000     4.25696    90.00000   360.00000     3.30450
    29.50000    90.00000   360.00000     4.25701    90.00000   360.00000     3.30462
    29.60000    90.00000   360.00000     4.25706    90.00000   360.00000     3.30474
    29.70000    90.00000   360.00000     4.25710    90.00000   360.00000     3.30485
    29.80000    90.00000   360.00000     4.25715    90.00000   360.00000     3.30497
    29.90000    90.00000   360.00000     4.25719    90.00000   360.00000     3.30508
    30.00000    90.00000   360.00000     4.25724    90.00000   360.00000     3.30520
    30.10000    90.00000   360.00000     4.25728    90.00000   360.00000     3.30531
    30.20000    90.00000   360.00000     4.25733    90.00000   360.00000     3.30543
    30.30000    90.00000   360.00000     4.25737    90.00000   360.00000     3.30554
    30.40000    90.00000   360.00000     4.25742    90.00000   360.00000     3.30566
    30.50000    90.00000   360.00000     4.25746    90.00000   360.00000     3.30577
    30.60000    90.00000   360.00000     4.25751    90.00000   360.00000     3.30589
    30.70000    90.00000   360.00000     4.25755    90.00000   360.00000     3.30600
    30.80000    90.00000   360.00000     4.25760    90.00000   360.00000     3.30612
    30.90000    90.00000   360.00000     4.25764    90.00000   360.00000     3.30623
    31.00000    90.00000   360.00000     4.25769    90.00000   360.00000     3.30635
    31.10000    90.00000   360.00000     4.25773    90.00000   360.00000     3.30646
    31.20000    90.00000   360.00000     4.25777    90.00000   360.00000     3.30658
    31.30000    90.00000   360.00000     4.25782    90.00000   360.00000     3.30669
    31.40000    90.00000   360.00000     4.25786    90.00000   360.00000     3.30681
    31.50000    90.00000   360.00000     4.25791    90.00000   360.00000     3.30692
    31.60000    90.00000   360.00000     4.25795    90.00000   360.00000     3.30704
    31.70000    90.00000   360.00000     4.25800    90.00000   360.00000     3.30715
    31.80000    90.00000   360.00000     4.25804    90.00000   360.00000     3.30727
    31.90000    90.00000   360.00000     4.25809    90.00000   360.00000     3.30738
    32.00000    90.00000   360.00000     4.25813    90.00000   360.00000     3.30750
    32.10000    90.00000   360.00000     4.25818    90.00000   360.00000     3.30761
    32.20000    90.00000   360.00000     4.25822    90.00000   360.00000     3.30773
    32.30000    90.00000   360.00000     4.25827    90.00000   360.00000     3.30784
    32.40000    90.00000   360.00000     4.25831    90.00000   360.00000     3.30796
    32.50000    90.00000   360.00000     4.25836    90.00000   360.00000     3.30807
    32.60000    90.00000   360.00000     4.25840    90.00000   360.00000     3.30819
    32.70000    90.00000   360.00000     4.25845    90.00000   360.00000     3.30830
    32.80000    90.00000   360.00000     4.25849    90.00000   360.00000     3.30842
    32.90000    90.00000   360.00000     4.25854    90.00000   360.00000     3.30853
    33.00000    90.00000   360.00000     4.25858    90.00000   360.00000     3.30865
    33.10000    90.00000   360.00000     4.25863    90.00000   360.00000     3.30876
    33.20000    90.00000   360.00000     4.25867    90.00000   360.00000     3.30887
    33.30000    90.00000   360.00000     4.25871    90.00000   360.00000     3.30899
    33.40000    90.00000   360.00000     4.25876    90.00000   360.00000     3.30910
    33.50000    90.00000   360.00000     4.25880    90.00000   360.00000     3.30922
    33.60000    90.00000   360.00000     4.25885    90.00000   360.00000     3.30933
    33.70000    90.00000   360.00000     4.25889    90.00000   360.00000     3.30945
    33.80000    90.00000   360.00000     4.25894    90.00000   360.00000     3.30956
    33.90000    90.00000   360.00000     4.25898    90.00000   360.00000     3.30968
    34.00000    90.00000   360.00000     4.25903    90.00000   360.00000     3.30979
    34.10000    90.00000   360.00000     4.25907    90.00000   360.00000     3.30990
    34.20000    90.00000   360.00000     4.25911    90.00000   360.00000     3.31002
    34.30000    90.00000   360.00000     4.25916    90.00000   360.00000     3.31013
    34.40000    90.00000   360.00000     4.25920    90.00000   360.00000     3.31025
    34.50000    90.00000   360.00000     4.25925    90.00000   360.00000     3.31036
    34.60000    90.00000   360.00000     4.25929    90.00000   360.00000     3.31047
    34.70000    90.00000   360.00000     4.25934    90.00000   360.00000     3.31059
    34.80000    90.00000   360.00000     4.25938    90.00000   360.00000     3.31070
    34.90000    90.00000   360.00000     4.25942    90.00000   360.00000     3.31082
    35.00000    90.00000   360.00000     4.25947    90.00000   360.00000     3.31093
    35.10000    90.00000   360.00000     4.25951    90.00000   360.00000     3.31104
    35.20000    90.00000   360.00000     4.25956    90.00000   360.00000     3.31116
    35.30000    90.00000   360.00000     4.25960    90.00000   360.00000     3.31127
    35.40000    90.00000   360.00000     4.25965    90.00000   360.00000     3.31138
    35.50000    90.00000   360.00000     4.25969    90.00000   360.00000     3.31150
    35.60000    90.00000   360.00000     4.25973    90.00000   360.00000     3.31161
    35.70000    90.00000   360.00000     4.25978    90.00000   360.00000     3.31173
    35.80000    90.00000   360.00000     4.25982    90.00000   360.00000     3.31184
    35.90000    90.00000   360.00000     4.25987    90.00000   360.00000     3.31195
    36.00000    90.00000   360.00000     4.25991    90.00000   360.00000     3.31207
    36.10000    90.00000   360.00000     4.25995    90.00000   360.00000     3.31218
    36.20000    90.00000   360.00000     4.26000    90.00000   360.00000     3.31229
    36.30000    90.00000   360.00000     4.26004    90.00000   360.00000     3.31241
    36.40000    90.00000   360.00000     4.26009    90.00000   360.00000     3.31252
    36.50000    90.00000   360.00000     4.26013    90.00000   360.00000     3.31263
    36.60000    90.00000   360.00000     4.26017    90.00000   360.00000     3.31275
    36.70000    90.00000   360.00000     4.26022    90.00000   360.00000     3.31286
    36.80000    90.00000   360.00000     4.26026    90.00000   360.00000     3.31297
    36.90000    90.00000   360.00000     4.26031    90.00000   360.00000     3.31309
    37.00000    90.00000   360.00000     4.26035    90.00000   360.00000     3.31320
    37.10000    90.00000   360.00000     4.26039    90.00000   360.00000     3.31331
    37.20000    90.00000   360.00000     4.26044    90.00000   360.00000     3.31343
    37.30000    90.00000   360.00000     4.26048    90.00000   360.00000     3.31354
    37.40000    90.00000   360.00000     4.26052    90.00000   360.00000     3.31365
    37.50000    90.00000   360.00000     4.26057    90.00000   360.00000     3.31377
    37.60000    90.00000   360.00000     4.26061    90.00000   360.00000     3.31388
    37.70000    90.00000   360.00000     4.26066    90.00000   360.00000     3.31399
    37.80000    90.00000   360.00000     4.26070    90.00000   360.00000     3.31411
    37.90000    90.00000   360.00000     4.26074    90.00000   360.00000     3.31422
    38.00000    90.00000   360.00000     4.26079    90.00000   360.00000     3.31433
    38.10000    90.00000   360.00000     4.26083    90.00000   360.00000     3.31445
    38.20000    90.00000   360.00000     4.26087    90.00000   360.00000     3.31456
    38.30000    90.00000   360.00000     4.26092    90.00000   360.00000     3.31467
    38.40000    90.00000   360.00000     4.26096    90.00000   360.00000     3.31478
    38.50000    90.00000   360.00000     4.26100    90.00000   360.00000     3.31490
    38.60000    90.00000   360.00000     4.26105    90.00000   360.00000     3.31501
    38.70000    90.00000   360.00000     4.26109    90.00000   360.00000     3.31512
    38.80000    90.00000   360.00000     4.26113    90.00000   360.00000     3.31524
    38.90000    90.00000   360.00000     4.26118    90.00000   360.00000     3.31535
    39.00000    90.00000   360.00000     4.26122    90.00000   360.00000     3.31546
    39.10000    90.00000   360.00000     4.26126    90.00000   360.00000     3.31557
    39.20000    90.00000   360.00000     4.26131    90.00000   360.00000     3.31569
    39.30000    90.00000   360.00000     4.26135    90.00000   360.00000     3.31580
    39.40000    90.00000   360.00000     4.26139    90.00000   360.00000     3.31591
    39.50000    90.00000   360.00000     4.26144    90.00000   360.00000     3.31602
    39.60000    90.00000   360.00000     4.26148    90.00000   360.00000     3.31614
    39.70000    90.00000   360.00000     4.26152    90.00000   360.00000     3.31625
    39.80000    90.00000   360.00000     4.26156    90.00000   360.00000     3.31636
    39.90000    90.00000   360.00000     4.26161    90.00000   360.00000     3.31647
    40.00000    90.00000   360.00000     4.26165    90.00000   360.00000     3.31659
