  0.000000000000000E+000  9.068935096098836E-017  0.000000000000000E+000
  0.100000000000000       1.037266022448038E-002 -4.396810523892378E-004
  0.200000000000000       2.222647639871615E-002 -1.764647164368965E-003
  0.300000000000000       3.259742343779343E-002 -3.970592887750729E-003
  0.400000000000000       4.444794685979737E-002 -7.060984960077977E-003
  0.500000000000000       5.481484492649577E-002 -1.103591192097554E-002
  0.600000000000000       6.665940657306656E-002 -1.589618959100776E-002
  0.700000000000000       7.701992079233624E-002 -2.164500675777141E-002
  0.800000000000000       8.885585298300799E-002 -2.828217910569791E-002
  0.900000000000000       9.920764991759526E-002 -3.581196146966581E-002
   1.00000000000000       0.111032286915463      -4.423555015304698E-002
   1.10000000000000       0.121373035091457      -5.355550068873195E-002
   1.20000000000000       0.133183713703566      -6.377748982455132E-002
   1.30000000000000       0.144985859954610      -7.490130645372614E-002
   1.40000000000000       0.155305144312660      -8.693366296496581E-002
   1.50000000000000       0.167089254928198      -9.987898632294721E-002
   1.60000000000000       0.178862661037805      -0.113740070583166     
   1.70000000000000       0.190624608382954      -0.128522473235109     
   1.80000000000000       0.202374343439218      -0.144232090495099     
   1.90000000000000       0.214111113464544      -0.160875148592781     
   2.00000000000000       0.225834166547481      -0.178458194561960     
   2.10000000000000       0.237542751655346      -0.196988086547013     
   2.20000000000000       0.249236118682343      -0.216471983636701     
   2.30000000000000       0.260913518497615      -0.236917335237773     
   2.40000000000000       0.274030576041338      -0.258332300593126     
   2.50000000000000       0.285671562914813      -0.280730131272487     
   2.60000000000000       0.298745760117071      -0.304114988948391     
   2.70000000000000       0.310346966471076      -0.328503483618430     
   2.80000000000000       0.323374521146123      -0.353903397428554     
   2.90000000000000       0.336375856084102      -0.380327992984785     
   3.00000000000000       0.349349917115431      -0.407791256967347     
   3.10000000000000       0.362295652281941      -0.436307511864589     
   3.20000000000000       0.376645304173458      -0.465891430993820     
   3.30000000000000       0.389527796155436      -0.496564358440076     
   3.40000000000000       0.403804588409497      -0.528340392972796     
   3.50000000000000       0.418040959568405      -0.561241746884493     
   3.60000000000000       0.432235484562386      -0.595291020310061     
   3.70000000000000       0.446386742510494      -0.630511111599939     
   3.80000000000000       0.461901462295839      -0.666931695144686     
   3.90000000000000       0.477360235858051      -0.704580305878089     
   4.00000000000000       0.494158346056436      -0.743490546091402     
   4.10000000000000       0.509494098934607      -0.783700955048595     
   4.20000000000000       0.527538464917222      -0.825253407852536     
   4.30000000000000       0.544115662022974      -0.868194950768337     
   4.40000000000000       0.563356429813183      -0.912583195780683     
   4.50000000000000        1.48106949732984       -1.01459509076868     
   4.60000000000000        1.48106949732984       -1.13328047989357     
   4.70000000000000        1.48106949732984       -1.25196586901846     
   4.80000000000000        1.48106949732984       -1.37065125814336     
   4.90000000000000        1.48106949732984       -1.48933664726825     
   5.00000000000000        1.48106949732984       -1.60802203639314     
   5.10000000000000        1.48106949732984       -1.72670742551804     
   5.20000000000000        1.48106949732984       -1.84539281464293     
   5.30000000000000        1.48106949732984       -1.96407820376782     
   5.40000000000000        1.48106949732984       -2.08276359289271     
   5.50000000000000        1.48106949732984       -2.20144898201761     
   5.60000000000000        1.48106949732984       -2.32013437114250     
   5.70000000000000        1.48106949732984       -2.43881976026739     
   5.80000000000000        1.48106949732984       -2.55750514939229     
   5.90000000000000        1.48106949732984       -2.67619053851718     
   6.00000000000000        1.48106949732984       -2.79487592764207     
   6.10000000000000        1.48106949732984       -2.91356131676697     
   6.20000000000000        1.48106949732984       -3.03224670589186     
   6.30000000000000        1.48106949732984       -3.15093209501675     
   6.40000000000000        1.48106949732984       -3.26961748414164     
   6.50000000000000        1.48106949732984       -3.38830287326654     
   6.60000000000000        1.48106949732984       -3.50698826239143     
   6.70000000000000        1.48106949732984       -3.62567365151633     
   6.80000000000000        1.48106949732984       -3.74435904064122     
   6.90000000000000        1.48106949732984       -3.86304442976611     
   7.00000000000000        1.48106949732984       -3.98172981889100     
   7.10000000000000        1.48106949732984       -4.10041520801590     
   7.20000000000000        1.48106949732984       -4.21910059714079     
   7.30000000000000        1.48106949732984       -4.33778598626568     
   7.40000000000000        1.48106949732984       -4.45647137539058     
   7.50000000000000        1.48106949732984       -4.57515676451547     
   7.60000000000000        1.48106949732984       -4.69384215364036     
   7.70000000000000        1.48106949732984       -4.81252754276526     
   7.80000000000000        1.48106949732984       -4.93121293189015     
   7.90000000000000        1.48106949732984       -5.04989832101504     
   8.00000000000000        1.48106949732984       -5.16858371013994     
   8.10000000000000        1.48106949732984       -5.28726909926483     
   8.20000000000000        1.48106949732984       -5.40595448838972     
   8.30000000000000        1.48106949732984       -5.52463987751461     
   8.40000000000000        1.48106949732984       -5.64332526663951     
   8.50000000000000        1.48106949732984       -5.76201065576440     
   8.60000000000000        1.48106949732984       -5.88069604488929     
   8.70000000000000        1.48106949732984       -5.99938143401418     
   8.80000000000000        1.48106949732984       -6.11806682313908     
   8.90000000000000        1.48106949732984       -6.23675221226397     
   9.00000000000000        1.48106949732984       -6.35543760138887     
   9.10000000000000        1.48106949732984       -6.47412299051376     
   9.20000000000000        1.48106949732984       -6.59280837963865     
   9.30000000000000        1.48106949732984       -6.71149376876354     
   9.40000000000000        1.48106949732984       -6.83017915788843     
   9.50000000000000        1.48106949732984       -6.94886454701333     
   9.60000000000000        1.48106949732984       -7.06754993613822     
   9.70000000000000        1.48106949732984       -7.18623532526311     
   9.80000000000000        1.48106949732984       -7.30492071438801     
   9.90000000000000        1.48106949732984       -7.42360610351290     
   10.0000000000000        1.48106949732984       -7.54229149263780     
   10.1000000000000        1.48106949732984       -7.66097688176269     
   10.2000000000000        1.48106949732984       -7.77966227088758     
   10.3000000000000        1.48106949732984       -7.89834766001247     
   10.4000000000000        1.48106949732984       -8.01703304913737     
   10.5000000000000        1.48106949732984       -8.13571843826226     
   10.6000000000000        1.48106949732984       -8.25440382738715     
   10.7000000000000        1.48106949732984       -8.37308921651204     
   10.8000000000000        1.48106949732984       -8.49177460563694     
   10.9000000000000        1.48106949732984       -8.61045999476183     
   11.0000000000000        1.48106949732984       -8.72914538388672     
   11.1000000000000        1.48106949732984       -8.84783077301162     
   11.2000000000000        1.48106949732984       -8.96651616213651     
   11.3000000000000        1.48106949732984       -9.08520155126141     
   11.4000000000000        1.48106949732984       -9.20388694038630     
   11.5000000000000        1.48106949732984       -9.32257232951119     
   11.6000000000000        1.48106949732984       -9.44125771863608     
   11.7000000000000        1.48106949732984       -9.55994310776098     
   11.8000000000000        1.48106949732984       -9.67862849688587     
   11.9000000000000        1.48106949732984       -9.79731388601076     
   12.0000000000000        1.48106949732984       -9.91599927513566     
   12.1000000000000        1.48106949732984       -10.0346846642605     
   12.2000000000000        1.48106949732984       -10.1533700533854     
   12.3000000000000        1.48106949732984       -10.2720554425103     
   12.4000000000000        1.48106949732984       -10.3907408316352     
   12.5000000000000        1.48106949732984       -10.5094262207601     
   12.6000000000000        1.48106949732984       -10.6281116098850     
   12.7000000000000        1.48106949732984       -10.7467969990099     
   12.8000000000000        1.48106949732984       -10.8654823881348     
   12.9000000000000        1.48106949732984       -10.9841677772597     
   13.0000000000000        1.48106949732984       -11.1028531663846     
   13.1000000000000        1.48106949732984       -11.2215385555095     
   13.2000000000000        1.48106949732984       -11.3402239446344     
   13.3000000000000        1.48106949732984       -11.4589093337593     
   13.4000000000000        1.48106949732984       -11.5775947228842     
   13.5000000000000        1.48106949732984       -11.6962801120091     
   13.6000000000000        1.48106949732984       -11.8149655011339     
   13.7000000000000        1.48106949732984       -11.9336508902588     
   13.8000000000000        1.48106949732984       -12.0523362793837     
   13.9000000000000        1.48106949732984       -12.1710216685086     
   14.0000000000000        1.48106949732984       -12.2897070576335     
   14.1000000000000        1.48106949732984       -12.4083924467584     
   14.2000000000000        1.48106949732984       -12.5270778358833     
   14.3000000000000        1.48106949732984       -12.6457632250082     
   14.4000000000000        1.48106949732984       -12.7644486141331     
   14.5000000000000        1.48106949732984       -12.8831340032580     
   14.6000000000000        1.48106949732984       -13.0018193923829     
   14.7000000000000        1.48106949732984       -13.1205047815078     
   14.8000000000000        1.48106949732984       -13.2391901706327     
   14.9000000000000        1.48106949732984       -13.3578755597576     
   15.0000000000000        1.48106949732984       -13.4765609488824     
   15.1000000000000        1.48106949732984       -13.5952463380073     
   15.2000000000000        1.48106949732984       -13.7139317271322     
   15.3000000000000        1.48106949732984       -13.8326171162571     
   15.4000000000000        1.48106949732984       -13.9513025053820     
   15.5000000000000        1.48106949732984       -14.0699878945069     
   15.6000000000000        1.48106949732984       -14.1886732836318     
   15.7000000000000        1.48106949732984       -14.3073586727567     
   15.8000000000000        1.48106949732984       -14.4260440618816     
   15.9000000000000        1.48106949732984       -14.5447294510065     
   16.0000000000000        1.48106949732984       -14.6634148401314     
   16.1000000000000        1.48106949732984       -14.7821002292563     
   16.2000000000000        1.48106949732984       -14.9007856183812     
   16.3000000000000        1.48106949732984       -15.0194710075061     
   16.4000000000000        1.48106949732984       -15.1381563966309     
   16.5000000000000        1.48106949732984       -15.2568417857558     
   16.6000000000000        1.48106949732984       -15.3755271748807     
   16.7000000000000        1.48106949732984       -15.4942125640056     
   16.8000000000000        1.48106949732984       -15.6128979531305     
   16.9000000000000        1.48106949732984       -15.7315833422554     
   17.0000000000000        1.48106949732984       -15.8502687313803     
   17.1000000000000        1.48106949732984       -15.9689541205052     
   17.2000000000000        1.48106949732984       -16.0876395096301     
   17.3000000000000        1.48106949732984       -16.2063248987550     
   17.4000000000000        1.48106949732984       -16.3250102878799     
   17.5000000000000        1.48106949732984       -16.4436956770048     
   17.6000000000000        1.48106949732984       -16.5623810661297     
   17.7000000000000        1.48106949732984       -16.6810664552546     
   17.8000000000000        1.48106949732984       -16.7997518443795     
   17.9000000000000        1.48106949732984       -16.9184372335043     
   18.0000000000000        1.48106949732984       -17.0371226226292     
   18.1000000000000        1.48106949732984       -17.1558080117541     
   18.2000000000000        1.48106949732984       -17.2744934008790     
   18.3000000000000        1.48106949732984       -17.3931787900039     
   18.4000000000000        1.48106949732984       -17.5118641791288     
   18.5000000000000        1.48106949732984       -17.6305495682537     
   18.6000000000000        1.48106949732984       -17.7492349573786     
   18.7000000000000        1.48106949732984       -17.8679203465035     
   18.8000000000000        1.48106949732984       -17.9866057356284     
   18.9000000000000        1.48106949732984       -18.1052911247533     
   19.0000000000000        1.48106949732984       -18.2239765138782     
   19.1000000000000        1.48106949732984       -18.3426619030031     
   19.2000000000000        1.48106949732984       -18.4613472921280     
   19.3000000000000        1.48106949732984       -18.5800326812529     
   19.4000000000000        1.48106949732984       -18.6987180703777     
   19.5000000000000        1.48106949732984       -18.8174034595026     
   19.6000000000000        1.48106949732984       -18.9360888486275     
   19.7000000000000        1.48106949732984       -19.0547742377524     
   19.8000000000000        1.48106949732984       -19.1734596268773     
   19.9000000000000        1.48106949732984       -19.2921450160022     
   20.0000000000000        1.48106949732984       -19.4108304051271     
   20.1000000000000        1.48106949732984       -19.5295157942520     
   20.2000000000000        1.48106949732984       -19.6482011833769     
   20.3000000000000        1.48106949732984       -19.7668865725018     
   20.4000000000000        1.48106949732984       -19.8855719616267     
   20.5000000000000        1.48106949732984       -20.0042573507516     
   20.6000000000000        1.48106949732984       -20.1229427398765     
   20.7000000000000        1.48106949732984       -20.2416281290014     
   20.8000000000000        1.48106949732984       -20.3603135181262     
   20.9000000000000        1.48106949732984       -20.4789989072511     
   21.0000000000000        1.48106949732984       -20.5976842963760     
   21.1000000000000        1.48106949732984       -20.7163696855009     
   21.2000000000000        1.48106949732984       -20.8350550746258     
   21.3000000000000        1.48106949732984       -20.9537404637507     
   21.4000000000000        1.48106949732984       -21.0724258528756     
   21.5000000000000        1.48106949732984       -21.1911112420005     
   21.6000000000000        1.48106949732984       -21.3097966311254     
   21.7000000000000        1.48106949732984       -21.4284820202503     
   21.8000000000000        1.48106949732984       -21.5471674093752     
   21.9000000000000        1.48106949732984       -21.6658527985001     
   22.0000000000000        1.48106949732984       -21.7845381876250     
   22.1000000000000        1.48106949732984       -21.9032235767499     
   22.2000000000000        1.48106949732984       -22.0219089658747     
   22.3000000000000        1.48106949732984       -22.1405943549996     
   22.4000000000000        1.48106949732984       -22.2592797441245     
   22.5000000000000        1.48106949732984       -22.3779651332494     
   22.6000000000000        1.48106949732984       -22.4966505223743     
   22.7000000000000        1.48106949732984       -22.6153359114992     
   22.8000000000000        1.48106949732984       -22.7340213006241     
   22.9000000000000        1.48106949732984       -22.8527066897490     
   23.0000000000000        1.48106949732984       -22.9713920788739     
   23.1000000000000        1.48106949732984       -23.0900774679988     
   23.2000000000000        1.48106949732984       -23.2087628571237     
   23.3000000000000        1.48106949732984       -23.3274482462486     
   23.4000000000000        1.48106949732984       -23.4461336353735     
   23.5000000000000        1.48106949732984       -23.5648190244984     
   23.6000000000000        1.48106949732984       -23.6835044136233     
   23.7000000000000        1.48106949732984       -23.8021898027481     
   23.8000000000000        1.48106949732984       -23.9208751918730     
   23.9000000000000        1.48106949732984       -24.0395605809979     
   24.0000000000000        1.48106949732984       -24.1582459701228     
   24.1000000000000        1.48106949732984       -24.2769313592477     
   24.2000000000000        1.48106949732984       -24.3956167483726     
   24.3000000000000        1.48106949732984       -24.5143021374975     
   24.4000000000000        1.48106949732984       -24.6329875266224     
   24.5000000000000        1.48106949732984       -24.7516729157473     
   24.6000000000000        1.48106949732984       -24.8703583048722     
   24.7000000000000        1.48106949732984       -24.9890436939971     
   24.8000000000000        1.48106949732984       -25.1077290831220     
   24.9000000000000        1.48106949732984       -25.2264144722469     
   25.0000000000000        1.48106949732984       -25.3450998613718     
   25.1000000000000        1.48106949732984       -25.4637852504966     
   25.2000000000000        1.48106949732984       -25.5824706396215     
   25.3000000000000        1.48106949732984       -25.7011560287464     
   25.4000000000000        1.48106949732984       -25.8198414178713     
   25.5000000000000        1.48106949732984       -25.9385268069962     
   25.6000000000000        1.48106949732984       -26.0572121961211     
   25.7000000000000        1.48106949732984       -26.1758975852460     
   25.8000000000000        1.48106949732984       -26.2945829743709     
   25.9000000000000        1.48106949732984       -26.4132683634958     
   26.0000000000000        1.48106949732984       -26.5319537526207     
   26.1000000000000        1.48106949732984       -26.6506391417456     
   26.2000000000000        1.48106949732984       -26.7693245308705     
   26.3000000000000        1.48106949732984       -26.8880099199954     
   26.4000000000000        1.48106949732984       -27.0066953091203     
   26.5000000000000        1.48106949732984       -27.1253806982452     
   26.6000000000000        1.48106949732984       -27.2440660873700     
   26.7000000000000        1.48106949732984       -27.3627514764949     
   26.8000000000000        1.48106949732984       -27.4814368656198     
   26.9000000000000        1.48106949732984       -27.6001222547447     
   27.0000000000000        1.48106949732984       -27.7188076438696     
   27.1000000000000        1.48106949732984       -27.8374930329945     
   27.2000000000000        1.48106949732984       -27.9561784221194     
   27.3000000000000        1.48106949732984       -28.0748638112443     
   27.4000000000000        1.48106949732984       -28.1935492003692     
   27.5000000000000        1.48106949732984       -28.3122345894941     
   27.6000000000000        1.48106949732984       -28.4309199786190     
   27.7000000000000        1.48106949732984       -28.5496053677439     
   27.8000000000000        1.48106949732984       -28.6682907568688     
   27.9000000000000        1.48106949732984       -28.7869761459937     
   28.0000000000000        1.48106949732984       -28.9056615351185     
   28.1000000000000        1.48106949732984       -29.0243469242434     
   28.2000000000000        1.48106949732984       -29.1430323133683     
   28.3000000000000        1.48106949732984       -29.2617177024932     
   28.4000000000000        1.48106949732984       -29.3804030916181     
   28.5000000000000        1.48106949732984       -29.4990884807430     
   28.6000000000000        1.48106949732984       -29.6177738698679     
   28.7000000000000        1.48106949732984       -29.7364592589928     
   28.8000000000000        1.48106949732984       -29.8551446481177     
   28.9000000000000        1.48106949732984       -29.9738300372426     
   29.0000000000000        1.48106949732984       -30.0925154263675     
   29.1000000000000        1.48106949732984       -30.2112008154924     
   29.2000000000000        1.48106949732984       -30.3298862046173     
   29.3000000000000        1.48106949732984       -30.4485715937422     
   29.4000000000000        1.48106949732984       -30.5672569828670     
   29.5000000000000        1.48106949732984       -30.6859423719919     
   29.6000000000000        1.48106949732984       -30.8046277611168     
   29.7000000000000        1.48106949732984       -30.9233131502417     
   29.8000000000000        1.48106949732984       -31.0419985393666     
   29.9000000000000        1.48106949732984       -31.1606839284915     
   30.0000000000000        1.48106949732984       -31.2793693176164     
   30.1000000000000        1.48106949732984       -31.3980547067413     
   30.2000000000000        1.48106949732984       -31.5167400958662     
   30.3000000000000        1.48106949732984       -31.6354254849911     
   30.4000000000000        1.48106949732984       -31.7541108741160     
   30.5000000000000        1.48106949732984       -31.8727962632409     
   30.6000000000000        1.48106949732984       -31.9914816523658     
   30.7000000000000        1.48106949732984       -32.1101670414907     
   30.8000000000000        1.48106949732984       -32.2288524306156     
   30.9000000000000        1.48106949732984       -32.3475378197404     
   31.0000000000000        1.48106949732984       -32.4662232088653     
   31.1000000000000        1.48106949732984       -32.5849085979902     
   31.2000000000000        1.48106949732984       -32.7035939871151     
   31.3000000000000        1.48106949732984       -32.8222793762400     
   31.4000000000000        1.48106949732984       -32.9409647653649     
   31.5000000000000        1.48106949732984       -33.0596501544898     
   31.6000000000000        1.48106949732984       -33.1783355436147     
   31.7000000000000        1.48106949732984       -33.2970209327396     
   31.8000000000000        1.48106949732984       -33.4157063218645     
   31.9000000000000        1.48106949732984       -33.5343917109894     
   32.0000000000000        1.48106949732984       -33.6530771001143     
   32.1000000000000        1.48106949732984       -33.7717624892392     
   32.2000000000000        1.48106949732984       -33.8904478783640     
   32.3000000000000        1.48106949732984       -34.0091332674889     
   32.4000000000000        1.48106949732984       -34.1278186566138     
   32.5000000000000        1.48106949732984       -34.2465040457387     
   32.6000000000000        1.48106949732984       -34.3651894348636     
   32.7000000000000        1.48106949732984       -34.4838748239885     
   32.8000000000000        1.48106949732984       -34.6025602131134     
   32.9000000000000        1.48106949732984       -34.7212456022383     
   33.0000000000000        1.48106949732984       -34.8399309913632     
   33.1000000000000        1.48106949732984       -34.9586163804881     
   33.2000000000000        1.48106949732984       -35.0773017696130     
   33.3000000000000        1.48106949732984       -35.1959871587379     
   33.4000000000000        1.48106949732984       -35.3146725478628     
   33.5000000000000        1.48106949732984       -35.4333579369877     
   33.6000000000000        1.48106949732984       -35.5520433261126     
   33.7000000000000        1.48106949732984       -35.6707287152375     
   33.8000000000000        1.48106949732984       -35.7894141043624     
   33.9000000000000        1.48106949732984       -35.9080994934872     
   34.0000000000000        1.48106949732984       -36.0267848826121     
   34.1000000000000        1.48106949732984       -36.1454702717370     
   34.2000000000000        1.48106949732984       -36.2641556608619     
   34.3000000000000        1.48106949732984       -36.3828410499868     
   34.4000000000000        1.48106949732984       -36.5015264391117     
   34.5000000000000        1.48106949732984       -36.6202118282366     
   34.6000000000000        1.48106949732984       -36.7388972173615     
   34.7000000000000        1.48106949732984       -36.8575826064864     
   34.8000000000000        1.48106949732984       -36.9762679956113     
   34.9000000000000        1.48106949732984       -37.0949533847362     
   35.0000000000000        1.48106949732984       -37.2136387738611     
   35.1000000000000        1.48106949732984       -37.3323241629860     
   35.2000000000000        1.48106949732984       -37.4510095521108     
   35.3000000000000        1.48106949732984       -37.5696949412357     
   35.4000000000000        1.48106949732984       -37.6883803303606     
   35.5000000000000        1.48106949732984       -37.8070657194855     
   35.6000000000000        1.48106949732984       -37.9257511086104     
   35.7000000000000        1.48106949732984       -38.0444364977353     
   35.8000000000000        1.48106949732984       -38.1631218868602     
   35.9000000000000        1.48106949732984       -38.2818072759851     
   36.0000000000000        1.48106949732984       -38.4004926651100     
   36.1000000000000        1.48106949732984       -38.5191780542349     
   36.2000000000000        1.48106949732984       -38.6378634433598     
   36.3000000000000        1.48106949732984       -38.7565488324847     
   36.4000000000000        1.48106949732984       -38.8752342216096     
   36.5000000000000        1.48106949732984       -38.9939196107345     
   36.6000000000000        1.48106949732984       -39.1126049998594     
   36.7000000000000        1.48106949732984       -39.2312903889842     
   36.8000000000000        1.48106949732984       -39.3499757781091     
   36.9000000000000        1.48106949732984       -39.4686611672340     
   37.0000000000000        1.48106949732984       -39.5873465563589     
   37.1000000000000        1.48106949732984       -39.7060319454838     
   37.2000000000000        1.48106949732984       -39.8247173346087     
   37.3000000000000        1.48106949732984       -39.9434027237336     
   37.4000000000000        1.48106949732984       -40.0620881128585     
   37.5000000000000        1.48106949732984       -40.1807735019834     
   37.6000000000000        1.48106949732984       -40.2994588911083     
   37.7000000000000        1.48106949732984       -40.4181442802332     
   37.8000000000000        1.48106949732984       -40.5368296693581     
   37.9000000000000        1.48106949732984       -40.6555150584830     
   38.0000000000000        1.48106949732984       -40.7742004476078     
   38.1000000000000        1.48106949732984       -40.8928858367327     
   38.2000000000000        1.48106949732984       -41.0115712258576     
   38.3000000000000        1.48106949732984       -41.1302566149825     
   38.4000000000000        1.48106949732984       -41.2489420041074     
   38.5000000000000        1.48106949732984       -41.3676273932323     
   38.6000000000000        1.48106949732984       -41.4863127823572     
   38.7000000000000        1.48106949732984       -41.6049981714821     
   38.8000000000000        1.48106949732984       -41.7236835606070     
   38.9000000000000        1.48106949732984       -41.8423689497319     
   39.0000000000000        1.48106949732984       -41.9610543388568     
   39.1000000000000        1.48106949732984       -42.0797397279817     
   39.2000000000000        1.48106949732984       -42.1984251171066     
   39.3000000000000        1.48106949732984       -42.3171105062315     
   39.4000000000000        1.48106949732984       -42.4357958953563     
   39.5000000000000        1.48106949732984       -42.5544812844812     
   39.6000000000000        1.48106949732984       -42.6731666736061     
   39.7000000000000        1.48106949732984       -42.7918520627310     
   39.8000000000000        1.48106949732984       -42.9105374518559     
   39.9000000000000        1.48106949732984       -43.0292228409808     
   40.0000000000000        1.48106949732984       -43.1479082301057     
