  0.000000000000000E+000  9.993249232161549E-017  0.000000000000000E+000
  0.100000000000000       1.959372010053941E-002 -7.892613232654182E-004
  0.200000000000000       3.918461587637774E-002 -3.157100189393120E-003
  0.300000000000000       6.040162391374868E-002 -7.105611070269135E-003
  0.400000000000000       7.997756675970201E-002 -1.263374445652627E-002
  0.500000000000000       9.954198128861474E-002 -1.974138445516505E-002
  0.600000000000000       0.119092047400019      -2.842904216821695E-002
  0.700000000000000       0.140251825548382      -3.869972316909576E-002
  0.800000000000000       0.159762951031478      -5.055252845444555E-002
  0.900000000000000       0.179251047582519      -6.398769828301885E-002
   1.00000000000000       0.200333906711310      -7.900840229783733E-002
   1.10000000000000       0.219765008368088      -9.561509377167000E-002
   1.20000000000000       0.240779533186294      -0.113807640686677     
   1.30000000000000       0.260141483821271      -0.133591439375937     
   1.40000000000000       0.279465936522484      -0.154963631872266     
   1.50000000000000       0.300355214355979      -0.177930593528934     
   1.60000000000000       0.321193681369057      -0.202490171765591     
   1.70000000000000       0.340381042199598      -0.228648034166585     
   1.80000000000000       0.361111895860171      -0.256404546021108     
   1.90000000000000       0.381781660547374      -0.285761889203237     
   2.00000000000000       0.400804198185379      -0.316723719382840     
   2.10000000000000       0.421346665554711      -0.349293413868520     
   2.20000000000000       0.441817854089073      -0.383472792793711     
   2.30000000000000       0.462214300695984      -0.419265106146281     
   2.40000000000000       0.482532554926987      -0.456673619703058     
   2.50000000000000       0.504322363625554      -0.495701734462372     
   2.60000000000000       0.524467251323351      -0.536354763727392     
   2.70000000000000       0.544523415369791      -0.578634458197088     
   2.80000000000000       0.566019246415306      -0.622544540413328     
   2.90000000000000       0.585880314984557      -0.668091717284859     
   3.00000000000000       0.607158219906051      -0.715277833703590     
   3.10000000000000       0.628317003013368      -0.764107914309513     
   3.20000000000000       0.647854152878719      -0.814588012924760     
   3.30000000000000       0.668771499108281      -0.866722155633063     
   3.40000000000000       0.691037230571755      -0.920515960239915     
   3.50000000000000       0.711678259706037      -0.975974943836412     
   3.60000000000000       0.732179660646832       -1.03310331142658     
   3.70000000000000       0.753985933606261       -1.09190882996000     
   3.80000000000000       0.775622390779621       -1.15239594180696     
   3.90000000000000       0.797084159115813       -1.21457191583746     
   4.00000000000000       0.818366404907870       -1.27844355759579     
   4.10000000000000       0.839464334881624       -1.34401715441118     
   4.20000000000000       0.861760283439074       -1.41129948246417     
   4.30000000000000       0.882462284248222       -1.48029866461639     
   4.40000000000000       0.904325236477443       -1.55102232886966     
   4.50000000000000       0.927300581170623       -1.62347834165523     
   4.60000000000000       0.948679503183364       -1.69767518365708     
   4.70000000000000       0.971128114923956       -1.77362090551944     
   4.80000000000000       0.993295792634301       -1.85132473936551     
   4.90000000000000        1.01517612350960       -1.93079549669274     
   5.00000000000000        1.03802330153863       -2.01204431814393     
   5.10000000000000        1.06053382785809       -2.09507974003563     
   5.20000000000000        1.08392164819912       -2.17991306745756     
   5.30000000000000        1.10691778757799       -2.26655470184226     
   5.40000000000000        1.12951393621509       -2.35501630992698     
   5.50000000000000        1.15285825906474       -2.44530943814138     
   5.60000000000000        1.17574098609741       -2.53744581970141     
   5.70000000000000        1.20036791333566       -2.63143940209220     
   5.80000000000000        1.22333310636098       -2.72730311917282     
   5.90000000000000        1.24786548620650       -2.82505006455064     
   6.00000000000000        1.27173710455313       -2.92469554646087     
   6.10000000000000        1.29592847237533       -3.02625412204045     
   6.20000000000000        1.32033308925839       -3.12974166955103     
   6.30000000000000        1.34483745701703       -3.23517459593778     
   6.40000000000000        1.37020864285901       -3.34257016655319     
   6.50000000000000        1.39535214820296       -3.45194643942329     
   6.60000000000000        1.42012637104776       -3.56332208386747     
   6.70000000000000        1.44589958289994       -3.67671718691403     
   6.80000000000000        1.47221742267204       -3.79215219403117     
   6.90000000000000        1.49857233557678       -3.90964877285824     
   7.00000000000000        1.52498450471346       -4.02923014731999     
   7.10000000000000        1.55163928102089       -4.15092023553843     
   7.20000000000000        1.57878112428052       -4.27474437503830     
   7.30000000000000        1.60620906402872       -4.40072944840557     
   7.40000000000000        1.63202145126566       -4.52889789258793     
   7.50000000000000        1.63202145126566       -4.65801500040863     
   7.60000000000000        1.63202145126566       -4.78713210822932     
   7.70000000000000        1.63202145126566       -4.91624921605002     
   7.80000000000000        1.63202145126566       -5.04536632387071     
   7.90000000000000        1.63202145126566       -5.17448343169141     
   8.00000000000000        1.63202145126566       -5.30360053951211     
   8.10000000000000        1.63202145126566       -5.43271764733280     
   8.20000000000000        1.63202145126566       -5.56183475515350     
   8.30000000000000        1.63202145126566       -5.69095186297420     
   8.40000000000000        1.63202145126566       -5.82006897079489     
   8.50000000000000        1.63202145126566       -5.94918607861559     
   8.60000000000000        1.63202145126566       -6.07830318643628     
   8.70000000000000        1.63202145126566       -6.20742029425698     
   8.80000000000000        1.63202145126566       -6.33653740207768     
   8.90000000000000        1.63202145126566       -6.46565450989837     
   9.00000000000000        1.63202145126566       -6.59477161771907     
   9.10000000000000        1.63202145126566       -6.72388872553976     
   9.20000000000000        1.63202145126566       -6.85300583336046     
   9.30000000000000        1.63202145126566       -6.98212294118115     
   9.40000000000000        1.63202145126566       -7.11124004900185     
   9.50000000000000        1.63202145126566       -7.24035715682255     
   9.60000000000000        1.63202145126566       -7.36947426464324     
   9.70000000000000        1.63202145126566       -7.49859137246394     
   9.80000000000000        1.63202145126566       -7.62770848028464     
   9.90000000000000        1.63202145126566       -7.75682558810533     
   10.0000000000000        1.63202145126566       -7.88594269592603     
   10.1000000000000        1.63202145126566       -8.01505980374672     
   10.2000000000000        1.63202145126566       -8.14417691156742     
   10.3000000000000        1.63202145126566       -8.27329401938812     
   10.4000000000000        1.63202145126566       -8.40241112720881     
   10.5000000000000        1.63202145126566       -8.53152823502951     
   10.6000000000000        1.63202145126566       -8.66064534285021     
   10.7000000000000        1.63202145126566       -8.78976245067090     
   10.8000000000000        1.63202145126566       -8.91887955849160     
   10.9000000000000        1.63202145126566       -9.04799666631230     
   11.0000000000000        1.63202145126566       -9.17711377413299     
   11.1000000000000        1.63202145126566       -9.30623088195368     
   11.2000000000000        1.63202145126566       -9.43534798977438     
   11.3000000000000        1.63202145126566       -9.56446509759508     
   11.4000000000000        1.63202145126566       -9.69358220541577     
   11.5000000000000        1.63202145126566       -9.82269931323647     
   11.6000000000000        1.63202145126566       -9.95181642105717     
   11.7000000000000        1.63202145126566       -10.0809335288779     
   11.8000000000000        1.63202145126566       -10.2100506366986     
   11.9000000000000        1.63202145126566       -10.3391677445193     
   12.0000000000000        1.63202145126566       -10.4682848523399     
   12.1000000000000        1.63202145126566       -10.5974019601606     
   12.2000000000000        1.63202145126566       -10.7265190679813     
   12.3000000000000        1.63202145126566       -10.8556361758020     
   12.4000000000000        1.63202145126566       -10.9847532836227     
   12.5000000000000        1.63202145126566       -11.1138703914434     
   12.6000000000000        1.63202145126566       -11.2429874992641     
   12.7000000000000        1.63202145126566       -11.3721046070848     
   12.8000000000000        1.63202145126566       -11.5012217149055     
   12.9000000000000        1.63202145126566       -11.6303388227262     
   13.0000000000000        1.63202145126566       -11.7594559305469     
   13.1000000000000        1.63202145126566       -11.8885730383676     
   13.2000000000000        1.63202145126566       -12.0176901461883     
   13.3000000000000        1.63202145126566       -12.1468072540090     
   13.4000000000000        1.63202145126566       -12.2759243618297     
   13.5000000000000        1.63202145126566       -12.4050414696504     
   13.6000000000000        1.63202145126566       -12.5341585774711     
   13.7000000000000        1.63202145126566       -12.6632756852918     
   13.8000000000000        1.63202145126566       -12.7923927931125     
   13.9000000000000        1.63202145126566       -12.9215099009332     
   14.0000000000000        1.63202145126566       -13.0506270087539     
   14.1000000000000        1.63202145126566       -13.1797441165746     
   14.2000000000000        1.63202145126566       -13.3088612243953     
   14.3000000000000        1.63202145126566       -13.4379783322160     
   14.4000000000000        1.63202145126566       -13.5670954400367     
   14.5000000000000        1.63202145126566       -13.6962125478574     
   14.6000000000000        1.63202145126566       -13.8253296556780     
   14.7000000000000        1.63202145126566       -13.9544467634987     
   14.8000000000000        1.63202145126566       -14.0835638713194     
   14.9000000000000        1.63202145126566       -14.2126809791401     
   15.0000000000000        1.63202145126566       -14.3417980869608     
   15.1000000000000        1.63202145126566       -14.4709151947815     
   15.2000000000000        1.63202145126566       -14.6000323026022     
   15.3000000000000        1.63202145126566       -14.7291494104229     
   15.4000000000000        1.63202145126566       -14.8582665182436     
   15.5000000000000        1.63202145126566       -14.9873836260643     
   15.6000000000000        1.63202145126566       -15.1165007338850     
   15.7000000000000        1.63202145126566       -15.2456178417057     
   15.8000000000000        1.63202145126566       -15.3747349495264     
   15.9000000000000        1.63202145126566       -15.5038520573471     
   16.0000000000000        1.63202145126566       -15.6329691651678     
   16.1000000000000        1.63202145126566       -15.7620862729885     
   16.2000000000000        1.63202145126566       -15.8912033808092     
   16.3000000000000        1.63202145126566       -16.0203204886299     
   16.4000000000000        1.63202145126566       -16.1494375964506     
   16.5000000000000        1.63202145126566       -16.2785547042713     
   16.6000000000000        1.63202145126566       -16.4076718120920     
   16.7000000000000        1.63202145126566       -16.5367889199127     
   16.8000000000000        1.63202145126566       -16.6659060277334     
   16.9000000000000        1.63202145126566       -16.7950231355541     
   17.0000000000000        1.63202145126566       -16.9241402433748     
   17.1000000000000        1.63202145126566       -17.0532573511954     
   17.2000000000000        1.63202145126566       -17.1823744590161     
   17.3000000000000        1.63202145126566       -17.3114915668368     
   17.4000000000000        1.63202145126566       -17.4406086746575     
   17.5000000000000        1.63202145126566       -17.5697257824782     
   17.6000000000000        1.63202145126566       -17.6988428902989     
   17.7000000000000        1.63202145126566       -17.8279599981196     
   17.8000000000000        1.63202145126566       -17.9570771059403     
   17.9000000000000        1.63202145126566       -18.0861942137610     
   18.0000000000000        1.63202145126566       -18.2153113215817     
   18.1000000000000        1.63202145126566       -18.3444284294024     
   18.2000000000000        1.63202145126566       -18.4735455372231     
   18.3000000000000        1.63202145126566       -18.6026626450438     
   18.4000000000000        1.63202145126566       -18.7317797528645     
   18.5000000000000        1.63202145126566       -18.8608968606852     
   18.6000000000000        1.63202145126566       -18.9900139685059     
   18.7000000000000        1.63202145126566       -19.1191310763266     
   18.8000000000000        1.63202145126566       -19.2482481841473     
   18.9000000000000        1.63202145126566       -19.3773652919680     
   19.0000000000000        1.63202145126566       -19.5064823997887     
   19.1000000000000        1.63202145126566       -19.6355995076094     
   19.2000000000000        1.63202145126566       -19.7647166154301     
   19.3000000000000        1.63202145126566       -19.8938337232508     
   19.4000000000000        1.63202145126566       -20.0229508310715     
   19.5000000000000        1.63202145126566       -20.1520679388922     
   19.6000000000000        1.63202145126566       -20.2811850467129     
   19.7000000000000        1.63202145126566       -20.4103021545336     
   19.8000000000000        1.63202145126566       -20.5394192623542     
   19.9000000000000        1.63202145126566       -20.6685363701749     
   20.0000000000000        1.63202145126566       -20.7976534779956     
   20.1000000000000        1.63202145126566       -20.9267705858163     
   20.2000000000000        1.63202145126566       -21.0558876936370     
   20.3000000000000        1.63202145126566       -21.1850048014577     
   20.4000000000000        1.63202145126566       -21.3141219092784     
   20.5000000000000        1.63202145126566       -21.4432390170991     
   20.6000000000000        1.63202145126566       -21.5723561249198     
   20.7000000000000        1.63202145126566       -21.7014732327405     
   20.8000000000000        1.63202145126566       -21.8305903405612     
   20.9000000000000        1.63202145126566       -21.9597074483819     
   21.0000000000000        1.63202145126566       -22.0888245562026     
   21.1000000000000        1.63202145126566       -22.2179416640233     
   21.2000000000000        1.63202145126566       -22.3470587718440     
   21.3000000000000        1.63202145126566       -22.4761758796647     
   21.4000000000000        1.63202145126566       -22.6052929874854     
   21.5000000000000        1.63202145126566       -22.7344100953061     
   21.6000000000000        1.63202145126566       -22.8635272031268     
   21.7000000000000        1.63202145126566       -22.9926443109475     
   21.8000000000000        1.63202145126566       -23.1217614187682     
   21.9000000000000        1.63202145126566       -23.2508785265889     
   22.0000000000000        1.63202145126566       -23.3799956344096     
   22.1000000000000        1.63202145126566       -23.5091127422303     
   22.2000000000000        1.63202145126566       -23.6382298500509     
   22.3000000000000        1.63202145126566       -23.7673469578717     
   22.4000000000000        1.63202145126566       -23.8964640656923     
   22.5000000000000        1.63202145126566       -24.0255811735130     
   22.6000000000000        1.63202145126566       -24.1546982813337     
   22.7000000000000        1.63202145126566       -24.2838153891544     
   22.8000000000000        1.63202145126566       -24.4129324969751     
   22.9000000000000        1.63202145126566       -24.5420496047958     
   23.0000000000000        1.63202145126566       -24.6711667126165     
   23.1000000000000        1.63202145126566       -24.8002838204372     
   23.2000000000000        1.63202145126566       -24.9294009282579     
   23.3000000000000        1.63202145126566       -25.0585180360786     
   23.4000000000000        1.63202145126566       -25.1876351438993     
   23.5000000000000        1.63202145126566       -25.3167522517200     
   23.6000000000000        1.63202145126566       -25.4458693595407     
   23.7000000000000        1.63202145126566       -25.5749864673614     
   23.8000000000000        1.63202145126566       -25.7041035751821     
   23.9000000000000        1.63202145126566       -25.8332206830028     
   24.0000000000000        1.63202145126566       -25.9623377908235     
   24.1000000000000        1.63202145126566       -26.0914548986442     
   24.2000000000000        1.63202145126566       -26.2205720064649     
   24.3000000000000        1.63202145126566       -26.3496891142856     
   24.4000000000000        1.63202145126566       -26.4788062221063     
   24.5000000000000        1.63202145126566       -26.6079233299270     
   24.6000000000000        1.63202145126566       -26.7370404377477     
   24.7000000000000        1.63202145126566       -26.8661575455683     
   24.8000000000000        1.63202145126566       -26.9952746533890     
   24.9000000000000        1.63202145126566       -27.1243917612097     
   25.0000000000000        1.63202145126566       -27.2535088690304     
   25.1000000000000        1.63202145126566       -27.3826259768511     
   25.2000000000000        1.63202145126566       -27.5117430846718     
   25.3000000000000        1.63202145126566       -27.6408601924925     
   25.4000000000000        1.63202145126566       -27.7699773003132     
   25.5000000000000        1.63202145126566       -27.8990944081339     
   25.6000000000000        1.63202145126566       -28.0282115159546     
   25.7000000000000        1.63202145126566       -28.1573286237753     
   25.8000000000000        1.63202145126566       -28.2864457315960     
   25.9000000000000        1.63202145126566       -28.4155628394167     
   26.0000000000000        1.63202145126566       -28.5446799472374     
   26.1000000000000        1.63202145126566       -28.6737970550581     
   26.2000000000000        1.63202145126566       -28.8029141628788     
   26.3000000000000        1.63202145126566       -28.9320312706995     
   26.4000000000000        1.63202145126566       -29.0611483785202     
   26.5000000000000        1.63202145126566       -29.1902654863409     
   26.6000000000000        1.63202145126566       -29.3193825941616     
   26.7000000000000        1.63202145126566       -29.4484997019823     
   26.8000000000000        1.63202145126566       -29.5776168098030     
   26.9000000000000        1.63202145126566       -29.7067339176237     
   27.0000000000000        1.63202145126566       -29.8358510254444     
   27.1000000000000        1.63202145126566       -29.9649681332651     
   27.2000000000000        1.63202145126566       -30.0940852410858     
   27.3000000000000        1.63202145126566       -30.2232023489065     
   27.4000000000000        1.63202145126566       -30.3523194567272     
   27.5000000000000        1.63202145126566       -30.4814365645478     
   27.6000000000000        1.63202145126566       -30.6105536723685     
   27.7000000000000        1.63202145126566       -30.7396707801892     
   27.8000000000000        1.63202145126566       -30.8687878880099     
   27.9000000000000        1.63202145126566       -30.9979049958306     
   28.0000000000000        1.63202145126566       -31.1270221036513     
   28.1000000000000        1.63202145126566       -31.2561392114720     
   28.2000000000000        1.63202145126566       -31.3852563192927     
   28.3000000000000        1.63202145126566       -31.5143734271134     
   28.4000000000000        1.63202145126566       -31.6434905349341     
   28.5000000000000        1.63202145126566       -31.7726076427548     
   28.6000000000000        1.63202145126566       -31.9017247505755     
   28.7000000000000        1.63202145126566       -32.0308418583962     
   28.8000000000000        1.63202145126566       -32.1599589662169     
   28.9000000000000        1.63202145126566       -32.2890760740376     
   29.0000000000000        1.63202145126566       -32.4181931818583     
   29.1000000000000        1.63202145126566       -32.5473102896790     
   29.2000000000000        1.63202145126566       -32.6764273974997     
   29.3000000000000        1.63202145126566       -32.8055445053204     
   29.4000000000000        1.63202145126566       -32.9346616131411     
   29.5000000000000        1.63202145126566       -33.0637787209618     
   29.6000000000000        1.63202145126566       -33.1928958287825     
   29.7000000000000        1.63202145126566       -33.3220129366032     
   29.8000000000000        1.63202145126566       -33.4511300444239     
   29.9000000000000        1.63202145126566       -33.5802471522446     
   30.0000000000000        1.63202145126566       -33.7093642600653     
   30.1000000000000        1.63202145126566       -33.8384813678859     
   30.2000000000000        1.63202145126566       -33.9675984757066     
   30.3000000000000        1.63202145126566       -34.0967155835273     
   30.4000000000000        1.63202145126566       -34.2258326913480     
   30.5000000000000        1.63202145126566       -34.3549497991687     
   30.6000000000000        1.63202145126566       -34.4840669069894     
   30.7000000000000        1.63202145126566       -34.6131840148101     
   30.8000000000000        1.63202145126566       -34.7423011226308     
   30.9000000000000        1.63202145126566       -34.8714182304515     
   31.0000000000000        1.63202145126566       -35.0005353382722     
   31.1000000000000        1.63202145126566       -35.1296524460929     
   31.2000000000000        1.63202145126566       -35.2587695539136     
   31.3000000000000        1.63202145126566       -35.3878866617343     
   31.4000000000000        1.63202145126566       -35.5170037695550     
   31.5000000000000        1.63202145126566       -35.6461208773757     
   31.6000000000000        1.63202145126566       -35.7752379851964     
   31.7000000000000        1.63202145126566       -35.9043550930171     
   31.8000000000000        1.63202145126566       -36.0334722008378     
   31.9000000000000        1.63202145126566       -36.1625893086585     
   32.0000000000000        1.63202145126566       -36.2917064164792     
   32.1000000000000        1.63202145126566       -36.4208235242999     
   32.2000000000000        1.63202145126566       -36.5499406321206     
   32.3000000000000        1.63202145126566       -36.6790577399413     
   32.4000000000000        1.63202145126566       -36.8081748477619     
   32.5000000000000        1.63202145126566       -36.9372919555826     
   32.6000000000000        1.63202145126566       -37.0664090634033     
   32.7000000000000        1.63202145126566       -37.1955261712240     
   32.8000000000000        1.63202145126566       -37.3246432790447     
   32.9000000000000        1.63202145126566       -37.4537603868654     
   33.0000000000000        1.63202145126566       -37.5828774946861     
   33.1000000000000        1.63202145126566       -37.7119946025068     
   33.2000000000000        1.63202145126566       -37.8411117103275     
   33.3000000000000        1.63202145126566       -37.9702288181482     
   33.4000000000000        1.63202145126566       -38.0993459259689     
   33.5000000000000        1.63202145126566       -38.2284630337896     
   33.6000000000000        1.63202145126566       -38.3575801416103     
   33.7000000000000        1.63202145126566       -38.4866972494310     
   33.8000000000000        1.63202145126566       -38.6158143572517     
   33.9000000000000        1.63202145126566       -38.7449314650724     
   34.0000000000000        1.63202145126566       -38.8740485728931     
   34.1000000000000        1.63202145126566       -39.0031656807138     
   34.2000000000000        1.63202145126566       -39.1322827885345     
   34.3000000000000        1.63202145126566       -39.2613998963552     
   34.4000000000000        1.63202145126566       -39.3905170041759     
   34.5000000000000        1.63202145126566       -39.5196341119966     
   34.6000000000000        1.63202145126566       -39.6487512198173     
   34.7000000000000        1.63202145126566       -39.7778683276380     
   34.8000000000000        1.63202145126566       -39.9069854354587     
   34.9000000000000        1.63202145126566       -40.0361025432793     
   35.0000000000000        1.63202145126566       -40.1652196511000     
   35.1000000000000        1.63202145126566       -40.2943367589207     
   35.2000000000000        1.63202145126566       -40.4234538667414     
   35.3000000000000        1.63202145126566       -40.5525709745621     
   35.4000000000000        1.63202145126566       -40.6816880823828     
   35.5000000000000        1.63202145126566       -40.8108051902035     
   35.6000000000000        1.63202145126566       -40.9399222980242     
   35.7000000000000        1.63202145126566       -41.0690394058449     
   35.8000000000000        1.63202145126566       -41.1981565136656     
   35.9000000000000        1.63202145126566       -41.3272736214863     
   36.0000000000000        1.63202145126566       -41.4563907293070     
   36.1000000000000        1.63202145126566       -41.5855078371277     
   36.2000000000000        1.63202145126566       -41.7146249449484     
   36.3000000000000        1.63202145126566       -41.8437420527691     
   36.4000000000000        1.63202145126566       -41.9728591605898     
   36.5000000000000        1.63202145126566       -42.1019762684105     
   36.6000000000000        1.63202145126566       -42.2310933762312     
   36.7000000000000        1.63202145126566       -42.3602104840519     
   36.8000000000000        1.63202145126566       -42.4893275918726     
   36.9000000000000        1.63202145126566       -42.6184446996933     
   37.0000000000000        1.63202145126566       -42.7475618075140     
   37.1000000000000        1.63202145126566       -42.8766789153347     
   37.2000000000000        1.63202145126566       -43.0057960231553     
   37.3000000000000        1.63202145126566       -43.1349131309761     
   37.4000000000000        1.63202145126566       -43.2640302387967     
   37.5000000000000        1.63202145126566       -43.3931473466174     
   37.6000000000000        1.63202145126566       -43.5222644544381     
   37.7000000000000        1.63202145126566       -43.6513815622588     
   37.8000000000000        1.63202145126566       -43.7804986700795     
   37.9000000000000        1.63202145126566       -43.9096157779002     
   38.0000000000000        1.63202145126566       -44.0387328857209     
   38.1000000000000        1.63202145126566       -44.1678499935416     
   38.2000000000000        1.63202145126566       -44.2969671013623     
   38.3000000000000        1.63202145126566       -44.4260842091830     
   38.4000000000000        1.63202145126566       -44.5552013170037     
   38.5000000000000        1.63202145126566       -44.6843184248244     
   38.6000000000000        1.63202145126566       -44.8134355326451     
   38.7000000000000        1.63202145126566       -44.9425526404658     
   38.8000000000000        1.63202145126566       -45.0716697482865     
   38.9000000000000        1.63202145126566       -45.2007868561072     
   39.0000000000000        1.63202145126566       -45.3299039639279     
   39.1000000000000        1.63202145126566       -45.4590210717486     
   39.2000000000000        1.63202145126566       -45.5881381795693     
   39.3000000000000        1.63202145126566       -45.7172552873900     
   39.4000000000000        1.63202145126566       -45.8463723952107     
   39.5000000000000        1.63202145126566       -45.9754895030314     
   39.6000000000000        1.63202145126566       -46.1046066108521     
   39.7000000000000        1.63202145126566       -46.2337237186728     
   39.8000000000000        1.63202145126566       -46.3628408264934     
   39.9000000000000        1.63202145126566       -46.4919579343141     
   40.0000000000000        1.63202145126566       -46.6210750421348     
