  0.000000000000000E+000  0.900464536931439       -10.5353818475483     
  0.100000000000000        1.28308239912237       -10.6269808441117     
  0.200000000000000        1.28308239912237       -10.7290852972189     
  0.300000000000000        1.28308239912237       -10.8311897503262     
  0.400000000000000        1.28308239912237       -10.9332942034335     
  0.500000000000000        1.28308239912237       -11.0353986565407     
  0.600000000000000        1.28308239912237       -11.1375031096480     
  0.700000000000000        1.28308239912237       -11.2396075627553     
  0.800000000000000        1.28308239912237       -11.3417120158625     
  0.900000000000000        1.28308239912237       -11.4438164689698     
   1.00000000000000        1.28308239912237       -11.5459209220771     
   1.10000000000000        1.28308239912237       -11.6480253751843     
   1.20000000000000        1.28308239912237       -11.7501298282916     
   1.30000000000000        1.28308239912237       -11.8522342813989     
   1.40000000000000        1.28308239912237       -11.9543387345061     
   1.50000000000000        1.28308239912237       -12.0564431876134     
   1.60000000000000        1.28308239912237       -12.1585476407207     
   1.70000000000000        1.28308239912237       -12.2606520938279     
   1.80000000000000        1.28308239912237       -12.3627565469352     
   1.90000000000000        1.28308239912237       -12.4648610000425     
   2.00000000000000        1.28308239912237       -12.5669654531497     
   2.10000000000000        1.28308239912237       -12.6690699062570     
   2.20000000000000        1.28308239912237       -12.7711743593643     
   2.30000000000000        1.28308239912237       -12.8732788124715     
   2.40000000000000        1.28308239912237       -12.9753832655788     
   2.50000000000000        1.28308239912237       -13.0774877186861     
   2.60000000000000        1.28308239912237       -13.1795921717933     
   2.70000000000000        1.28308239912237       -13.2816966249006     
   2.80000000000000        1.28308239912237       -13.3838010780079     
   2.90000000000000        1.28308239912237       -13.4859055311151     
   3.00000000000000        1.28308239912237       -13.5880099842224     
   3.10000000000000        1.28308239912237       -13.6901144373297     
   3.20000000000000        1.28308239912237       -13.7922188904369     
   3.30000000000000        1.28308239912237       -13.8943233435442     
   3.40000000000000        1.28308239912237       -13.9964277966515     
   3.50000000000000        1.28308239912237       -14.0985322497587     
   3.60000000000000        1.28308239912237       -14.2006367028660     
   3.70000000000000        1.28308239912237       -14.3027411559733     
   3.80000000000000        1.28308239912237       -14.4048456090805     
   3.90000000000000        1.28308239912237       -14.5069500621878     
   4.00000000000000        1.28308239912237       -14.6090545152951     
   4.10000000000000        1.28308239912237       -14.7111589684023     
   4.20000000000000        1.28308239912237       -14.8132634215096     
   4.30000000000000        1.28308239912237       -14.9153678746169     
   4.40000000000000        1.28308239912237       -15.0174723277241     
   4.50000000000000        1.28308239912237       -15.1195767808314     
   4.60000000000000        1.28308239912237       -15.2216812339387     
   4.70000000000000        1.28308239912237       -15.3237856870459     
   4.80000000000000        1.28308239912237       -15.4258901401532     
   4.90000000000000        1.28308239912237       -15.5279945932605     
   5.00000000000000        1.28308239912237       -15.6300990463677     
   5.10000000000000        1.28308239912237       -15.7322034994750     
   5.20000000000000        1.28308239912237       -15.8343079525823     
   5.30000000000000        1.28308239912237       -15.9364124056895     
   5.40000000000000        1.28308239912237       -16.0385168587968     
   5.50000000000000        1.28308239912237       -16.1406213119041     
   5.60000000000000        1.28308239912237       -16.2427257650113     
   5.70000000000000        1.28308239912237       -16.3448302181186     
   5.80000000000000        1.28308239912237       -16.4469346712259     
   5.90000000000000        1.28308239912237       -16.5490391243331     
   6.00000000000000        1.28308239912237       -16.6511435774404     
   6.10000000000000        1.28308239912237       -16.7532480305477     
   6.20000000000000        1.28308239912237       -16.8553524836549     
   6.30000000000000        1.28308239912237       -16.9574569367622     
   6.40000000000000        1.28308239912237       -17.0595613898695     
   6.50000000000000        1.28308239912237       -17.1616658429767     
   6.60000000000000        1.28308239912237       -17.2637702960840     
   6.70000000000000        1.28308239912237       -17.3658747491913     
   6.80000000000000        1.28308239912237       -17.4679792022985     
   6.90000000000000        1.28308239912237       -17.5700836554058     
   7.00000000000000        1.28308239912237       -17.6721881085131     
   7.10000000000000        1.28308239912237       -17.7742925616203     
   7.20000000000000        1.28308239912237       -17.8763970147276     
   7.30000000000000        1.28308239912237       -17.9785014678349     
   7.40000000000000        1.28308239912237       -18.0806059209421     
   7.50000000000000        1.28308239912237       -18.1827103740494     
   7.60000000000000        1.28308239912237       -18.2848148271567     
   7.70000000000000        1.28308239912237       -18.3869192802639     
   7.80000000000000        1.28308239912237       -18.4890237333712     
   7.90000000000000        1.28308239912237       -18.5911281864785     
   8.00000000000000        1.28308239912237       -18.6932326395857     
   8.10000000000000        1.28308239912237       -18.7953370926930     
   8.20000000000000        1.28308239912237       -18.8974415458003     
   8.30000000000000        1.28308239912237       -18.9995459989075     
   8.40000000000000        1.28308239912237       -19.1016504520148     
   8.50000000000000        1.28308239912237       -19.2037549051221     
   8.60000000000000        1.28308239912237       -19.3058593582293     
   8.70000000000000        1.28308239912237       -19.4079638113366     
   8.80000000000000        1.28308239912237       -19.5100682644439     
   8.90000000000000        1.28308239912237       -19.6121727175511     
   9.00000000000000        1.28308239912237       -19.7142771706584     
   9.10000000000000        1.28308239912237       -19.8163816237657     
   9.20000000000000        1.28308239912237       -19.9184860768729     
   9.30000000000000        1.28308239912237       -20.0205905299802     
   9.40000000000000        1.28308239912237       -20.1226949830875     
   9.50000000000000        1.28308239912237       -20.2247994361947     
   9.60000000000000        1.28308239912237       -20.3269038893020     
   9.70000000000000        1.28308239912237       -20.4290083424093     
   9.80000000000000        1.28308239912237       -20.5311127955165     
   9.90000000000000        1.28308239912237       -20.6332172486238     
   10.0000000000000        1.28308239912237       -20.7353217017311     
   10.1000000000000        1.28308239912237       -20.8374261548383     
   10.2000000000000        1.28308239912237       -20.9395306079456     
   10.3000000000000        1.28308239912237       -21.0416350610529     
   10.4000000000000        1.28308239912237       -21.1437395141601     
   10.5000000000000        1.28308239912237       -21.2458439672674     
   10.6000000000000        1.28308239912237       -21.3479484203747     
   10.7000000000000        1.28308239912237       -21.4500528734819     
   10.8000000000000        1.28308239912237       -21.5521573265892     
   10.9000000000000        1.28308239912237       -21.6542617796965     
   11.0000000000000        1.28308239912237       -21.7563662328037     
   11.1000000000000        1.28308239912237       -21.8584706859110     
   11.2000000000000        1.28308239912237       -21.9605751390183     
   11.3000000000000        1.28308239912237       -22.0626795921255     
   11.4000000000000        1.28308239912237       -22.1647840452328     
   11.5000000000000        1.28308239912237       -22.2668884983401     
   11.6000000000000        1.28308239912237       -22.3689929514473     
   11.7000000000000        1.28308239912237       -22.4710974045546     
   11.8000000000000        1.28308239912237       -22.5732018576619     
   11.9000000000000        1.28308239912237       -22.6753063107691     
   12.0000000000000        1.28308239912237       -22.7774107638764     
   12.1000000000000        1.28308239912237       -22.8795152169837     
   12.2000000000000        1.28308239912237       -22.9816196700909     
   12.3000000000000        1.28308239912237       -23.0837241231982     
   12.4000000000000        1.28308239912237       -23.1858285763055     
   12.5000000000000        1.28308239912237       -23.2879330294127     
   12.6000000000000        1.28308239912237       -23.3900374825200     
   12.7000000000000        1.28308239912237       -23.4921419356273     
   12.8000000000000        1.28308239912237       -23.5942463887345     
   12.9000000000000        1.28308239912237       -23.6963508418418     
   13.0000000000000        1.28308239912237       -23.7984552949491     
   13.1000000000000        1.28308239912237       -23.9005597480563     
   13.2000000000000        1.28308239912237       -24.0026642011636     
   13.3000000000000        1.28308239912237       -24.1047686542709     
   13.4000000000000        1.28308239912237       -24.2068731073781     
   13.5000000000000        1.28308239912237       -24.3089775604854     
   13.6000000000000        1.28308239912237       -24.4110820135927     
   13.7000000000000        1.28308239912237       -24.5131864666999     
   13.8000000000000        1.28308239912237       -24.6152909198072     
   13.9000000000000        1.28308239912237       -24.7173953729145     
   14.0000000000000        1.28308239912237       -24.8194998260217     
   14.1000000000000        1.28308239912237       -24.9216042791290     
   14.2000000000000        1.28308239912237       -25.0237087322363     
   14.3000000000000        1.28308239912237       -25.1258131853435     
   14.4000000000000        1.28308239912237       -25.2279176384508     
   14.5000000000000        1.28308239912237       -25.3300220915581     
   14.6000000000000        1.28308239912237       -25.4321265446653     
   14.7000000000000        1.28308239912237       -25.5342309977726     
   14.8000000000000        1.28308239912237       -25.6363354508799     
   14.9000000000000        1.28308239912237       -25.7384399039871     
   15.0000000000000        1.28308239912237       -25.8405443570944     
   15.1000000000000        1.28308239912237       -25.9426488102017     
   15.2000000000000        1.28308239912237       -26.0447532633089     
   15.3000000000000        1.28308239912237       -26.1468577164162     
   15.4000000000000        1.28308239912237       -26.2489621695235     
   15.5000000000000        1.28308239912237       -26.3510666226307     
   15.6000000000000        1.28308239912237       -26.4531710757380     
   15.7000000000000        1.28308239912237       -26.5552755288453     
   15.8000000000000        1.28308239912237       -26.6573799819525     
   15.9000000000000        1.28308239912237       -26.7594844350598     
   16.0000000000000        1.28308239912237       -26.8615888881671     
   16.1000000000000        1.28308239912237       -26.9636933412743     
   16.2000000000000        1.28308239912237       -27.0657977943816     
   16.3000000000000        1.28308239912237       -27.1679022474889     
   16.4000000000000        1.28308239912237       -27.2700067005961     
   16.5000000000000        1.28308239912237       -27.3721111537034     
   16.6000000000000        1.28308239912237       -27.4742156068107     
   16.7000000000000        1.28308239912237       -27.5763200599179     
   16.8000000000000        1.28308239912237       -27.6784245130252     
   16.9000000000000        1.28308239912237       -27.7805289661325     
   17.0000000000000        1.28308239912237       -27.8826334192397     
   17.1000000000000        1.28308239912237       -27.9847378723470     
   17.2000000000000        1.28308239912237       -28.0868423254543     
   17.3000000000000        1.28308239912237       -28.1889467785615     
   17.4000000000000        1.28308239912237       -28.2910512316688     
   17.5000000000000        1.28308239912237       -28.3931556847761     
   17.6000000000000        1.28308239912237       -28.4952601378833     
   17.7000000000000        1.28308239912237       -28.5973645909906     
   17.8000000000000        1.28308239912237       -28.6994690440979     
   17.9000000000000        1.28308239912237       -28.8015734972051     
   18.0000000000000        1.28308239912237       -28.9036779503124     
   18.1000000000000        1.28308239912237       -29.0057824034197     
   18.2000000000000        1.28308239912237       -29.1078868565269     
   18.3000000000000        1.28308239912237       -29.2099913096342     
   18.4000000000000        1.28308239912237       -29.3120957627415     
   18.5000000000000        1.28308239912237       -29.4142002158487     
   18.6000000000000        1.28308239912237       -29.5163046689560     
   18.7000000000000        1.28308239912237       -29.6184091220633     
   18.8000000000000        1.28308239912237       -29.7205135751705     
   18.9000000000000        1.28308239912237       -29.8226180282778     
   19.0000000000000        1.28308239912237       -29.9247224813851     
   19.1000000000000        1.28308239912237       -30.0268269344923     
   19.2000000000000        1.28308239912237       -30.1289313875996     
   19.3000000000000        1.28308239912237       -30.2310358407069     
   19.4000000000000        1.28308239912237       -30.3331402938141     
   19.5000000000000        1.28308239912237       -30.4352447469214     
   19.6000000000000        1.28308239912237       -30.5373492000287     
   19.7000000000000        1.28308239912237       -30.6394536531359     
   19.8000000000000        1.28308239912237       -30.7415581062432     
   19.9000000000000        1.28308239912237       -30.8436625593505     
   20.0000000000000        1.28308239912237       -30.9457670124577     
   20.1000000000000        1.28308239912237       -31.0478714655650     
   20.2000000000000        1.28308239912237       -31.1499759186723     
   20.3000000000000        1.28308239912237       -31.2520803717795     
   20.4000000000000        1.28308239912237       -31.3541848248868     
   20.5000000000000        1.28308239912237       -31.4562892779941     
   20.6000000000000        1.28308239912237       -31.5583937311013     
   20.7000000000000        1.28308239912237       -31.6604981842086     
   20.8000000000000        1.28308239912237       -31.7626026373159     
   20.9000000000000        1.28308239912237       -31.8647070904231     
   21.0000000000000        1.28308239912237       -31.9668115435304     
   21.1000000000000        1.28308239912237       -32.0689159966377     
   21.2000000000000        1.28308239912237       -32.1710204497449     
   21.3000000000000        1.28308239912237       -32.2731249028522     
   21.4000000000000        1.28308239912237       -32.3752293559595     
   21.5000000000000        1.28308239912237       -32.4773338090667     
   21.6000000000000        1.28308239912237       -32.5794382621740     
   21.7000000000000        1.28308239912237       -32.6815427152813     
   21.8000000000000        1.28308239912237       -32.7836471683885     
   21.9000000000000        1.28308239912237       -32.8857516214958     
   22.0000000000000        1.28308239912237       -32.9878560746031     
   22.1000000000000        1.28308239912237       -33.0899605277103     
   22.2000000000000        1.28308239912237       -33.1920649808176     
   22.3000000000000        1.28308239912237       -33.2941694339249     
   22.4000000000000        1.28308239912237       -33.3962738870321     
   22.5000000000000        1.28308239912237       -33.4983783401394     
   22.6000000000000        1.28308239912237       -33.6004827932467     
   22.7000000000000        1.28308239912237       -33.7025872463539     
   22.8000000000000        1.28308239912237       -33.8046916994612     
   22.9000000000000        1.28308239912237       -33.9067961525685     
   23.0000000000000        1.28308239912237       -34.0089006056757     
   23.1000000000000        1.28308239912237       -34.1110050587830     
   23.2000000000000        1.28308239912237       -34.2131095118903     
   23.3000000000000        1.28308239912237       -34.3152139649975     
   23.4000000000000        1.28308239912237       -34.4173184181048     
   23.5000000000000        1.28308239912237       -34.5194228712121     
   23.6000000000000        1.28308239912237       -34.6215273243193     
   23.7000000000000        1.28308239912237       -34.7236317774266     
   23.8000000000000        1.28308239912237       -34.8257362305339     
   23.9000000000000        1.28308239912237       -34.9278406836411     
   24.0000000000000        1.28308239912237       -35.0299451367484     
   24.1000000000000        1.28308239912237       -35.1320495898557     
   24.2000000000000        1.28308239912237       -35.2341540429629     
   24.3000000000000        1.28308239912237       -35.3362584960702     
   24.4000000000000        1.28308239912237       -35.4383629491775     
   24.5000000000000        1.28308239912237       -35.5404674022847     
   24.6000000000000        1.28308239912237       -35.6425718553920     
   24.7000000000000        1.28308239912237       -35.7446763084993     
   24.8000000000000        1.28308239912237       -35.8467807616065     
   24.9000000000000        1.28308239912237       -35.9488852147138     
   25.0000000000000        1.28308239912237       -36.0509896678211     
   25.1000000000000        1.28308239912237       -36.1530941209283     
   25.2000000000000        1.28308239912237       -36.2551985740356     
   25.3000000000000        1.28308239912237       -36.3573030271429     
   25.4000000000000        1.28308239912237       -36.4594074802501     
   25.5000000000000        1.28308239912237       -36.5615119333574     
   25.6000000000000        1.28308239912237       -36.6636163864647     
   25.7000000000000        1.28308239912237       -36.7657208395719     
   25.8000000000000        1.28308239912237       -36.8678252926792     
   25.9000000000000        1.28308239912237       -36.9699297457865     
   26.0000000000000        1.28308239912237       -37.0720341988937     
   26.1000000000000        1.28308239912237       -37.1741386520010     
   26.2000000000000        1.28308239912237       -37.2762431051083     
   26.3000000000000        1.28308239912237       -37.3783475582155     
   26.4000000000000        1.28308239912237       -37.4804520113228     
   26.5000000000000        1.28308239912237       -37.5825564644301     
   26.6000000000000        1.28308239912237       -37.6846609175373     
   26.7000000000000        1.28308239912237       -37.7867653706446     
   26.8000000000000        1.28308239912237       -37.8888698237519     
   26.9000000000000        1.28308239912237       -37.9909742768591     
   27.0000000000000        1.28308239912237       -38.0930787299664     
   27.1000000000000        1.28308239912237       -38.1951831830737     
   27.2000000000000        1.28308239912237       -38.2972876361809     
   27.3000000000000        1.28308239912237       -38.3993920892882     
   27.4000000000000        1.28308239912237       -38.5014965423955     
   27.5000000000000        1.28308239912237       -38.6036009955027     
   27.6000000000000        1.28308239912237       -38.7057054486100     
   27.7000000000000        1.28308239912237       -38.8078099017172     
   27.8000000000000        1.28308239912237       -38.9099143548245     
   27.9000000000000        1.28308239912237       -39.0120188079318     
   28.0000000000000        1.28308239912237       -39.1141232610391     
   28.1000000000000        1.28308239912237       -39.2162277141463     
   28.2000000000000        1.28308239912237       -39.3183321672536     
   28.3000000000000        1.28308239912237       -39.4204366203609     
   28.4000000000000        1.28308239912237       -39.5225410734681     
   28.5000000000000        1.28308239912237       -39.6246455265754     
   28.6000000000000        1.28308239912237       -39.7267499796826     
   28.7000000000000        1.28308239912237       -39.8288544327899     
   28.8000000000000        1.28308239912237       -39.9309588858972     
   28.9000000000000        1.28308239912237       -40.0330633390044     
   29.0000000000000        1.28308239912237       -40.1351677921117     
   29.1000000000000        1.28308239912237       -40.2372722452190     
   29.2000000000000        1.28308239912237       -40.3393766983263     
   29.3000000000000        1.28308239912237       -40.4414811514335     
   29.4000000000000        1.28308239912237       -40.5435856045408     
   29.5000000000000        1.28308239912237       -40.6456900576481     
   29.6000000000000        1.28308239912237       -40.7477945107553     
   29.7000000000000        1.28308239912237       -40.8498989638626     
   29.8000000000000        1.28308239912237       -40.9520034169699     
   29.9000000000000        1.28308239912237       -41.0541078700771     
   30.0000000000000        1.28308239912237       -41.1562123231844     
   30.1000000000000        1.28308239912237       -41.2583167762917     
   30.2000000000000        1.28308239912237       -41.3604212293989     
   30.3000000000000        1.28308239912237       -41.4625256825062     
   30.4000000000000        1.28308239912237       -41.5646301356134     
   30.5000000000000        1.28308239912237       -41.6667345887207     
   30.6000000000000        1.28308239912237       -41.7688390418280     
   30.7000000000000        1.28308239912237       -41.8709434949353     
   30.8000000000000        1.28308239912237       -41.9730479480425     
   30.9000000000000        1.28308239912237       -42.0751524011498     
   31.0000000000000        1.28308239912237       -42.1772568542571     
   31.1000000000000        1.28308239912237       -42.2793613073643     
   31.2000000000000        1.28308239912237       -42.3814657604716     
   31.3000000000000        1.28308239912237       -42.4835702135789     
   31.4000000000000        1.28308239912237       -42.5856746666861     
   31.5000000000000        1.28308239912237       -42.6877791197934     
   31.6000000000000        1.28308239912237       -42.7898835729006     
   31.7000000000000        1.28308239912237       -42.8919880260079     
   31.8000000000000        1.28308239912237       -42.9940924791152     
   31.9000000000000        1.28308239912237       -43.0961969322224     
   32.0000000000000        1.28308239912237       -43.1983013853297     
   32.1000000000000        1.28308239912237       -43.3004058384370     
   32.2000000000000        1.28308239912237       -43.4025102915442     
   32.3000000000000        1.28308239912237       -43.5046147446515     
   32.4000000000000        1.28308239912237       -43.6067191977588     
   32.5000000000000        1.28308239912237       -43.7088236508660     
   32.6000000000000        1.28308239912237       -43.8109281039733     
   32.7000000000000        1.28308239912237       -43.9130325570806     
   32.8000000000000        1.28308239912237       -44.0151370101878     
   32.9000000000000        1.28308239912237       -44.1172414632951     
   33.0000000000000        1.28308239912237       -44.2193459164024     
   33.1000000000000        1.28308239912237       -44.3214503695096     
   33.2000000000000        1.28308239912237       -44.4235548226169     
   33.3000000000000        1.28308239912237       -44.5256592757242     
   33.4000000000000        1.28308239912237       -44.6277637288314     
   33.5000000000000        1.28308239912237       -44.7298681819387     
   33.6000000000000        1.28308239912237       -44.8319726350460     
   33.7000000000000        1.28308239912237       -44.9340770881532     
   33.8000000000000        1.28308239912237       -45.0361815412605     
   33.9000000000000        1.28308239912237       -45.1382859943678     
   34.0000000000000        1.28308239912237       -45.2403904474750     
   34.1000000000000        1.28308239912237       -45.3424949005823     
   34.2000000000000        1.28308239912237       -45.4445993536896     
   34.3000000000000        1.28308239912237       -45.5467038067968     
   34.4000000000000        1.28308239912237       -45.6488082599041     
   34.5000000000000        1.28308239912237       -45.7509127130114     
   34.6000000000000        1.28308239912237       -45.8530171661186     
   34.7000000000000        1.28308239912237       -45.9551216192259     
   34.8000000000000        1.28308239912237       -46.0572260723332     
   34.9000000000000        1.28308239912237       -46.1593305254404     
   35.0000000000000        1.28308239912237       -46.2614349785477     
   35.1000000000000        1.28308239912237       -46.3635394316550     
   35.2000000000000        1.28308239912237       -46.4656438847622     
   35.3000000000000        1.28308239912237       -46.5677483378695     
   35.4000000000000        1.28308239912237       -46.6698527909768     
   35.5000000000000        1.28308239912237       -46.7719572440840     
   35.6000000000000        1.28308239912237       -46.8740616971913     
   35.7000000000000        1.28308239912237       -46.9761661502986     
   35.8000000000000        1.28308239912237       -47.0782706034058     
   35.9000000000000        1.28308239912237       -47.1803750565131     
   36.0000000000000        1.28308239912237       -47.2824795096204     
   36.1000000000000        1.28308239912237       -47.3845839627276     
   36.2000000000000        1.28308239912237       -47.4866884158349     
   36.3000000000000        1.28308239912237       -47.5887928689422     
   36.4000000000000        1.28308239912237       -47.6908973220494     
   36.5000000000000        1.28308239912237       -47.7930017751567     
   36.6000000000000        1.28308239912237       -47.8951062282640     
   36.7000000000000        1.28308239912237       -47.9972106813712     
   36.8000000000000        1.28308239912237       -48.0993151344785     
   36.9000000000000        1.28308239912237       -48.2014195875858     
   37.0000000000000        1.28308239912237       -48.3035240406930     
   37.1000000000000        1.28308239912237       -48.4056284938003     
   37.2000000000000        1.28308239912237       -48.5077329469076     
   37.3000000000000        1.28308239912237       -48.6098374000148     
   37.4000000000000        1.28308239912237       -48.7119418531221     
   37.5000000000000        1.28308239912237       -48.8140463062294     
   37.6000000000000        1.28308239912237       -48.9161507593366     
   37.7000000000000        1.28308239912237       -49.0182552124439     
   37.8000000000000        1.28308239912237       -49.1203596655512     
   37.9000000000000        1.28308239912237       -49.2224641186584     
   38.0000000000000        1.28308239912237       -49.3245685717657     
   38.1000000000000        1.28308239912237       -49.4266730248730     
   38.2000000000000        1.28308239912237       -49.5287774779802     
   38.3000000000000        1.28308239912237       -49.6308819310875     
   38.4000000000000        1.28308239912237       -49.7329863841948     
   38.5000000000000        1.28308239912237       -49.8350908373020     
   38.6000000000000        1.28308239912237       -49.9371952904093     
   38.7000000000000        1.28308239912237       -50.0392997435166     
   38.8000000000000        1.28308239912237       -50.1414041966238     
   38.9000000000000        1.28308239912237       -50.2435086497311     
   39.0000000000000        1.28308239912237       -50.3456131028384     
   39.1000000000000        1.28308239912237       -50.4477175559456     
   39.2000000000000        1.28308239912237       -50.5498220090529     
   39.3000000000000        1.28308239912237       -50.6519264621602     
   39.4000000000000        1.28308239912237       -50.7540309152674     
   39.5000000000000        1.28308239912237       -50.8561353683747     
   39.6000000000000        1.28308239912237       -50.9582398214820     
   39.7000000000000        1.28308239912237       -51.0603442745892     
   39.8000000000000        1.28308239912237       -51.1624487276965     
   39.9000000000000        1.28308239912237       -51.2645531808038     
   40.0000000000000        1.28308239912237       -51.3666576339110     
