  0.000000000000000E+000  1.105945312258416E-016  0.000000000000000E+000
  0.100000000000000       1.445634055307044E-002 -5.513965744720808E-004
  0.200000000000000       2.891175496649617E-002 -2.205637626532276E-003
  0.300000000000000       4.155875482960910E-002 -4.966034651879842E-003
  0.400000000000000       5.600993674718716E-002 -8.830526629569109E-003
  0.500000000000000       7.045753041068924E-002 -1.379854576271597E-002
  0.600000000000000       8.490061024083669E-002 -1.987052975429143E-002
  0.700000000000000       9.753387492914911E-002 -2.704739407208349E-002
  0.800000000000000       0.111965997648256      -3.533257673444332E-002
  0.900000000000000       0.126390947310744      -4.472346957213505E-002
   1.00000000000000       0.140807799788016      -5.522088559893810E-002
   1.10000000000000       0.155215631470213      -6.682573404362695E-002
   1.20000000000000       0.169613519325393      -7.953901880273072E-002
   1.30000000000000       0.182202789011405      -9.336264563752131E-002
   1.40000000000000       0.196579546594241      -0.108298467873309     
   1.50000000000000       0.210943710387470      -0.124346000115156     
   1.60000000000000       0.225294360156714      -0.141506586459462     
   1.70000000000000       0.239630576533365      -0.159781655837784     
   1.80000000000000       0.253951441073487      -0.179172719539075     
   1.90000000000000       0.268256036316651      -0.199681368580044     
   2.00000000000000       0.282543445844714      -0.221309270925972     
   2.10000000000000       0.296812754340531      -0.244058168564303     
   2.20000000000000       0.311063047646590      -0.267929874433646     
   2.30000000000000       0.325293412823581      -0.292926269210736     
   2.40000000000000       0.339502938208880      -0.319049297958214     
   2.50000000000000       0.353690713474958      -0.346300966636086     
   2.60000000000000       0.367855829687697      -0.374683338479854     
   2.70000000000000       0.383763370913658      -0.404198821886398     
   2.80000000000000       0.397877325394761      -0.434852417489900     
   2.90000000000000       0.411965790025001      -0.466643741308702     
   3.00000000000000       0.426027862232554      -0.499575060665330     
   3.10000000000000       0.441815024638535      -0.533649335734112     
   3.20000000000000       0.455818023920803      -0.568873315125744     
   3.30000000000000       0.469791821404655      -0.605244878852507     
   3.40000000000000       0.485476323713025      -0.642769828248441     
   3.50000000000000       0.499385097349107      -0.681451400865245     
   3.60000000000000       0.514994181870292      -0.721291756100834     
   3.70000000000000       0.528833908041356      -0.762295667114051     
   3.80000000000000       0.544363059281514      -0.804466846692629     
   3.90000000000000       0.559848072671127      -0.847806746069672     
   4.00000000000000       0.573574459933685      -0.892323223772152     
   4.10000000000000       0.588972679163707      -0.938018297016056     
   4.20000000000000       0.604323143521966      -0.984895659419353     
   4.30000000000000       0.619624608367613       -1.03296016725099     
   4.40000000000000       0.634875833032755       -1.08221667382461     
   4.50000000000000       0.650075580923059       -1.13267001936551     
   4.60000000000000       0.665222619618012       -1.18432502077303     
   4.70000000000000       0.680315720970850       -1.23718646128932     
   4.80000000000000       0.695353661208134       -1.29125908008513     
   4.90000000000000       0.711996305703490       -1.34655053345215     
   5.00000000000000       0.726913796136388       -1.40306516484409     
   5.10000000000000       0.743419606712220       -1.46080758232501     
   5.20000000000000       0.758211256824714       -1.51978662009824     
   5.30000000000000       0.774574269016914       -1.58000682114149     
   5.40000000000000       0.790859745834009       -1.64147427431954     
   5.50000000000000       0.807066057089451       -1.70419668513158     
   5.60000000000000       0.823191580521215       -1.76818161164444     
   5.70000000000000       0.839234701954188       -1.83343644608907     
   5.80000000000000       0.855193815461750       -1.89996839650927     
   5.90000000000000       0.871067323526526       -1.96778446848500     
   6.00000000000000       0.888427411961246       -2.03689333931521     
   6.10000000000000       0.904115986991582       -2.10730460651829     
   6.20000000000000       0.921268828849079       -2.17902650398445     
   6.30000000000000       0.938310085193927       -2.25206771826160     
   6.40000000000000       0.955237691962664       -2.32643846057184     
   6.50000000000000       0.972049598857246       -2.40214854602190     
   6.60000000000000       0.988743769593376       -2.47920736557294     
   6.70000000000000        1.00681893900657       -2.55762914051471     
   6.80000000000000        1.02474898112467       -2.63742147657471     
   6.90000000000000        1.04253131143283       -2.71859777349008     
   7.00000000000000        1.06016336670799       -2.80117074481976     
   7.10000000000000        1.07764260538844       -2.88515237801229     
   7.20000000000000        1.09640307634678       -2.97055673762010     
   7.30000000000000        1.11497806978665       -3.05739745009723     
   7.40000000000000        1.13336444339319       -3.14569026299142     
   7.50000000000000        1.15155908676017       -3.23544979231179     
   7.60000000000000        1.17093536810393       -3.32669293957488     
   7.70000000000000        1.19008191699780       -3.41943643926577     
   7.80000000000000        1.20899497697177       -3.51369797392586     
   7.90000000000000        1.22899565377992       -3.60949816136177     
   8.00000000000000        1.24871953117615       -3.70685533913917     
   8.10000000000000        1.26944823525343       -3.80579226092851     
   8.20000000000000        1.28985163777789       -3.90633032104863     
   8.30000000000000        1.31116797231802       -4.00849363224070     
   8.40000000000000        1.33210500396584       -4.11230832210154     
   8.50000000000000        1.35385346935634       -4.21780062690156     
   8.60000000000000        1.37516285299956       -4.32500016370918     
   8.70000000000000        1.39831657262117       -4.43393723535455     
   8.80000000000000        1.42091041675449       -4.54464633032264     
   8.90000000000000        1.44402149174210       -4.65716253166681     
   9.00000000000000        1.46754923399574       -4.77152477930329     
   9.10000000000000        1.49138604201049       -4.88777482958448     
   9.20000000000000        1.51639951149113       -5.00595955640684     
   9.30000000000000        1.54234806642596       -5.12612894913642     
   9.40000000000000        1.56896465192328       -5.24833805205800     
   9.50000000000000        1.59595580081670       -5.37264879331388     
   9.60000000000000        1.62379289657454       -5.49912948112448     
   9.70000000000000        1.65340825011041       -5.62785741078856     
   9.80000000000000        1.68314186030895       -5.75892033358703     
   9.90000000000000        1.71493314894108       -5.89241903311054     
   10.0000000000000        1.74859061737521       -6.02847080220170     
   10.1000000000000        1.78362552959522       -6.16721463182615     
   10.2000000000000        1.80614576060366       -6.30858258982990     
   10.3000000000000        1.80614576060366       -6.45048506569871     
   10.4000000000000        1.80614576060366       -6.59238754156751     
   10.5000000000000        1.80614576060366       -6.73429001743632     
   10.6000000000000        1.80614576060366       -6.87619249330513     
   10.7000000000000        1.80614576060366       -7.01809496917393     
   10.8000000000000        1.80614576060366       -7.15999744504274     
   10.9000000000000        1.80614576060366       -7.30189992091154     
   11.0000000000000        1.80614576060366       -7.44380239678035     
   11.1000000000000        1.80614576060366       -7.58570487264915     
   11.2000000000000        1.80614576060366       -7.72760734851796     
   11.3000000000000        1.80614576060366       -7.86950982438677     
   11.4000000000000        1.80614576060366       -8.01141230025557     
   11.5000000000000        1.80614576060366       -8.15331477612438     
   11.6000000000000        1.80614576060366       -8.29521725199318     
   11.7000000000000        1.80614576060366       -8.43711972786199     
   11.8000000000000        1.80614576060366       -8.57902220373080     
   11.9000000000000        1.80614576060366       -8.72092467959960     
   12.0000000000000        1.80614576060366       -8.86282715546841     
   12.1000000000000        1.80614576060366       -9.00472963133721     
   12.2000000000000        1.80614576060366       -9.14663210720602     
   12.3000000000000        1.80614576060366       -9.28853458307482     
   12.4000000000000        1.80614576060366       -9.43043705894363     
   12.5000000000000        1.80614576060366       -9.57233953481244     
   12.6000000000000        1.80614576060366       -9.71424201068124     
   12.7000000000000        1.80614576060366       -9.85614448655005     
   12.8000000000000        1.80614576060366       -9.99804696241885     
   12.9000000000000        1.80614576060366       -10.1399494382877     
   13.0000000000000        1.80614576060366       -10.2818519141565     
   13.1000000000000        1.80614576060366       -10.4237543900253     
   13.2000000000000        1.80614576060366       -10.5656568658941     
   13.3000000000000        1.80614576060366       -10.7075593417629     
   13.4000000000000        1.80614576060366       -10.8494618176317     
   13.5000000000000        1.80614576060366       -10.9913642935005     
   13.6000000000000        1.80614576060366       -11.1332667693693     
   13.7000000000000        1.80614576060366       -11.2751692452381     
   13.8000000000000        1.80614576060366       -11.4170717211069     
   13.9000000000000        1.80614576060366       -11.5589741969757     
   14.0000000000000        1.80614576060366       -11.7008766728445     
   14.1000000000000        1.80614576060366       -11.8427791487133     
   14.2000000000000        1.80614576060366       -11.9846816245821     
   14.3000000000000        1.80614576060366       -12.1265841004509     
   14.4000000000000        1.80614576060366       -12.2684865763197     
   14.5000000000000        1.80614576060366       -12.4103890521886     
   14.6000000000000        1.80614576060366       -12.5522915280574     
   14.7000000000000        1.80614576060366       -12.6941940039262     
   14.8000000000000        1.80614576060366       -12.8360964797950     
   14.9000000000000        1.80614576060366       -12.9779989556638     
   15.0000000000000        1.80614576060366       -13.1199014315326     
   15.1000000000000        1.80614576060366       -13.2618039074014     
   15.2000000000000        1.80614576060366       -13.4037063832702     
   15.3000000000000        1.80614576060366       -13.5456088591390     
   15.4000000000000        1.80614576060366       -13.6875113350078     
   15.5000000000000        1.80614576060366       -13.8294138108766     
   15.6000000000000        1.80614576060366       -13.9713162867454     
   15.7000000000000        1.80614576060366       -14.1132187626142     
   15.8000000000000        1.80614576060366       -14.2551212384830     
   15.9000000000000        1.80614576060366       -14.3970237143518     
   16.0000000000000        1.80614576060366       -14.5389261902206     
   16.1000000000000        1.80614576060366       -14.6808286660895     
   16.2000000000000        1.80614576060366       -14.8227311419583     
   16.3000000000000        1.80614576060366       -14.9646336178271     
   16.4000000000000        1.80614576060366       -15.1065360936959     
   16.5000000000000        1.80614576060366       -15.2484385695647     
   16.6000000000000        1.80614576060366       -15.3903410454335     
   16.7000000000000        1.80614576060366       -15.5322435213023     
   16.8000000000000        1.80614576060366       -15.6741459971711     
   16.9000000000000        1.80614576060366       -15.8160484730399     
   17.0000000000000        1.80614576060366       -15.9579509489087     
   17.1000000000000        1.80614576060366       -16.0998534247775     
   17.2000000000000        1.80614576060366       -16.2417559006463     
   17.3000000000000        1.80614576060366       -16.3836583765151     
   17.4000000000000        1.80614576060366       -16.5255608523839     
   17.5000000000000        1.80614576060366       -16.6674633282527     
   17.6000000000000        1.80614576060366       -16.8093658041215     
   17.7000000000000        1.80614576060366       -16.9512682799904     
   17.8000000000000        1.80614576060366       -17.0931707558592     
   17.9000000000000        1.80614576060366       -17.2350732317280     
   18.0000000000000        1.80614576060366       -17.3769757075968     
   18.1000000000000        1.80614576060366       -17.5188781834656     
   18.2000000000000        1.80614576060366       -17.6607806593344     
   18.3000000000000        1.80614576060366       -17.8026831352032     
   18.4000000000000        1.80614576060366       -17.9445856110720     
   18.5000000000000        1.80614576060366       -18.0864880869408     
   18.6000000000000        1.80614576060366       -18.2283905628096     
   18.7000000000000        1.80614576060366       -18.3702930386784     
   18.8000000000000        1.80614576060366       -18.5121955145472     
   18.9000000000000        1.80614576060366       -18.6540979904160     
   19.0000000000000        1.80614576060366       -18.7960004662848     
   19.1000000000000        1.80614576060366       -18.9379029421536     
   19.2000000000000        1.80614576060366       -19.0798054180224     
   19.3000000000000        1.80614576060366       -19.2217078938912     
   19.4000000000000        1.80614576060366       -19.3636103697600     
   19.5000000000000        1.80614576060366       -19.5055128456289     
   19.6000000000000        1.80614576060366       -19.6474153214977     
   19.7000000000000        1.80614576060366       -19.7893177973665     
   19.8000000000000        1.80614576060366       -19.9312202732353     
   19.9000000000000        1.80614576060366       -20.0731227491041     
   20.0000000000000        1.80614576060366       -20.2150252249729     
   20.1000000000000        1.80614576060366       -20.3569277008417     
   20.2000000000000        1.80614576060366       -20.4988301767105     
   20.3000000000000        1.80614576060366       -20.6407326525793     
   20.4000000000000        1.80614576060366       -20.7826351284481     
   20.5000000000000        1.80614576060366       -20.9245376043169     
   20.6000000000000        1.80614576060366       -21.0664400801857     
   20.7000000000000        1.80614576060366       -21.2083425560545     
   20.8000000000000        1.80614576060366       -21.3502450319233     
   20.9000000000000        1.80614576060366       -21.4921475077921     
   21.0000000000000        1.80614576060366       -21.6340499836609     
   21.1000000000000        1.80614576060366       -21.7759524595298     
   21.2000000000000        1.80614576060366       -21.9178549353986     
   21.3000000000000        1.80614576060366       -22.0597574112674     
   21.4000000000000        1.80614576060366       -22.2016598871362     
   21.5000000000000        1.80614576060366       -22.3435623630050     
   21.6000000000000        1.80614576060366       -22.4854648388738     
   21.7000000000000        1.80614576060366       -22.6273673147426     
   21.8000000000000        1.80614576060366       -22.7692697906114     
   21.9000000000000        1.80614576060366       -22.9111722664802     
   22.0000000000000        1.80614576060366       -23.0530747423490     
   22.1000000000000        1.80614576060366       -23.1949772182178     
   22.2000000000000        1.80614576060366       -23.3368796940866     
   22.3000000000000        1.80614576060366       -23.4787821699554     
   22.4000000000000        1.80614576060366       -23.6206846458242     
   22.5000000000000        1.80614576060366       -23.7625871216930     
   22.6000000000000        1.80614576060366       -23.9044895975618     
   22.7000000000000        1.80614576060366       -24.0463920734306     
   22.8000000000000        1.80614576060366       -24.1882945492995     
   22.9000000000000        1.80614576060366       -24.3301970251683     
   23.0000000000000        1.80614576060366       -24.4720995010371     
   23.1000000000000        1.80614576060366       -24.6140019769059     
   23.2000000000000        1.80614576060366       -24.7559044527747     
   23.3000000000000        1.80614576060366       -24.8978069286435     
   23.4000000000000        1.80614576060366       -25.0397094045123     
   23.5000000000000        1.80614576060366       -25.1816118803811     
   23.6000000000000        1.80614576060366       -25.3235143562499     
   23.7000000000000        1.80614576060366       -25.4654168321187     
   23.8000000000000        1.80614576060366       -25.6073193079875     
   23.9000000000000        1.80614576060366       -25.7492217838563     
   24.0000000000000        1.80614576060366       -25.8911242597251     
   24.1000000000000        1.80614576060366       -26.0330267355939     
   24.2000000000000        1.80614576060366       -26.1749292114627     
   24.3000000000000        1.80614576060366       -26.3168316873315     
   24.4000000000000        1.80614576060366       -26.4587341632003     
   24.5000000000000        1.80614576060366       -26.6006366390692     
   24.6000000000000        1.80614576060366       -26.7425391149380     
   24.7000000000000        1.80614576060366       -26.8844415908068     
   24.8000000000000        1.80614576060366       -27.0263440666756     
   24.9000000000000        1.80614576060366       -27.1682465425444     
   25.0000000000000        1.80614576060366       -27.3101490184132     
   25.1000000000000        1.80614576060366       -27.4520514942820     
   25.2000000000000        1.80614576060366       -27.5939539701508     
   25.3000000000000        1.80614576060366       -27.7358564460196     
   25.4000000000000        1.80614576060366       -27.8777589218884     
   25.5000000000000        1.80614576060366       -28.0196613977572     
   25.6000000000000        1.80614576060366       -28.1615638736260     
   25.7000000000000        1.80614576060366       -28.3034663494948     
   25.8000000000000        1.80614576060366       -28.4453688253636     
   25.9000000000000        1.80614576060366       -28.5872713012324     
   26.0000000000000        1.80614576060366       -28.7291737771012     
   26.1000000000000        1.80614576060366       -28.8710762529700     
   26.2000000000000        1.80614576060366       -29.0129787288389     
   26.3000000000000        1.80614576060366       -29.1548812047077     
   26.4000000000000        1.80614576060366       -29.2967836805765     
   26.5000000000000        1.80614576060366       -29.4386861564453     
   26.6000000000000        1.80614576060366       -29.5805886323141     
   26.7000000000000        1.80614576060366       -29.7224911081829     
   26.8000000000000        1.80614576060366       -29.8643935840517     
   26.9000000000000        1.80614576060366       -30.0062960599205     
   27.0000000000000        1.80614576060366       -30.1481985357893     
   27.1000000000000        1.80614576060366       -30.2901010116581     
   27.2000000000000        1.80614576060366       -30.4320034875269     
   27.3000000000000        1.80614576060366       -30.5739059633957     
   27.4000000000000        1.80614576060366       -30.7158084392645     
   27.5000000000000        1.80614576060366       -30.8577109151333     
   27.6000000000000        1.80614576060366       -30.9996133910021     
   27.7000000000000        1.80614576060366       -31.1415158668709     
   27.8000000000000        1.80614576060366       -31.2834183427397     
   27.9000000000000        1.80614576060366       -31.4253208186086     
   28.0000000000000        1.80614576060366       -31.5672232944774     
   28.1000000000000        1.80614576060366       -31.7091257703462     
   28.2000000000000        1.80614576060366       -31.8510282462150     
   28.3000000000000        1.80614576060366       -31.9929307220838     
   28.4000000000000        1.80614576060366       -32.1348331979526     
   28.5000000000000        1.80614576060366       -32.2767356738214     
   28.6000000000000        1.80614576060366       -32.4186381496902     
   28.7000000000000        1.80614576060366       -32.5605406255590     
   28.8000000000000        1.80614576060366       -32.7024431014278     
   28.9000000000000        1.80614576060366       -32.8443455772966     
   29.0000000000000        1.80614576060366       -32.9862480531654     
   29.1000000000000        1.80614576060366       -33.1281505290342     
   29.2000000000000        1.80614576060366       -33.2700530049030     
   29.3000000000000        1.80614576060366       -33.4119554807718     
   29.4000000000000        1.80614576060366       -33.5538579566406     
   29.5000000000000        1.80614576060366       -33.6957604325095     
   29.6000000000000        1.80614576060366       -33.8376629083783     
   29.7000000000000        1.80614576060366       -33.9795653842471     
   29.8000000000000        1.80614576060366       -34.1214678601159     
   29.9000000000000        1.80614576060366       -34.2633703359847     
   30.0000000000000        1.80614576060366       -34.4052728118535     
   30.1000000000000        1.80614576060366       -34.5471752877223     
   30.2000000000000        1.80614576060366       -34.6890777635911     
   30.3000000000000        1.80614576060366       -34.8309802394599     
   30.4000000000000        1.80614576060366       -34.9728827153287     
   30.5000000000000        1.80614576060366       -35.1147851911975     
   30.6000000000000        1.80614576060366       -35.2566876670663     
   30.7000000000000        1.80614576060366       -35.3985901429351     
   30.8000000000000        1.80614576060366       -35.5404926188039     
   30.9000000000000        1.80614576060366       -35.6823950946727     
   31.0000000000000        1.80614576060366       -35.8242975705415     
   31.1000000000000        1.80614576060366       -35.9662000464103     
   31.2000000000000        1.80614576060366       -36.1081025222791     
   31.3000000000000        1.80614576060366       -36.2500049981480     
   31.4000000000000        1.80614576060366       -36.3919074740168     
   31.5000000000000        1.80614576060366       -36.5338099498856     
   31.6000000000000        1.80614576060366       -36.6757124257544     
   31.7000000000000        1.80614576060366       -36.8176149016232     
   31.8000000000000        1.80614576060366       -36.9595173774920     
   31.9000000000000        1.80614576060366       -37.1014198533608     
   32.0000000000000        1.80614576060366       -37.2433223292296     
   32.1000000000000        1.80614576060366       -37.3852248050984     
   32.2000000000000        1.80614576060366       -37.5271272809672     
   32.3000000000000        1.80614576060366       -37.6690297568360     
   32.4000000000000        1.80614576060366       -37.8109322327048     
   32.5000000000000        1.80614576060366       -37.9528347085736     
   32.6000000000000        1.80614576060366       -38.0947371844424     
   32.7000000000000        1.80614576060366       -38.2366396603112     
   32.8000000000000        1.80614576060366       -38.3785421361800     
   32.9000000000000        1.80614576060366       -38.5204446120488     
   33.0000000000000        1.80614576060366       -38.6623470879176     
   33.1000000000000        1.80614576060366       -38.8042495637864     
   33.2000000000000        1.80614576060366       -38.9461520396553     
   33.3000000000000        1.80614576060366       -39.0880545155241     
   33.4000000000000        1.80614576060366       -39.2299569913929     
   33.5000000000000        1.80614576060366       -39.3718594672617     
   33.6000000000000        1.80614576060366       -39.5137619431305     
   33.7000000000000        1.80614576060366       -39.6556644189993     
   33.8000000000000        1.80614576060366       -39.7975668948681     
   33.9000000000000        1.80614576060366       -39.9394693707369     
   34.0000000000000        1.80614576060366       -40.0813718466057     
   34.1000000000000        1.80614576060366       -40.2232743224745     
   34.2000000000000        1.80614576060366       -40.3651767983433     
   34.3000000000000        1.80614576060366       -40.5070792742121     
   34.4000000000000        1.80614576060366       -40.6489817500809     
   34.5000000000000        1.80614576060366       -40.7908842259497     
   34.6000000000000        1.80614576060366       -40.9327867018186     
   34.7000000000000        1.80614576060366       -41.0746891776873     
   34.8000000000000        1.80614576060366       -41.2165916535562     
   34.9000000000000        1.80614576060366       -41.3584941294250     
   35.0000000000000        1.80614576060366       -41.5003966052938     
   35.1000000000000        1.80614576060366       -41.6422990811626     
   35.2000000000000        1.80614576060366       -41.7842015570314     
   35.3000000000000        1.80614576060366       -41.9261040329002     
   35.4000000000000        1.80614576060366       -42.0680065087690     
   35.5000000000000        1.80614576060366       -42.2099089846378     
   35.6000000000000        1.80614576060366       -42.3518114605066     
   35.7000000000000        1.80614576060366       -42.4937139363754     
   35.8000000000000        1.80614576060366       -42.6356164122442     
   35.9000000000000        1.80614576060366       -42.7775188881130     
   36.0000000000000        1.80614576060366       -42.9194213639818     
   36.1000000000000        1.80614576060366       -43.0613238398506     
   36.2000000000000        1.80614576060366       -43.2032263157194     
   36.3000000000000        1.80614576060366       -43.3451287915882     
   36.4000000000000        1.80614576060366       -43.4870312674570     
   36.5000000000000        1.80614576060366       -43.6289337433259     
   36.6000000000000        1.80614576060366       -43.7708362191947     
   36.7000000000000        1.80614576060366       -43.9127386950635     
   36.8000000000000        1.80614576060366       -44.0546411709323     
   36.9000000000000        1.80614576060366       -44.1965436468011     
   37.0000000000000        1.80614576060366       -44.3384461226699     
   37.1000000000000        1.80614576060366       -44.4803485985387     
   37.2000000000000        1.80614576060366       -44.6222510744075     
   37.3000000000000        1.80614576060366       -44.7641535502763     
   37.4000000000000        1.80614576060366       -44.9060560261451     
   37.5000000000000        1.80614576060366       -45.0479585020139     
   37.6000000000000        1.80614576060366       -45.1898609778827     
   37.7000000000000        1.80614576060366       -45.3317634537515     
   37.8000000000000        1.80614576060366       -45.4736659296203     
   37.9000000000000        1.80614576060366       -45.6155684054891     
   38.0000000000000        1.80614576060366       -45.7574708813579     
   38.1000000000000        1.80614576060366       -45.8993733572268     
   38.2000000000000        1.80614576060366       -46.0412758330955     
   38.3000000000000        1.80614576060366       -46.1831783089644     
   38.4000000000000        1.80614576060366       -46.3250807848332     
   38.5000000000000        1.80614576060366       -46.4669832607020     
   38.6000000000000        1.80614576060366       -46.6088857365708     
   38.7000000000000        1.80614576060366       -46.7507882124396     
   38.8000000000000        1.80614576060366       -46.8926906883084     
   38.9000000000000        1.80614576060366       -47.0345931641772     
   39.0000000000000        1.80614576060366       -47.1764956400460     
   39.1000000000000        1.80614576060366       -47.3183981159148     
   39.2000000000000        1.80614576060366       -47.4603005917836     
   39.3000000000000        1.80614576060366       -47.6022030676524     
   39.4000000000000        1.80614576060366       -47.7441055435212     
   39.5000000000000        1.80614576060366       -47.8860080193900     
   39.6000000000000        1.80614576060366       -48.0279104952588     
   39.7000000000000        1.80614576060366       -48.1698129711276     
   39.8000000000000        1.80614576060366       -48.3117154469964     
   39.9000000000000        1.80614576060366       -48.4536179228652     
   40.0000000000000        1.80614576060366       -48.5955203987341     
