 # applied field (T), magnetization (2 f.u.), magnetization (T)
  0.000000000000000E+000   37.4222632716205        1.30314664115433     
  0.100000000000000        37.4225119993886        1.30315530254269     
  0.200000000000000        37.4227607050078        1.30316396315976     
  0.300000000000000        37.4230093884877        1.30317262300589     
  0.400000000000000        37.4232580498378        1.30318128208139     
  0.500000000000000        37.4235066890675        1.30318994038660     
  0.600000000000000        37.4237553061863        1.30319859792185     
  0.700000000000000        37.4240039012036        1.30320725468746     
  0.800000000000000        37.4242524741290        1.30321591068377     
  0.900000000000000        37.4245010249720        1.30322456591111     
   1.00000000000000        37.4247495537419        1.30323322036980     
   1.10000000000000        37.4249980604483        1.30324187406019     
   1.20000000000000        37.4252465451006        1.30325052698258     
   1.30000000000000        37.4254950077084        1.30325917913733     
   1.40000000000000        37.4257434482810        1.30326783052475     
   1.50000000000000        37.4259918668281        1.30327648114518     
   1.60000000000000        37.4262402633589        1.30328513099895     
   1.70000000000000        37.4264886378831        1.30329378008638     
   1.80000000000000        37.4267369904101        1.30330242840781     
   1.90000000000000        37.4269853209494        1.30331107596356     
   2.00000000000000        37.4272336295104        1.30331972275398     
   2.10000000000000        37.4274819161027        1.30332836877938     
   2.20000000000000        37.4277301807356        1.30333701404009     
   2.30000000000000        37.4279784234187        1.30334565853645     
   2.40000000000000        37.4282266441615        1.30335430226879     
   2.50000000000000        37.4284748429735        1.30336294523744     
   2.60000000000000        37.4287230198640        1.30337158744272     
   2.70000000000000        37.4289711748426        1.30338022888497     
   2.80000000000000        37.4292193079188        1.30338886956451     
   2.90000000000000        37.4294674191020        1.30339750948168     
   3.00000000000000        37.4297155084018        1.30340614863681     
   3.10000000000000        37.4299635758275        1.30341478703023     
   3.20000000000000        37.4302116213887        1.30342342466226     
   3.30000000000000        37.4304596450949        1.30343206153324     
   3.40000000000000        37.4307076469555        1.30344069764350     
   3.50000000000000        37.4309556269800        1.30344933299336     
   3.60000000000000        37.4312035851779        1.30345796758316     
   3.70000000000000        37.4314515215587        1.30346660141323     
   3.80000000000000        37.4316994361318        1.30347523448389     
   3.90000000000000        37.4319473289067        1.30348386679548     
   4.00000000000000        37.4321951998929        1.30349249834833     
   4.10000000000000        37.4324430491000        1.30350112914277     
   4.20000000000000        37.4326908765372        1.30350975917912     
   4.30000000000000        37.4329386822143        1.30351838845772     
   4.40000000000000        37.4331864661405        1.30352701697890     
   4.50000000000000        37.4334342283254        1.30353564474299     
   4.60000000000000        37.4336819687786        1.30354427175031     
   4.70000000000000        37.4339296875093        1.30355289800121     
   4.80000000000000        37.4341773845273        1.30356152349600     
   4.90000000000000        37.4344250598418        1.30357014823502     
   5.00000000000000        37.4346727134624        1.30357877221859     
   5.10000000000000        37.4349203453986        1.30358739544706     
   5.20000000000000        37.4351679556599        1.30359601792075     
   5.30000000000000        37.4354155442557        1.30360463963998     
   5.40000000000000        37.4356631111956        1.30361326060509     
   5.50000000000000        37.4359106564889        1.30362188081642     
   5.60000000000000        37.4361581801452        1.30363050027428     
   5.70000000000000        37.4364056821740        1.30363911897901     
   5.80000000000000        37.4366531625847        1.30364773693094     
   5.90000000000000        37.4369006213869        1.30365635413040     
   6.00000000000000        37.4371480585900        1.30366497057772     
   6.10000000000000        37.4373954742034        1.30367358627323     
   6.20000000000000        37.4376428682368        1.30368220121726     
   6.30000000000000        37.4378902406995        1.30369081541014     
   6.40000000000000        37.4381375916010        1.30369942885220     
   6.50000000000000        37.4383849209509        1.30370804154378     
   6.60000000000000        37.4386322287585        1.30371665348519     
   6.70000000000000        37.4388795150335        1.30372526467677     
   6.80000000000000        37.4391267797852        1.30373387511886     
   6.90000000000000        37.4393740230231        1.30374248481178     
   7.00000000000000        37.4396212447568        1.30375109375586     
   7.10000000000000        37.4398684449957        1.30375970195143     
   7.20000000000000        37.4401156237493        1.30376830939883     
   7.30000000000000        37.4403627810271        1.30377691609838     
   7.40000000000000        37.4406099168386        1.30378552205041     
   7.50000000000000        37.4408570311932        1.30379412725525     
   7.60000000000000        37.4411041241005        1.30380273171324     
   7.70000000000000        37.4413511955698        1.30381133542470     
   7.80000000000000        37.4415982456108        1.30381993838997     
   7.90000000000000        37.4418452742328        1.30382854060937     
   8.00000000000000        37.4420922814455        1.30383714208323     
   8.10000000000000        37.4423392672582        1.30384574281189     
   8.20000000000000        37.4425862316804        1.30385434279568     
   8.30000000000000        37.4428331747216        1.30386294203492     
   8.40000000000000        37.4430800963914        1.30387154052994     
   8.50000000000000        37.4433269966991        1.30388013828108     
   8.60000000000000        37.4435738756544        1.30388873528867     
   8.70000000000000        37.4438207332665        1.30389733155303     
   8.80000000000000        37.4440675695452        1.30390592707450     
   8.90000000000000        37.4443143844998        1.30391452185341     
   9.00000000000000        37.4445611781398        1.30392311589009     
   9.10000000000000        37.4448079504747        1.30393170918486     
   9.20000000000000        37.4450547015140        1.30394030173806     
   9.30000000000000        37.4453014312672        1.30394889355002     
   9.40000000000000        37.4455481397437        1.30395748462107     
   9.50000000000000        37.4457948269531        1.30396607495154     
   9.60000000000000        37.4460414929048        1.30397466454175     
   9.70000000000000        37.4462881376084        1.30398325339205     
   9.80000000000000        37.4465347610733        1.30399184150276     
   9.90000000000000        37.4467813633090        1.30400042887420     
   10.0000000000000        37.4470279443249        1.30400901550672     
   10.1000000000000        37.4472745041306        1.30401760140064     
   10.2000000000000        37.4475210427356        1.30402618655629     
   10.3000000000000        37.4477675601494        1.30403477097401     
   10.4000000000000        37.4480140563813        1.30404335465411     
   10.5000000000000        37.4482605314410        1.30405193759694     
   10.6000000000000        37.4485069853379        1.30406051980282     
   10.7000000000000        37.4487534180815        1.30406910127209     
   10.8000000000000        37.4489998296813        1.30407768200507     
   10.9000000000000        37.4492462201468        1.30408626200209     
   11.0000000000000        37.4494925894874        1.30409484126349     
   11.1000000000000        37.4497389377127        1.30410341978959     
   11.2000000000000        37.4499852648321        1.30411199758073     
   11.3000000000000        37.4502315708551        1.30412057463723     
   11.4000000000000        37.4504778557912        1.30412915095943     
   11.5000000000000        37.4507241196500        1.30413772654766     
   11.6000000000000        37.4509703624408        1.30414630140225     
   11.7000000000000        37.4512165841733        1.30415487552352     
   11.8000000000000        37.4514627848568        1.30416344891181     
   11.9000000000000        37.4517089645008        1.30417202156745     
   12.0000000000000        37.4519551231149        1.30418059349077     
   12.1000000000000        37.4522012607086        1.30418916468210     
   12.2000000000000        37.4524473772913        1.30419773514176     
   12.3000000000000        37.4526934728725        1.30420630487010     
   12.4000000000000        37.4529395474617        1.30421487386744     
   12.5000000000000        37.4531856010684        1.30422344213411     
   12.6000000000000        37.4534316337021        1.30423200967045     
   12.7000000000000        37.4536776453723        1.30424057647677     
   12.8000000000000        37.4539236360885        1.30424914255342     
   12.9000000000000        37.4541696058601        1.30425770790072     
   13.0000000000000        37.4544155546967        1.30426627251900     
   13.1000000000000        37.4546614826077        1.30427483640860     
   13.2000000000000        37.4549073896026        1.30428339956985     
   13.3000000000000        37.4551532756910        1.30429196200307     
   13.4000000000000        37.4553991408823        1.30430052370859     
   13.5000000000000        37.4556449851860        1.30430908468675     
   13.6000000000000        37.4558908086116        1.30431764493788     
   13.7000000000000        37.4561366111686        1.30432620446231     
   13.8000000000000        37.4563823928665        1.30433476326036     
   13.9000000000000        37.4566281537147        1.30434332133237     
   14.0000000000000        37.4568738937229        1.30435187867867     
   14.1000000000000        37.4571196129003        1.30436043529959     
   14.2000000000000        37.4573653112567        1.30436899119546     
   14.3000000000000        37.4576109888013        1.30437754636662     
   14.4000000000000        37.4578566455439        1.30438610081338     
   14.5000000000000        37.4581022814937        1.30439465453608     
   14.6000000000000        37.4583478966604        1.30440320753506     
   14.7000000000000        37.4585934910533        1.30441175981064     
   14.8000000000000        37.4588390646821        1.30442031136315     
   14.9000000000000        37.4590846175562        1.30442886219293     
   15.0000000000000        37.4593301496851        1.30443741230030     
   15.1000000000000        37.4595756610783        1.30444596168559     
   15.2000000000000        37.4598211517452        1.30445451034915     
   15.3000000000000        37.4600666216955        1.30446305829129     
   15.4000000000000        37.4603120709384        1.30447160551234     
   15.5000000000000        37.4605574994837        1.30448015201264     
   15.6000000000000        37.4608029073407        1.30448869779253     
   15.7000000000000        37.4610482945190        1.30449724285232     
   15.8000000000000        37.4612936610280        1.30450578719235     
   15.9000000000000        37.4615390068772        1.30451433081294     
   16.0000000000000        37.4617843320762        1.30452287371444     
   16.1000000000000        37.4620296366344        1.30453141589718     
   16.2000000000000        37.4622749205614        1.30453995736147     
   16.3000000000000        37.4625201838665        1.30454849810766     
   16.4000000000000        37.4627654265594        1.30455703813606     
   16.5000000000000        37.4630106486494        1.30456557744703     
   16.6000000000000        37.4632558501462        1.30457411604088     
   16.7000000000000        37.4635010310592        1.30458265391794     
   16.8000000000000        37.4637461913978        1.30459119107855     
   16.9000000000000        37.4639913311717        1.30459972752303     
   17.0000000000000        37.4642364503902        1.30460826325172     
   17.1000000000000        37.4644815490630        1.30461679826495     
   17.2000000000000        37.4647266271993        1.30462533256305     
   17.3000000000000        37.4649716848089        1.30463386614635     
   17.4000000000000        37.4652167219012        1.30464239901517     
   17.5000000000000        37.4654617384856        1.30465093116986     
   17.6000000000000        37.4657067345716        1.30465946261074     
   17.7000000000000        37.4659517101688        1.30466799333814     
   17.8000000000000        37.4661966652867        1.30467652335239     
   17.9000000000000        37.4664415999347        1.30468505265383     
   18.0000000000000        37.4666865141224        1.30469358124278     
   18.1000000000000        37.4669314078592        1.30470210911958     
   18.2000000000000        37.4671762811547        1.30471063628455     
   18.3000000000000        37.4674211340183        1.30471916273802     
   18.4000000000000        37.4676659664596        1.30472768848034     
   18.5000000000000        37.4679107784879        1.30473621351182     
   18.6000000000000        37.4681555701130        1.30474473783280     
   18.7000000000000        37.4684003413441        1.30475326144361     
   18.8000000000000        37.4686450921909        1.30476178434458     
   18.9000000000000        37.4688898226627        1.30477030653604     
   19.0000000000000        37.4691345327693        1.30477882801832     
   19.1000000000000        37.4693792225199        1.30478734879175     
   19.2000000000000        37.4696238919242        1.30479586885666     
   19.3000000000000        37.4698685409915        1.30480438821339     
   19.4000000000000        37.4701131697315        1.30481290686227     
   19.5000000000000        37.4703577781536        1.30482142480361     
   19.6000000000000        37.4706023662674        1.30482994203777     
   19.7000000000000        37.4708469340822        1.30483845856506     
   19.8000000000000        37.4710914816077        1.30484697438582     
   19.9000000000000        37.4713360088532        1.30485548950037     
   20.0000000000000        37.4715805158284        1.30486400390906     
   20.1000000000000        37.4718250025427        1.30487251761221     
   20.2000000000000        37.4720694690056        1.30488103061014     
   20.3000000000000        37.4723139152266        1.30488954290320     
   20.4000000000000        37.4725583412152        1.30489805449171     
   20.5000000000000        37.4728027469810        1.30490656537600     
   20.6000000000000        37.4730471325333        1.30491507555641     
   20.7000000000000        37.4732914978818        1.30492358503326     
   20.8000000000000        37.4735358430358        1.30493209380689     
   20.9000000000000        37.4737801680050        1.30494060187762     
   21.0000000000000        37.4740244727987        1.30494910924579     
   21.1000000000000        37.4742687574266        1.30495761591173     
   21.2000000000000        37.4745130218981        1.30496612187577     
   21.3000000000000        37.4747572662227        1.30497462713824     
   21.4000000000000        37.4750014904100        1.30498313169946     
   21.5000000000000        37.4752456944693        1.30499163555978     
   21.6000000000000        37.4754898784103        1.30500013871952     
   21.7000000000000        37.4757340422423        1.30500864117902     
   21.8000000000000        37.4759781859750        1.30501714293860     
   21.9000000000000        37.4762223096178        1.30502564399859     
   22.0000000000000        37.4764664131803        1.30503414435933     
   22.1000000000000        37.4767104966718        1.30504264402115     
   22.2000000000000        37.4769545601020        1.30505114298437     
   22.3000000000000        37.4771986034803        1.30505964124933     
   22.4000000000000        37.4774426268163        1.30506813881636     
   22.5000000000000        37.4776866301193        1.30507663568579     
   22.6000000000000        37.4779306133990        1.30508513185795     
   22.7000000000000        37.4781745766649        1.30509362733318     
   22.8000000000000        37.4784185199263        1.30510212211179     
   22.9000000000000        37.4786624431930        1.30511061619413     
   23.0000000000000        37.4789063464742        1.30511910958053     
   23.1000000000000        37.4791502297796        1.30512760227131     
   23.2000000000000        37.4793940931187        1.30513609426681     
   23.3000000000000        37.4796379365009        1.30514458556735     
   23.4000000000000        37.4798817599358        1.30515307617327     
   23.5000000000000        37.4801255634328        1.30516156608491     
   23.6000000000000        37.4803693470015        1.30517005530258     
   23.7000000000000        37.4806131106513        1.30517854382662     
   23.8000000000000        37.4808568543918        1.30518703165737     
   23.9000000000000        37.4811005782325        1.30519551879515     
   24.0000000000000        37.4813442821829        1.30520400524029     
   24.1000000000000        37.4815879662525        1.30521249099313     
   24.2000000000000        37.4818316304507        1.30522097605399     
   24.3000000000000        37.4820752747872        1.30522946042321     
   24.4000000000000        37.4823188992713        1.30523794410112     
   24.5000000000000        37.4825625039126        1.30524642708805     
   24.6000000000000        37.4828060887207        1.30525490938432     
   24.7000000000000        37.4830496537049        1.30526339099028     
   24.8000000000000        37.4832931988748        1.30527187190625     
   24.9000000000000        37.4835367242400        1.30528035213256     
   25.0000000000000        37.4837802298099        1.30528883166955     
   25.1000000000000        37.4840237155940        1.30529731051754     
   25.2000000000000        37.4842671816019        1.30530578867686     
   25.3000000000000        37.4845106278430        1.30531426614786     
   25.4000000000000        37.4847540543268        1.30532274293085     
   25.5000000000000        37.4849974610629        1.30533121902617     
   25.6000000000000        37.4852408480608        1.30533969443415     
   25.7000000000000        37.4854842153299        1.30534816915512     
   25.8000000000000        37.4857275628797        1.30535664318941     
   25.9000000000000        37.4859708907199        1.30536511653736     
   26.0000000000000        37.4862141988598        1.30537358919928     
   26.1000000000000        37.4864574873090        1.30538206117553     
   26.2000000000000        37.4867007560770        1.30539053246642     
   26.3000000000000        37.4869440051734        1.30539900307229     
   26.4000000000000        37.4871872346075        1.30540747299346     
   26.5000000000000        37.4874304443889        1.30541594223027     
   26.6000000000000        37.4876736345271        1.30542441078306     
   26.7000000000000        37.4879168050317        1.30543287865214     
   26.8000000000000        37.4881599559121        1.30544134583786     
   26.9000000000000        37.4884030871779        1.30544981234054     
   27.0000000000000        37.4886461988385        1.30545827816052     
   27.1000000000000        37.4888892909034        1.30546674329812     
   27.2000000000000        37.4891323633822        1.30547520775368     
   27.3000000000000        37.4893754162844        1.30548367152752     
   27.4000000000000        37.4896184496195        1.30549213461998     
   27.5000000000000        37.4898614633969        1.30550059703140     
   27.6000000000000        37.4901044576263        1.30550905876209     
   27.7000000000000        37.4903474323170        1.30551751981240     
   27.8000000000000        37.4905903874787        1.30552598018265     
   27.9000000000000        37.4908333231208        1.30553443987317     
   28.0000000000000        37.4910762392528        1.30554289888430     
   28.1000000000000        37.4913191358842        1.30555135721637     
   28.2000000000000        37.4915620130246        1.30555981486970     
   28.3000000000000        37.4918048706834        1.30556827184463     
   28.4000000000000        37.4920477088702        1.30557672814150     
   28.5000000000000        37.4922905275945        1.30558518376062     
   28.6000000000000        37.4925333268657        1.30559363870233     
   28.7000000000000        37.4927761066935        1.30560209296697     
   28.8000000000000        37.4930188670872        1.30561054655487     
   28.9000000000000        37.4932616080565        1.30561899946634     
   29.0000000000000        37.4935043296107        1.30562745170174     
   29.1000000000000        37.4937470317595        1.30563590326138     
   29.2000000000000        37.4939897145123        1.30564435414560     
   29.3000000000000        37.4942323778787        1.30565280435473     
   29.4000000000000        37.4944750218682        1.30566125388911     
   29.5000000000000        37.4947176464901        1.30566970274905     
   29.6000000000000        37.4949602517542        1.30567815093490     
   29.7000000000000        37.4952028376699        1.30568659844698     
   29.8000000000000        37.4954454042467        1.30569504528563     
   29.9000000000000        37.4956879514940        1.30570349145118     
   30.0000000000000        37.4959304794215        1.30571193694396     
   30.1000000000000        37.4961729880386        1.30572038176429     
   30.2000000000000        37.4964154773549        1.30572882591252     
   30.3000000000000        37.4966579473798        1.30573726938896     
   30.4000000000000        37.4969003981229        1.30574571219397     
   30.5000000000000        37.4971428295936        1.30575415432785     
   30.6000000000000        37.4973852418016        1.30576259579095     
   30.7000000000000        37.4976276347562        1.30577103658360     
   30.8000000000000        37.4978700084670        1.30577947670612     
   30.9000000000000        37.4981123629436        1.30578791615886     
   31.0000000000000        37.4983546981954        1.30579635494213     
   31.1000000000000        37.4985970142319        1.30580479305628     
   31.2000000000000        37.4988393110627        1.30581323050163     
   31.3000000000000        37.4990815886973        1.30582166727851     
   31.4000000000000        37.4993238471451        1.30583010338726     
   31.5000000000000        37.4995660864158        1.30583853882821     
   31.6000000000000        37.4998083065187        1.30584697360168     
   31.7000000000000        37.5000505074634        1.30585540770801     
   31.8000000000000        37.5002926892595        1.30586384114754     
   31.9000000000000        37.5005348519165        1.30587227392058     
   32.0000000000000        37.5007769954437        1.30588070602748     
   32.1000000000000        37.5010191198509        1.30588913746856     
   32.2000000000000        37.5012612251474        1.30589756824416     
   32.3000000000000        37.5015033113428        1.30590599835460     
   32.4000000000000        37.5017453784467        1.30591442780022     
   32.5000000000000        37.5019874264684        1.30592285658135     
   32.6000000000000        37.5022294554176        1.30593128469833     
   32.7000000000000        37.5024714653037        1.30593971215147     
   32.8000000000000        37.5027134561363        1.30594813894112     
   32.9000000000000        37.5029554279249        1.30595656506760     
   33.0000000000000        37.5031973806790        1.30596499053124     
   33.1000000000000        37.5034393144080        1.30597341533239     
   33.2000000000000        37.5036812291216        1.30598183947136     
   33.3000000000000        37.5039231248292        1.30599026294849     
   33.4000000000000        37.5041650015404        1.30599868576411     
   33.5000000000000        37.5044068592646        1.30600710791856     
   33.6000000000000        37.5046486980114        1.30601552941216     
   33.7000000000000        37.5048905177903        1.30602395024524     
   33.8000000000000        37.5051323186108        1.30603237041814     
   33.9000000000000        37.5053741004824        1.30604078993119     
   34.0000000000000        37.5056158634147        1.30604920878471     
   34.1000000000000        37.5058576074171        1.30605762697905     
   34.2000000000000        37.5060993324991        1.30606604451453     
   34.3000000000000        37.5063410386704        1.30607446139148     
   34.4000000000000        37.5065827259403        1.30608287761024     
   34.5000000000000        37.5068243943185        1.30609129317113     
   34.6000000000000        37.5070660438143        1.30609970807449     
   34.7000000000000        37.5073076744375        1.30610812232064     
   34.8000000000000        37.5075492861973        1.30611653590993     
   34.9000000000000        37.5077908791035        1.30612494884268     
   35.0000000000000        37.5080324531654        1.30613336111922     
   35.1000000000000        37.5082740083927        1.30614177273988     
   35.2000000000000        37.5085155447948        1.30615018370500     
   35.3000000000000        37.5087570623812        1.30615859401491     
   35.4000000000000        37.5089985611615        1.30616700366994     
   35.5000000000000        37.5092400411451        1.30617541267041     
   35.6000000000000        37.5094815023416        1.30618382101666     
   35.7000000000000        37.5097229447606        1.30619222870903     
   35.8000000000000        37.5099643684114        1.30620063574784     
   35.9000000000000        37.5102057733037        1.30620904213343     
   36.0000000000000        37.5104471594470        1.30621744786612     
   36.1000000000000        37.5106885268507        1.30622585294625     
   36.2000000000000        37.5109298755245        1.30623425737415     
   36.3000000000000        37.5111712054777        1.30624266115015     
   36.4000000000000        37.5114125167200        1.30625106427459     
   36.5000000000000        37.5116538092608        1.30625946674778     
   36.6000000000000        37.5118950831097        1.30626786857007     
   36.7000000000000        37.5121363382761        1.30627626974179     
   36.8000000000000        37.5123775747697        1.30628467026327     
   36.9000000000000        37.5126187925999        1.30629307013483     
   37.0000000000000        37.5128599917762        1.30630146935682     
   37.1000000000000        37.5131011723081        1.30630986792956     
   37.2000000000000        37.5133423342053        1.30631826585338     
   37.3000000000000        37.5135834774771        1.30632666312862     
   37.4000000000000        37.5138246021331        1.30633505975560     
   37.5000000000000        37.5140657081829        1.30634345573467     
   37.6000000000000        37.5143067956359        1.30635185106614     
   37.7000000000000        37.5145478645017        1.30636024575035     
   37.8000000000000        37.5147889147897        1.30636863978764     
   37.9000000000000        37.5150299465096        1.30637703317833     
   38.0000000000000        37.5152709596708        1.30638542592276     
   38.1000000000000        37.5155119542828        1.30639381802125     
   38.2000000000000        37.5157529303552        1.30640220947414     
   38.3000000000000        37.5159938878975        1.30641060028176     
   38.4000000000000        37.5162348269192        1.30641899044444     
   38.5000000000000        37.5164757474298        1.30642737996252     
   38.6000000000000        37.5167166494388        1.30643576883632     
   38.7000000000000        37.5169575329558        1.30644415706618     
   38.8000000000000        37.5171983979903        1.30645254465242     
   38.9000000000000        37.5174392445518        1.30646093159539     
   39.0000000000000        37.5176800726498        1.30646931789540     
   39.1000000000000        37.5179208822938        1.30647770355280     
   39.2000000000000        37.5181616734934        1.30648608856791     
   39.3000000000000        37.5184024462582        1.30649447294106     
   39.4000000000000        37.5186432005975        1.30650285667260     
   39.5000000000000        37.5188839365209        1.30651123976284     
   39.6000000000000        37.5191246540380        1.30651962221212     
   39.7000000000000        37.5193653531582        1.30652800402077     
   39.8000000000000        37.5196060338912        1.30653638518913     
   39.9000000000000        37.5198466962463        1.30654476571752     
   40.0000000000000        37.5200873402332        1.30655314560627     
