 # applied field (T), theta (degree), phi (degree), abs for RE 1-2
     0.00000   180.00000   180.00000     4.39237   180.00000   180.00000     4.39237
     0.10000   180.00000   360.00000     4.39233   180.00000   360.00000     4.39233
     0.20000   180.00000   360.00000     4.39229   180.00000   360.00000     4.39229
     0.30000   180.00000   360.00000     4.39225   180.00000   360.00000     4.39225
     0.40000   180.00000   360.00000     4.39221   180.00000   360.00000     4.39221
     0.50000   180.00000   180.00000     4.39217   180.00000   180.00000     4.39217
     0.60000   180.00000   360.00000     4.39213   180.00000   360.00000     4.39213
     0.70000   180.00000   180.00000     4.39208   180.00000   180.00000     4.39208
     0.80000   180.00000   180.00000     4.39204   180.00000   180.00000     4.39204
     0.90000   180.00000   180.00000     4.39200   180.00000   180.00000     4.39200
     1.00000   180.00000   180.00000     4.39196   180.00000   180.00000     4.39196
     1.10000   180.00000   180.00000     4.39192   180.00000   180.00000     4.39192
     1.20000   180.00000   360.00000     4.39188   180.00000   360.00000     4.39188
     1.30000   180.00000   180.00000     4.39184   180.00000   180.00000     4.39184
     1.40000   180.00000   360.00000     4.39180   180.00000   360.00000     4.39180
     1.50000   180.00000   180.00000     4.39176   180.00000   180.00000     4.39176
     1.60000   180.00000   360.00000     4.39172   180.00000   360.00000     4.39172
     1.70000   180.00000   360.00000     4.39168   180.00000   360.00000     4.39168
     1.80000   180.00000   360.00000     4.39164   180.00000   360.00000     4.39164
     1.90000   180.00000   180.00000     4.39160   180.00000   180.00000     4.39160
     2.00000   180.00000   360.00000     4.39156   180.00000   360.00000     4.39156
     2.10000   180.00000   360.00000     4.39152   180.00000   360.00000     4.39152
     2.20000   180.00000   360.00000     4.39148   180.00000   360.00000     4.39148
     2.30000   180.00000   360.00000     4.39144   180.00000   360.00000     4.39144
     2.40000   180.00000   360.00000     4.39140   180.00000   360.00000     4.39140
     2.50000   180.00000   360.00000     4.39136   180.00000   360.00000     4.39136
     2.60000   180.00000   180.00000     4.39132   180.00000   180.00000     4.39132
     2.70000   180.00000   360.00000     4.39128   180.00000   360.00000     4.39128
     2.80000   180.00000   180.00000     4.39123   180.00000   180.00000     4.39123
     2.90000   180.00000   360.00000     4.39119   180.00000   360.00000     4.39119
     3.00000   180.00000   180.00000     4.39115   180.00000   180.00000     4.39115
     3.10000   180.00000   360.00000     4.39111   180.00000   360.00000     4.39111
     3.20000   180.00000   360.00000     4.39107   180.00000   360.00000     4.39107
     3.30000   180.00000   360.00000     4.39103   180.00000   360.00000     4.39103
     3.40000   180.00000   360.00000     4.39099   180.00000   360.00000     4.39099
     3.50000   180.00000   360.00000     4.39095   180.00000   360.00000     4.39095
     3.60000   180.00000   360.00000     4.39091   180.00000   360.00000     4.39091
     3.70000   180.00000   360.00000     4.39087   180.00000   360.00000     4.39087
     3.80000   180.00000   180.00000     4.39083   180.00000   180.00000     4.39083
     3.90000   180.00000   180.00000     4.39079   180.00000   180.00000     4.39079
     4.00000   180.00000   180.00000     4.39075   180.00000   180.00000     4.39075
     4.10000   180.00000   180.00000     4.39071   180.00000   180.00000     4.39071
     4.20000   180.00000   360.00000     4.39067   180.00000   360.00000     4.39067
     4.30000   180.00000   180.00000     4.39063   180.00000   180.00000     4.39063
     4.40000   180.00000   180.00000     4.39059   180.00000   180.00000     4.39059
     4.50000   180.00000   360.00000     4.39054   180.00000   360.00000     4.39054
     4.60000   180.00000   360.00000     4.39050   180.00000   360.00000     4.39050
     4.70000   180.00000   360.00000     4.39046   180.00000   360.00000     4.39046
     4.80000   180.00000   180.00000     4.39042   180.00000   180.00000     4.39042
     4.90000   180.00000   360.00000     4.39038   180.00000   360.00000     4.39038
     5.00000   180.00000   360.00000     4.39034   180.00000   360.00000     4.39034
     5.10000   180.00000   360.00000     4.39030   180.00000   360.00000     4.39030
     5.20000   180.00000   180.00000     4.39026   180.00000   180.00000     4.39026
     5.30000   180.00000   360.00000     4.39022   180.00000   360.00000     4.39022
     5.40000   180.00000   360.00000     4.39018   180.00000   360.00000     4.39018
     5.50000   180.00000   180.00000     4.39014   180.00000   180.00000     4.39014
     5.60000   180.00000   360.00000     4.39010   180.00000   360.00000     4.39010
     5.70000   180.00000   180.00000     4.39006   180.00000   180.00000     4.39006
     5.80000   180.00000   360.00000     4.39002   180.00000   360.00000     4.39002
     5.90000   180.00000   180.00000     4.38998   180.00000   180.00000     4.38998
     6.00000   180.00000   180.00000     4.38994   180.00000   180.00000     4.38994
     6.10000   180.00000   180.00000     4.38989   180.00000   180.00000     4.38989
     6.20000   180.00000   180.00000     4.38985   180.00000   180.00000     4.38985
     6.30000   180.00000   180.00000     4.38981   180.00000   180.00000     4.38981
     6.40000   180.00000   360.00000     4.38977   180.00000   360.00000     4.38977
     6.50000   180.00000   180.00000     4.38973   180.00000   180.00000     4.38973
     6.60000   180.00000   360.00000     4.38969   180.00000   360.00000     4.38969
     6.70000   180.00000   360.00000     4.38965   180.00000   360.00000     4.38965
     6.80000   180.00000   180.00000     4.38961   180.00000   180.00000     4.38961
     6.90000   180.00000   360.00000     4.38957   180.00000   360.00000     4.38957
     7.00000   180.00000   360.00000     4.38953   180.00000   360.00000     4.38953
     7.10000   180.00000   360.00000     4.38949   180.00000   360.00000     4.38949
     7.20000   180.00000   360.00000     4.38945   180.00000   360.00000     4.38945
     7.30000   180.00000   360.00000     4.38941   180.00000   360.00000     4.38941
     7.40000   180.00000   360.00000     4.38936   180.00000   360.00000     4.38936
     7.50000   180.00000   360.00000     4.38932   180.00000   360.00000     4.38932
     7.60000   180.00000   180.00000     4.38928   180.00000   180.00000     4.38928
     7.70000   180.00000   360.00000     4.38924   180.00000   360.00000     4.38924
     7.80000   180.00000   360.00000     4.38920   180.00000   360.00000     4.38920
     7.90000   180.00000   180.00000     4.38916   180.00000   180.00000     4.38916
     8.00000   180.00000   180.00000     4.38912   180.00000   180.00000     4.38912
     8.10000   180.00000   180.00000     4.38908   180.00000   180.00000     4.38908
     8.20000   180.00000   360.00000     4.38904   180.00000   360.00000     4.38904
     8.30000   180.00000   360.00000     4.38900   180.00000   360.00000     4.38900
     8.40000   180.00000   360.00000     4.38896   180.00000   360.00000     4.38896
     8.50000   180.00000   180.00000     4.38892   180.00000   180.00000     4.38892
     8.60000   180.00000   360.00000     4.38888   180.00000   360.00000     4.38888
     8.70000   180.00000   360.00000     4.38883   180.00000   360.00000     4.38883
     8.80000   180.00000   360.00000     4.38879   180.00000   360.00000     4.38879
     8.90000   180.00000   360.00000     4.38875   180.00000   360.00000     4.38875
     9.00000   180.00000   360.00000     4.38871   180.00000   360.00000     4.38871
     9.10000   180.00000   360.00000     4.38867   180.00000   360.00000     4.38867
     9.20000   180.00000   360.00000     4.38863   180.00000   360.00000     4.38863
     9.30000   180.00000   180.00000     4.38859   180.00000   180.00000     4.38859
     9.40000   180.00000   180.00000     4.38855   180.00000   180.00000     4.38855
     9.50000   180.00000   180.00000     4.38851   180.00000   180.00000     4.38851
     9.60000   180.00000   180.00000     4.38847   180.00000   180.00000     4.38847
     9.70000   180.00000   360.00000     4.38843   180.00000   360.00000     4.38843
     9.80000   180.00000   180.00000     4.38839   180.00000   180.00000     4.38839
     9.90000   180.00000   360.00000     4.38834   180.00000   360.00000     4.38834
    10.00000   180.00000   180.00000     4.38830   180.00000   180.00000     4.38830
    10.10000   180.00000   180.00000     4.38826   180.00000   180.00000     4.38826
    10.20000   180.00000   180.00000     4.38822   180.00000   180.00000     4.38822
    10.30000   180.00000   360.00000     4.38818   180.00000   360.00000     4.38818
    10.40000   180.00000   180.00000     4.38814   180.00000   180.00000     4.38814
    10.50000   180.00000   360.00000     4.38810   180.00000   360.00000     4.38810
    10.60000   180.00000   360.00000     4.38806   180.00000   360.00000     4.38806
    10.70000   180.00000   180.00000     4.38802   180.00000   180.00000     4.38802
    10.80000   180.00000   360.00000     4.38798   180.00000   360.00000     4.38798
    10.90000   180.00000   360.00000     4.38794   180.00000   360.00000     4.38794
    11.00000   180.00000   360.00000     4.38789   180.00000   360.00000     4.38789
    11.10000   180.00000   360.00000     4.38785   180.00000   360.00000     4.38785
    11.20000   180.00000   180.00000     4.38781   180.00000   180.00000     4.38781
    11.30000   180.00000   180.00000     4.38777   180.00000   180.00000     4.38777
    11.40000   180.00000   360.00000     4.38773   180.00000   360.00000     4.38773
    11.50000   180.00000   360.00000     4.38769   180.00000   360.00000     4.38769
    11.60000   180.00000   360.00000     4.38765   180.00000   360.00000     4.38765
    11.70000   180.00000   180.00000     4.38761   180.00000   180.00000     4.38761
    11.80000   180.00000   180.00000     4.38757   180.00000   180.00000     4.38757
    11.90000   180.00000   360.00000     4.38753   180.00000   360.00000     4.38753
    12.00000   180.00000   180.00000     4.38748   180.00000   180.00000     4.38748
    12.10000   180.00000   360.00000     4.38744   180.00000   360.00000     4.38744
    12.20000   180.00000   360.00000     4.38740   180.00000   360.00000     4.38740
    12.30000   180.00000   360.00000     4.38736   180.00000   360.00000     4.38736
    12.40000   180.00000   360.00000     4.38732   180.00000   360.00000     4.38732
    12.50000   180.00000   360.00000     4.38728   180.00000   360.00000     4.38728
    12.60000   180.00000   360.00000     4.38724   180.00000   360.00000     4.38724
    12.70000   180.00000   180.00000     4.38720   180.00000   180.00000     4.38720
    12.80000   180.00000   180.00000     4.38716   180.00000   180.00000     4.38716
    12.90000   180.00000   360.00000     4.38712   180.00000   360.00000     4.38712
    13.00000   180.00000   360.00000     4.38707   180.00000   360.00000     4.38707
    13.10000   180.00000   180.00000     4.38703   180.00000   180.00000     4.38703
    13.20000   180.00000   360.00000     4.38699   180.00000   360.00000     4.38699
    13.30000   180.00000   180.00000     4.38695   180.00000   180.00000     4.38695
    13.40000   180.00000   180.00000     4.38691   180.00000   180.00000     4.38691
    13.50000   180.00000   180.00000     4.38687   180.00000   180.00000     4.38687
    13.60000   180.00000   180.00000     4.38683   180.00000   180.00000     4.38683
    13.70000   180.00000   360.00000     4.38679   180.00000   360.00000     4.38679
    13.80000   180.00000   180.00000     4.38675   180.00000   180.00000     4.38675
    13.90000   180.00000   180.00000     4.38670   180.00000   180.00000     4.38670
    14.00000   180.00000   180.00000     4.38666   180.00000   180.00000     4.38666
    14.10000   180.00000   180.00000     4.38662   180.00000   180.00000     4.38662
    14.20000   180.00000   360.00000     4.38658   180.00000   360.00000     4.38658
    14.30000   180.00000   180.00000     4.38654   180.00000   180.00000     4.38654
    14.40000   180.00000   180.00000     4.38650   180.00000   180.00000     4.38650
    14.50000   180.00000   180.00000     4.38646   180.00000   180.00000     4.38646
    14.60000   180.00000   180.00000     4.38642   180.00000   180.00000     4.38642
    14.70000   180.00000   180.00000     4.38638   180.00000   180.00000     4.38638
    14.80000   180.00000   360.00000     4.38633   180.00000   360.00000     4.38633
    14.90000   180.00000   180.00000     4.38629   180.00000   180.00000     4.38629
    15.00000   180.00000   360.00000     4.38625   180.00000   360.00000     4.38625
    15.10000   180.00000   180.00000     4.38621   180.00000   180.00000     4.38621
    15.20000   180.00000   180.00000     4.38617   180.00000   180.00000     4.38617
    15.30000   180.00000   360.00000     4.38613   180.00000   360.00000     4.38613
    15.40000   180.00000   180.00000     4.38609   180.00000   180.00000     4.38609
    15.50000   180.00000   180.00000     4.38605   180.00000   180.00000     4.38605
    15.60000   180.00000   360.00000     4.38601   180.00000   360.00000     4.38601
    15.70000   180.00000   180.00000     4.38596   180.00000   180.00000     4.38596
    15.80000   180.00000   360.00000     4.38592   180.00000   360.00000     4.38592
    15.90000   180.00000   180.00000     4.38588   180.00000   180.00000     4.38588
    16.00000   180.00000   360.00000     4.38584   180.00000   360.00000     4.38584
    16.10000   180.00000   180.00000     4.38580   180.00000   180.00000     4.38580
    16.20000   180.00000   180.00000     4.38576   180.00000   180.00000     4.38576
    16.30000   180.00000   180.00000     4.38572   180.00000   180.00000     4.38572
    16.40000   180.00000   180.00000     4.38568   180.00000   180.00000     4.38568
    16.50000   180.00000   360.00000     4.38563   180.00000   360.00000     4.38563
    16.60000   180.00000   180.00000     4.38559   180.00000   180.00000     4.38559
    16.70000   180.00000   180.00000     4.38555   180.00000   180.00000     4.38555
    16.80000   180.00000   180.00000     4.38551   180.00000   180.00000     4.38551
    16.90000   180.00000   360.00000     4.38547   180.00000   360.00000     4.38547
    17.00000   180.00000   360.00000     4.38543   180.00000   360.00000     4.38543
    17.10000   180.00000   360.00000     4.38539   180.00000   360.00000     4.38539
    17.20000   180.00000   360.00000     4.38535   180.00000   360.00000     4.38535
    17.30000   180.00000   360.00000     4.38530   180.00000   360.00000     4.38530
    17.40000   180.00000   180.00000     4.38526   180.00000   180.00000     4.38526
    17.50000   180.00000   180.00000     4.38522   180.00000   180.00000     4.38522
    17.60000   180.00000   180.00000     4.38518   180.00000   180.00000     4.38518
    17.70000   180.00000   360.00000     4.38514   180.00000   360.00000     4.38514
    17.80000   180.00000   360.00000     4.38510   180.00000   360.00000     4.38510
    17.90000   180.00000   180.00000     4.38506   180.00000   180.00000     4.38506
    18.00000   180.00000   180.00000     4.38502   180.00000   180.00000     4.38502
    18.10000   180.00000   180.00000     4.38497   180.00000   180.00000     4.38497
    18.20000   180.00000   180.00000     4.38493   180.00000   180.00000     4.38493
    18.30000   180.00000   180.00000     4.38489   180.00000   180.00000     4.38489
    18.40000   180.00000   360.00000     4.38485   180.00000   360.00000     4.38485
    18.50000   180.00000   360.00000     4.38481   180.00000   360.00000     4.38481
    18.60000   180.00000   360.00000     4.38477   180.00000   360.00000     4.38477
    18.70000   180.00000   360.00000     4.38473   180.00000   360.00000     4.38473
    18.80000   180.00000   360.00000     4.38468   180.00000   360.00000     4.38468
    18.90000   180.00000   180.00000     4.38464   180.00000   180.00000     4.38464
    19.00000   180.00000   360.00000     4.38460   180.00000   360.00000     4.38460
    19.10000   180.00000   180.00000     4.38456   180.00000   180.00000     4.38456
    19.20000   180.00000   360.00000     4.38452   180.00000   360.00000     4.38452
    19.30000   180.00000   360.00000     4.38448   180.00000   360.00000     4.38448
    19.40000   180.00000   180.00000     4.38444   180.00000   180.00000     4.38444
    19.50000   180.00000   180.00000     4.38440   180.00000   180.00000     4.38440
    19.60000   180.00000   180.00000     4.38435   180.00000   180.00000     4.38435
    19.70000   180.00000   180.00000     4.38431   180.00000   180.00000     4.38431
    19.80000   180.00000   360.00000     4.38427   180.00000   360.00000     4.38427
    19.90000   180.00000   360.00000     4.38423   180.00000   360.00000     4.38423
    20.00000   180.00000   180.00000     4.38419   180.00000   180.00000     4.38419
    20.10000   180.00000   180.00000     4.38415   180.00000   180.00000     4.38415
    20.20000   180.00000   360.00000     4.38411   180.00000   360.00000     4.38411
    20.30000   180.00000   180.00000     4.38406   180.00000   180.00000     4.38406
    20.40000   180.00000   180.00000     4.38402   180.00000   180.00000     4.38402
    20.50000   180.00000   180.00000     4.38398   180.00000   180.00000     4.38398
    20.60000   180.00000   360.00000     4.38394   180.00000   360.00000     4.38394
    20.70000   180.00000   180.00000     4.38390   180.00000   180.00000     4.38390
    20.80000   180.00000   360.00000     4.38386   180.00000   360.00000     4.38386
    20.90000   180.00000   360.00000     4.38382   180.00000   360.00000     4.38382
    21.00000   180.00000   360.00000     4.38377   180.00000   360.00000     4.38377
    21.10000   180.00000   180.00000     4.38373   180.00000   180.00000     4.38373
    21.20000   180.00000   180.00000     4.38369   180.00000   180.00000     4.38369
    21.30000   180.00000   360.00000     4.38365   180.00000   360.00000     4.38365
    21.40000   180.00000   360.00000     4.38361   180.00000   360.00000     4.38361
    21.50000   180.00000   180.00000     4.38357   180.00000   180.00000     4.38357
    21.60000   180.00000   180.00000     4.38353   180.00000   180.00000     4.38353
    21.70000   180.00000   360.00000     4.38348   180.00000   360.00000     4.38348
    21.80000   180.00000   180.00000     4.38344   180.00000   180.00000     4.38344
    21.90000   180.00000   180.00000     4.38340   180.00000   180.00000     4.38340
    22.00000   180.00000   360.00000     4.38336   180.00000   360.00000     4.38336
    22.10000   180.00000   180.00000     4.38332   180.00000   180.00000     4.38332
    22.20000   180.00000   180.00000     4.38328   180.00000   180.00000     4.38328
    22.30000   180.00000   360.00000     4.38323   180.00000   360.00000     4.38323
    22.40000   180.00000   180.00000     4.38319   180.00000   180.00000     4.38319
    22.50000   180.00000   360.00000     4.38315   180.00000   360.00000     4.38315
    22.60000   180.00000   360.00000     4.38311   180.00000   360.00000     4.38311
    22.70000   180.00000   360.00000     4.38307   180.00000   360.00000     4.38307
    22.80000   180.00000   360.00000     4.38303   180.00000   360.00000     4.38303
    22.90000   180.00000   360.00000     4.38299   180.00000   360.00000     4.38299
    23.00000   180.00000   180.00000     4.38294   180.00000   180.00000     4.38294
    23.10000   180.00000   180.00000     4.38290   180.00000   180.00000     4.38290
    23.20000   180.00000   180.00000     4.38286   180.00000   180.00000     4.38286
    23.30000   180.00000   360.00000     4.38282   180.00000   360.00000     4.38282
    23.40000   180.00000   360.00000     4.38278   180.00000   360.00000     4.38278
    23.50000   180.00000   360.00000     4.38274   180.00000   360.00000     4.38274
    23.60000   180.00000   360.00000     4.38269   180.00000   360.00000     4.38269
    23.70000   180.00000   180.00000     4.38265   180.00000   180.00000     4.38265
    23.80000   180.00000   360.00000     4.38261   180.00000   360.00000     4.38261
    23.90000   180.00000   180.00000     4.38257   180.00000   180.00000     4.38257
    24.00000   180.00000   180.00000     4.38253   180.00000   180.00000     4.38253
    24.10000   180.00000   360.00000     4.38249   180.00000   360.00000     4.38249
    24.20000   180.00000   180.00000     4.38244   180.00000   180.00000     4.38244
    24.30000   180.00000   180.00000     4.38240   180.00000   180.00000     4.38240
    24.40000   180.00000   180.00000     4.38236   180.00000   180.00000     4.38236
    24.50000   180.00000   360.00000     4.38232   180.00000   360.00000     4.38232
    24.60000   180.00000   180.00000     4.38228   180.00000   180.00000     4.38228
    24.70000   180.00000   360.00000     4.38224   180.00000   360.00000     4.38224
    24.80000   180.00000   360.00000     4.38219   180.00000   360.00000     4.38219
    24.90000   180.00000   360.00000     4.38215   180.00000   360.00000     4.38215
    25.00000   180.00000   180.00000     4.38211   180.00000   180.00000     4.38211
    25.10000   180.00000   180.00000     4.38207   180.00000   180.00000     4.38207
    25.20000   180.00000   360.00000     4.38203   180.00000   360.00000     4.38203
    25.30000   180.00000   180.00000     4.38199   180.00000   180.00000     4.38199
    25.40000   180.00000   180.00000     4.38194   180.00000   180.00000     4.38194
    25.50000   180.00000   180.00000     4.38190   180.00000   180.00000     4.38190
    25.60000   180.00000   180.00000     4.38186   180.00000   180.00000     4.38186
    25.70000   180.00000   360.00000     4.38182   180.00000   360.00000     4.38182
    25.80000   180.00000   360.00000     4.38178   180.00000   360.00000     4.38178
    25.90000   180.00000   180.00000     4.38174   180.00000   180.00000     4.38174
    26.00000   180.00000   360.00000     4.38169   180.00000   360.00000     4.38169
    26.10000   180.00000   180.00000     4.38165   180.00000   180.00000     4.38165
    26.20000   180.00000   180.00000     4.38161   180.00000   180.00000     4.38161
    26.30000   180.00000   180.00000     4.38157   180.00000   180.00000     4.38157
    26.40000   180.00000   180.00000     4.38153   180.00000   180.00000     4.38153
    26.50000   180.00000   360.00000     4.38149   180.00000   360.00000     4.38149
    26.60000   180.00000   360.00000     4.38144   180.00000   360.00000     4.38144
    26.70000   180.00000   360.00000     4.38140   180.00000   360.00000     4.38140
    26.80000   180.00000   360.00000     4.38136   180.00000   360.00000     4.38136
    26.90000   180.00000   180.00000     4.38132   180.00000   180.00000     4.38132
    27.00000   180.00000   360.00000     4.38128   180.00000   360.00000     4.38128
    27.10000   180.00000   360.00000     4.38124   180.00000   360.00000     4.38124
    27.20000   180.00000   180.00000     4.38119   180.00000   180.00000     4.38119
    27.30000   180.00000   360.00000     4.38115   180.00000   360.00000     4.38115
    27.40000   180.00000   180.00000     4.38111   180.00000   180.00000     4.38111
    27.50000   180.00000   360.00000     4.38107   180.00000   360.00000     4.38107
    27.60000   180.00000   180.00000     4.38103   180.00000   180.00000     4.38103
    27.70000   180.00000   360.00000     4.38098   180.00000   360.00000     4.38098
    27.80000   180.00000   360.00000     4.38094   180.00000   360.00000     4.38094
    27.90000   180.00000   180.00000     4.38090   180.00000   180.00000     4.38090
    28.00000   180.00000   180.00000     4.38086   180.00000   180.00000     4.38086
    28.10000   180.00000   180.00000     4.38082   180.00000   180.00000     4.38082
    28.20000   180.00000   180.00000     4.38078   180.00000   180.00000     4.38078
    28.30000   180.00000   180.00000     4.38073   180.00000   180.00000     4.38073
    28.40000   180.00000   360.00000     4.38069   180.00000   360.00000     4.38069
    28.50000   180.00000   180.00000     4.38065   180.00000   180.00000     4.38065
    28.60000   180.00000   180.00000     4.38061   180.00000   180.00000     4.38061
    28.70000   180.00000   360.00000     4.38057   180.00000   360.00000     4.38057
    28.80000   180.00000   180.00000     4.38052   180.00000   180.00000     4.38052
    28.90000   180.00000   180.00000     4.38048   180.00000   180.00000     4.38048
    29.00000   180.00000   180.00000     4.38044   180.00000   180.00000     4.38044
    29.10000   180.00000   180.00000     4.38040   180.00000   180.00000     4.38040
    29.20000   180.00000   360.00000     4.38036   180.00000   360.00000     4.38036
    29.30000   180.00000   180.00000     4.38031   180.00000   180.00000     4.38031
    29.40000   180.00000   180.00000     4.38027   180.00000   180.00000     4.38027
    29.50000   180.00000   180.00000     4.38023   180.00000   180.00000     4.38023
    29.60000   180.00000   180.00000     4.38019   180.00000   180.00000     4.38019
    29.70000   180.00000   360.00000     4.38015   180.00000   360.00000     4.38015
    29.80000   180.00000   180.00000     4.38011   180.00000   180.00000     4.38011
    29.90000   180.00000   360.00000     4.38006   180.00000   360.00000     4.38006
    30.00000   180.00000   180.00000     4.38002   180.00000   180.00000     4.38002
    30.10000   180.00000   180.00000     4.37998   180.00000   180.00000     4.37998
    30.20000   180.00000   180.00000     4.37994   180.00000   180.00000     4.37994
    30.30000   180.00000   360.00000     4.37990   180.00000   360.00000     4.37990
    30.40000   180.00000   180.00000     4.37985   180.00000   180.00000     4.37985
    30.50000   180.00000   360.00000     4.37981   180.00000   360.00000     4.37981
    30.60000   180.00000   180.00000     4.37977   180.00000   180.00000     4.37977
    30.70000   180.00000   360.00000     4.37973   180.00000   360.00000     4.37973
    30.80000   180.00000   180.00000     4.37969   180.00000   180.00000     4.37969
    30.90000   180.00000   180.00000     4.37964   180.00000   180.00000     4.37964
    31.00000   180.00000   360.00000     4.37960   180.00000   360.00000     4.37960
    31.10000   180.00000   180.00000     4.37956   180.00000   180.00000     4.37956
    31.20000   180.00000   180.00000     4.37952   180.00000   180.00000     4.37952
    31.30000   180.00000   360.00000     4.37948   180.00000   360.00000     4.37948
    31.40000   180.00000   180.00000     4.37943   180.00000   180.00000     4.37943
    31.50000   180.00000   180.00000     4.37939   180.00000   180.00000     4.37939
    31.60000   180.00000   180.00000     4.37935   180.00000   180.00000     4.37935
    31.70000   180.00000   180.00000     4.37931   180.00000   180.00000     4.37931
    31.80000   180.00000   360.00000     4.37927   180.00000   360.00000     4.37927
    31.90000   180.00000   360.00000     4.37922   180.00000   360.00000     4.37922
    32.00000   180.00000   360.00000     4.37918   180.00000   360.00000     4.37918
    32.10000   180.00000   180.00000     4.37914   180.00000   180.00000     4.37914
    32.20000   180.00000   180.00000     4.37910   180.00000   180.00000     4.37910
    32.30000   180.00000   360.00000     4.37906   180.00000   360.00000     4.37906
    32.40000   180.00000   180.00000     4.37901   180.00000   180.00000     4.37901
    32.50000   180.00000   180.00000     4.37897   180.00000   180.00000     4.37897
    32.60000   180.00000   360.00000     4.37893   180.00000   360.00000     4.37893
    32.70000   180.00000   360.00000     4.37889   180.00000   360.00000     4.37889
    32.80000   180.00000   180.00000     4.37885   180.00000   180.00000     4.37885
    32.90000   180.00000   180.00000     4.37880   180.00000   180.00000     4.37880
    33.00000   180.00000   360.00000     4.37876   180.00000   360.00000     4.37876
    33.10000   180.00000   180.00000     4.37872   180.00000   180.00000     4.37872
    33.20000   180.00000   360.00000     4.37868   180.00000   360.00000     4.37868
    33.30000   180.00000   360.00000     4.37863   180.00000   360.00000     4.37863
    33.40000   180.00000   360.00000     4.37859   180.00000   360.00000     4.37859
    33.50000   180.00000   180.00000     4.37855   180.00000   180.00000     4.37855
    33.60000   180.00000   180.00000     4.37851   180.00000   180.00000     4.37851
    33.70000   180.00000   180.00000     4.37847   180.00000   180.00000     4.37847
    33.80000   180.00000   180.00000     4.37842   180.00000   180.00000     4.37842
    33.90000   180.00000   360.00000     4.37838   180.00000   360.00000     4.37838
    34.00000   180.00000   180.00000     4.37834   180.00000   180.00000     4.37834
    34.10000   180.00000   360.00000     4.37830   180.00000   360.00000     4.37830
    34.20000   180.00000   360.00000     4.37826   180.00000   360.00000     4.37826
    34.30000   180.00000   360.00000     4.37821   180.00000   360.00000     4.37821
    34.40000   180.00000   360.00000     4.37817   180.00000   360.00000     4.37817
    34.50000   180.00000   360.00000     4.37813   180.00000   360.00000     4.37813
    34.60000   180.00000   180.00000     4.37809   180.00000   180.00000     4.37809
    34.70000   180.00000   180.00000     4.37804   180.00000   180.00000     4.37804
    34.80000   180.00000   360.00000     4.37800   180.00000   360.00000     4.37800
    34.90000   180.00000   360.00000     4.37796   180.00000   360.00000     4.37796
    35.00000   180.00000   180.00000     4.37792   180.00000   180.00000     4.37792
    35.10000   180.00000   360.00000     4.37788   180.00000   360.00000     4.37788
    35.20000   180.00000   180.00000     4.37783   180.00000   180.00000     4.37783
    35.30000   180.00000   180.00000     4.37779   180.00000   180.00000     4.37779
    35.40000   180.00000   360.00000     4.37775   180.00000   360.00000     4.37775
    35.50000   180.00000   180.00000     4.37771   180.00000   180.00000     4.37771
    35.60000   180.00000   360.00000     4.37767   180.00000   360.00000     4.37767
    35.70000   180.00000   180.00000     4.37762   180.00000   180.00000     4.37762
    35.80000   180.00000   180.00000     4.37758   180.00000   180.00000     4.37758
    35.90000   180.00000   180.00000     4.37754   180.00000   180.00000     4.37754
    36.00000   180.00000   360.00000     4.37750   180.00000   360.00000     4.37750
    36.10000   180.00000   180.00000     4.37745   180.00000   180.00000     4.37745
    36.20000   180.00000   360.00000     4.37741   180.00000   360.00000     4.37741
    36.30000   180.00000   180.00000     4.37737   180.00000   180.00000     4.37737
    36.40000   180.00000   360.00000     4.37733   180.00000   360.00000     4.37733
    36.50000   180.00000   360.00000     4.37728   180.00000   360.00000     4.37728
    36.60000   180.00000   180.00000     4.37724   180.00000   180.00000     4.37724
    36.70000   180.00000   360.00000     4.37720   180.00000   360.00000     4.37720
    36.80000   180.00000   360.00000     4.37716   180.00000   360.00000     4.37716
    36.90000   180.00000   360.00000     4.37712   180.00000   360.00000     4.37712
    37.00000   180.00000   180.00000     4.37707   180.00000   180.00000     4.37707
    37.10000   180.00000   360.00000     4.37703   180.00000   360.00000     4.37703
    37.20000   180.00000   360.00000     4.37699   180.00000   360.00000     4.37699
    37.30000   180.00000   360.00000     4.37695   180.00000   360.00000     4.37695
    37.40000   180.00000   180.00000     4.37690   180.00000   180.00000     4.37690
    37.50000   180.00000   360.00000     4.37686   180.00000   360.00000     4.37686
    37.60000   180.00000   180.00000     4.37682   180.00000   180.00000     4.37682
    37.70000   180.00000   360.00000     4.37678   180.00000   360.00000     4.37678
    37.80000   180.00000   360.00000     4.37673   180.00000   360.00000     4.37673
    37.90000   180.00000   180.00000     4.37669   180.00000   180.00000     4.37669
    38.00000   180.00000   180.00000     4.37665   180.00000   180.00000     4.37665
    38.10000   180.00000   180.00000     4.37661   180.00000   180.00000     4.37661
    38.20000   180.00000   180.00000     4.37657   180.00000   180.00000     4.37657
    38.30000   180.00000   180.00000     4.37652   180.00000   180.00000     4.37652
    38.40000   180.00000   360.00000     4.37648   180.00000   360.00000     4.37648
    38.50000   180.00000   360.00000     4.37644   180.00000   360.00000     4.37644
    38.60000   180.00000   360.00000     4.37640   180.00000   360.00000     4.37640
    38.70000   180.00000   360.00000     4.37635   180.00000   360.00000     4.37635
    38.80000   180.00000   360.00000     4.37631   180.00000   360.00000     4.37631
    38.90000   180.00000   360.00000     4.37627   180.00000   360.00000     4.37627
    39.00000   180.00000   360.00000     4.37623   180.00000   360.00000     4.37623
    39.10000   180.00000   360.00000     4.37618   180.00000   360.00000     4.37618
    39.20000   180.00000   180.00000     4.37614   180.00000   180.00000     4.37614
    39.30000   180.00000   360.00000     4.37610   180.00000   360.00000     4.37610
    39.40000   180.00000   360.00000     4.37606   180.00000   360.00000     4.37606
    39.50000   180.00000   360.00000     4.37601   180.00000   360.00000     4.37601
    39.60000   180.00000   360.00000     4.37597   180.00000   360.00000     4.37597
    39.70000   180.00000   360.00000     4.37593   180.00000   360.00000     4.37593
    39.80000   180.00000   180.00000     4.37589   180.00000   180.00000     4.37589
    39.90000   180.00000   180.00000     4.37584   180.00000   180.00000     4.37584
    40.00000   180.00000   180.00000     4.37580   180.00000   180.00000     4.37580
