 # applied field (T), magnetization (2 f.u.), magnetization (T)
  0.000000000000000E+000   36.1135764596502        1.25757454918961     
  0.100000000000000        38.2397375935586        1.33161335651922     
  0.200000000000000        39.7451822156496        1.38403709926515     
  0.300000000000000        41.6276646154045        1.44959033955068     
  0.400000000000000        42.9424094247552        1.49537338772830     
  0.500000000000000        44.1709072127963        1.53815307623970     
  0.600000000000000        45.3106783617841        1.57784305794143     
  0.700000000000000        46.3594094634719        1.61436277356416     
  0.800000000000000        47.3149591251328        1.64763765389439     
  0.900000000000000        48.1753640257540        1.67759933066790     
   1.00000000000000        49.1714873673161        1.71228709867674     
   1.10000000000000        49.9916478002109        1.74084735184949     
   1.20000000000000        50.7647821057386        1.76777002528848     
   1.30000000000000        51.4612503635748        1.79202297504414     
   1.40000000000000        51.4613022149383        1.79202478065193     
   1.50000000000000        51.4613540689024        1.79202658635029     
   1.60000000000000        51.4614059254696        1.79202839213929     
   1.70000000000000        51.4614577846424        1.79203019801902     
   1.80000000000000        51.4615096464231        1.79203200398957     
   1.90000000000000        51.4615615108143        1.79203381005102     
   2.00000000000000        51.4616133778185        1.79203561620346     
   2.10000000000000        51.4616652474380        1.79203742244698     
   2.20000000000000        51.4617171196754        1.79203922878166     
   2.30000000000000        51.4617689945331        1.79204103520759     
   2.40000000000000        51.4618208720136        1.79204284172485     
   2.50000000000000        51.4618727521194        1.79204464833352     
   2.60000000000000        51.4619246348528        1.79204645503370     
   2.70000000000000        51.4619765202164        1.79204826182547     
   2.80000000000000        51.4620284082125        1.79205006870892     
   2.90000000000000        51.4620802988438        1.79205187568412     
   3.00000000000000        51.4621321921126        1.79205368275117     
   3.10000000000000        51.4621840880213        1.79205548991015     
   3.20000000000000        51.4622359865725        1.79205729716115     
   3.30000000000000        51.4622878877685        1.79205910450425     
   3.40000000000000        51.4623397916120        1.79206091193954     
   3.50000000000000        51.4623916981051        1.79206271946710     
   3.60000000000000        51.4624436072506        1.79206452708702     
   3.70000000000000        51.4624955190507        1.79206633479938     
   3.80000000000000        51.4625474335079        1.79206814260427     
   3.90000000000000        51.4625993506248        1.79206995050178     
   4.00000000000000        51.4626512704037        1.79207175849199     
   4.10000000000000        51.4627031928470        1.79207356657498     
   4.20000000000000        51.4627551179573        1.79207537475084     
   4.30000000000000        51.4628070457370        1.79207718301965     
   4.40000000000000        51.4628589761885        1.79207899138151     
   4.50000000000000        51.4629109093143        1.79208079983649     
   4.60000000000000        51.4629628451168        1.79208260838468     
   4.70000000000000        51.4630147835984        1.79208441702617     
   4.80000000000000        51.4630667247616        1.79208622576103     
   4.90000000000000        51.4631186686089        1.79208803458937     
   5.00000000000000        51.4631706151427        1.79208984351125     
   5.10000000000000        51.4632225643654        1.79209165252677     
   5.20000000000000        51.4632745162794        1.79209346163601     
   5.30000000000000        51.4633264708872        1.79209527083906     
   5.40000000000000        51.4633784281913        1.79209708013599     
   5.50000000000000        51.4634303881941        1.79209888952691     
   5.60000000000000        51.4634823508979        1.79210069901188     
   5.70000000000000        51.4635343163053        1.79210250859099     
   5.80000000000000        51.4635862844187        1.79210431826434     
   5.90000000000000        51.4636382552405        1.79210612803200     
   6.00000000000000        51.4636902287732        1.79210793789406     
   6.10000000000000        51.4637422050191        1.79210974785061     
   6.20000000000000        51.4637941839808        1.79211155790172     
   6.30000000000000        51.4638461656606        1.79211336804749     
   6.40000000000000        51.4638981500610        1.79211517828799     
   6.50000000000000        51.4639501371844        1.79211698862332     
   6.60000000000000        51.4640021270332        1.79211879905355     
   6.70000000000000        51.4640541196100        1.79212060957878     
   6.80000000000000        51.4641061149169        1.79212242019908     
   6.90000000000000        51.4641581129567        1.79212423091455     
   7.00000000000000        51.4642101137316        1.79212604172526     
   7.10000000000000        51.4642621172440        1.79212785263130     
   7.20000000000000        51.4643141234965        1.79212966363275     
   7.30000000000000        51.4643661324914        1.79213147472971     
   7.40000000000000        51.4644181442311        1.79213328592224     
   7.50000000000000        51.4644701587181        1.79213509721045     
   7.60000000000000        51.4645221759548        1.79213690859440     
   7.70000000000000        51.4645741959437        1.79213872007420     
   7.80000000000000        51.4646262186870        1.79214053164991     
   7.90000000000000        51.4646782441874        1.79214234332163     
   8.00000000000000        51.4647302724471        1.79214415508944     
   8.10000000000000        51.4647823034686        1.79214596695342     
   8.20000000000000        51.4648343372543        1.79214777891366     
   8.30000000000000        51.4648863738067        1.79214959097024     
   8.40000000000000        51.4649384131281        1.79215140312325     
   8.50000000000000        51.4649904552210        1.79215321537276     
   8.60000000000000        51.4650425000877        1.79215502771887     
   8.70000000000000        51.4650945477308        1.79215684016166     
   8.80000000000000        51.4651465981526        1.79215865270122     
   8.90000000000000        51.4651986513555        1.79216046533761     
   9.00000000000000        51.4652507073420        1.79216227807094     
   9.10000000000000        51.4653027661144        1.79216409090129     
   9.20000000000000        51.4653548276751        1.79216590382873     
   9.30000000000000        51.4654068920266        1.79216771685335     
   9.40000000000000        51.4654589591714        1.79216952997525     
   9.50000000000000        51.4655110291117        1.79217134319449     
   9.60000000000000        51.4655631018500        1.79217315651116     
   9.70000000000000        51.4656151773887        1.79217496992536     
   9.80000000000000        51.4656672557303        1.79217678343715     
   9.90000000000000        51.4657193368770        1.79217859704663     
   10.0000000000000        51.4657714208314        1.79218041075388     
   10.1000000000000        51.4658235075959        1.79218222455899     
   10.2000000000000        51.4658755971727        1.79218403846203     
   10.3000000000000        51.4659276895644        1.79218585246309     
   10.4000000000000        51.4659797847734        1.79218766656225     
   10.5000000000000        51.4660318828020        1.79218948075961     
   10.6000000000000        51.4660839836527        1.79219129505523     
   10.7000000000000        51.4661360873278        1.79219310944921     
   10.8000000000000        51.4661881938297        1.79219492394163     
   10.9000000000000        51.4662403031609        1.79219673853257     
   11.0000000000000        51.4662924153238        1.79219855322212     
   11.1000000000000        51.4663445303207        1.79220036801036     
   11.2000000000000        51.4663966481541        1.79220218289737     
   11.3000000000000        51.4664487688263        1.79220399788324     
   11.4000000000000        51.4665008923398        1.79220581296804     
   11.5000000000000        51.4665530186968        1.79220762815187     
   11.6000000000000        51.4666051479000        1.79220944343481     
   11.7000000000000        51.4666572799515        1.79221125881693     
   11.8000000000000        51.4667094148539        1.79221307429833     
   11.9000000000000        51.4667615526094        1.79221488987909     
   12.0000000000000        51.4668136932206        1.79221670555929     
   12.1000000000000        51.4668658366898        1.79221852133901     
   12.2000000000000        51.4669179830194        1.79222033721833     
   12.3000000000000        51.4669701322117        1.79222215319735     
   12.4000000000000        51.4670222842692        1.79222396927614     
   12.5000000000000        51.4670744391943        1.79222578545478     
   12.6000000000000        51.4671265969893        1.79222760173337     
   12.7000000000000        51.4671787576567        1.79222941811198     
   12.8000000000000        51.4672309211987        1.79223123459069     
   12.9000000000000        51.4672830876179        1.79223305116959     
   13.0000000000000        51.4673352569166        1.79223486784877     
   13.1000000000000        51.4673874290971        1.79223668462830     
   13.2000000000000        51.4674396041619        1.79223850150826     
   13.3000000000000        51.4674917821134        1.79224031848875     
   13.4000000000000        51.4675439629539        1.79224213556984     
   13.5000000000000        51.4675961466858        1.79224395275162     
   13.6000000000000        51.4676483333115        1.79224577003417     
   13.7000000000000        51.4677005228333        1.79224758741757     
   13.8000000000000        51.4677527152538        1.79224940490191     
   13.9000000000000        51.4678049105751        1.79225122248727     
   14.0000000000000        51.4678571087998        1.79225304017372     
   14.1000000000000        51.4679093099301        1.79225485796136     
   14.2000000000000        51.4679615139686        1.79225667585027     
   14.3000000000000        51.4680137209174        1.79225849384053     
   14.4000000000000        51.4680659307791        1.79226031193222     
   14.5000000000000        51.4681181435560        1.79226213012543     
   14.6000000000000        51.4681703592505        1.79226394842023     
   14.7000000000000        51.4682225778649        1.79226576681672     
   14.8000000000000        51.4682747994017        1.79226758531496     
   14.9000000000000        51.4683270238631        1.79226940391506     
   15.0000000000000        51.4683792512516        1.79227122261708     
   15.1000000000000        51.4684314815696        1.79227304142112     
   15.2000000000000        51.4684837148193        1.79227486032724     
   15.3000000000000        51.4685359510033        1.79227667933555     
   15.4000000000000        51.4685881901238        1.79227849844611     
   15.5000000000000        51.4686404321832        1.79228031765902     
   15.6000000000000        51.4686926771839        1.79228213697434     
   15.7000000000000        51.4687449251283        1.79228395639218     
   15.8000000000000        51.4687971760187        1.79228577591260     
   15.9000000000000        51.4688494298575        1.79228759553570     
   16.0000000000000        51.4689016866471        1.79228941526155     
   16.1000000000000        51.4689539463897        1.79229123509023     
   16.2000000000000        51.4690062090879        1.79229305502183     
   16.3000000000000        51.4690584747439        1.79229487505644     
   16.4000000000000        51.4691107433602        1.79229669519412     
   16.5000000000000        51.4691630149390        1.79229851543498     
   16.6000000000000        51.4692152894828        1.79230033577908     
   16.7000000000000        51.4692675669938        1.79230215622650     
   16.8000000000000        51.4693198474746        1.79230397677735     
   16.9000000000000        51.4693721309273        1.79230579743168     
   17.0000000000000        51.4694244173545        1.79230761818959     
   17.1000000000000        51.4694767067584        1.79230943905116     
   17.2000000000000        51.4695289991414        1.79231126001647     
   17.3000000000000        51.4695812945058        1.79231308108561     
   17.4000000000000        51.4696335928541        1.79231490225864     
   17.5000000000000        51.4696858941886        1.79231672353567     
   17.6000000000000        51.4697381985116        1.79231854491676     
   17.7000000000000        51.4697905058254        1.79232036640201     
   17.8000000000000        51.4698428161326        1.79232218799149     
   17.9000000000000        51.4698951294353        1.79232400968528     
   18.0000000000000        51.4699474457359        1.79232583148347     
   18.1000000000000        51.4699997650369        1.79232765338614     
   18.2000000000000        51.4700520873405        1.79232947539337     
   18.3000000000000        51.4701044126491        1.79233129750524     
   18.4000000000000        51.4701567409651        1.79233311972183     
   18.5000000000000        51.4702090722908        1.79233494204324     
   18.6000000000000        51.4702614066286        1.79233676446953     
   18.7000000000000        51.4703137439807        1.79233858700079     
   18.8000000000000        51.4703660843496        1.79234040963710     
   18.9000000000000        51.4704184277376        1.79234223237855     
   19.0000000000000        51.4704707741471        1.79234405522521     
   19.1000000000000        51.4705231235804        1.79234587817717     
   19.2000000000000        51.4705754760398        1.79234770123451     
   19.3000000000000        51.4706278315276        1.79234952439730     
   19.4000000000000        51.4706801900464        1.79235134766564     
   19.5000000000000        51.4707325515983        1.79235317103960     
   19.6000000000000        51.4707849161857        1.79235499451927     
   19.7000000000000        51.4708372838110        1.79235681810473     
   19.8000000000000        51.4708896544764        1.79235864179605     
   19.9000000000000        51.4709420281845        1.79236046559332     
   20.0000000000000        51.4709944049374        1.79236228949663     
   20.1000000000000        51.4710467847375        1.79236411350605     
   20.2000000000000        51.4710991675873        1.79236593762166     
   20.3000000000000        51.4711515534889        1.79236776184355     
   20.4000000000000        51.4712039424448        1.79236958617179     
   20.5000000000000        51.4712563344572        1.79237141060647     
   20.6000000000000        51.4713087295286        1.79237323514768     
   20.7000000000000        51.4713611276613        1.79237505979548     
   20.8000000000000        51.4714135288575        1.79237688454997     
   20.9000000000000        51.4714659331197        1.79237870941122     
   21.0000000000000        51.4715183404501        1.79238053437932     
   21.1000000000000        51.4715707508511        1.79238235945435     
   21.2000000000000        51.4716231643251        1.79238418463638     
   21.3000000000000        51.4716755808743        1.79238600992550     
   21.4000000000000        51.4717280005012        1.79238783532179     
   21.5000000000000        51.4717804232079        1.79238966082534     
   21.6000000000000        51.4718328489969        1.79239148643622     
   21.7000000000000        51.4718852778706        1.79239331215451     
   21.8000000000000        51.4719377098311        1.79239513798029     
   21.9000000000000        51.4719901448809        1.79239696391366     
   22.0000000000000        51.4720425830223        1.79239878995468     
   22.1000000000000        51.4720950242576        1.79240061610344     
   22.2000000000000        51.4721474685891        1.79240244236001     
   22.3000000000000        51.4721999160192        1.79240426872449     
   22.4000000000000        51.4722523665502        1.79240609519695     
   22.5000000000000        51.4723048201844        1.79240792177748     
   22.6000000000000        51.4723572769241        1.79240974846614     
   22.7000000000000        51.4724097367717        1.79241157526303     
   22.8000000000000        51.4724621997295        1.79241340216823     
   22.9000000000000        51.4725146657998        1.79241522918181     
   23.0000000000000        51.4725671349850        1.79241705630386     
   23.1000000000000        51.4726196072873        1.79241888353446     
   23.2000000000000        51.4726720827091        1.79242071087369     
   23.3000000000000        51.4727245612527        1.79242253832163     
   23.4000000000000        51.4727770429204        1.79242436587836     
   23.5000000000000        51.4728295277146        1.79242619354396     
   23.6000000000000        51.4728820156375        1.79242802131851     
   23.7000000000000        51.4729345066916        1.79242984920209     
   23.8000000000000        51.4729870008790        1.79243167719479     
   23.9000000000000        51.4730394982021        1.79243350529668     
   24.0000000000000        51.4730919986633        1.79243533350785     
   24.1000000000000        51.4731445022648        1.79243716182837     
   24.2000000000000        51.4731970090090        1.79243899025833     
   24.3000000000000        51.4732495188982        1.79244081879781     
   24.4000000000000        51.4733020319346        1.79244264744689     
   24.5000000000000        51.4733545481207        1.79244447620564     
   24.6000000000000        51.4734070674587        1.79244630507415     
   24.7000000000000        51.4734595899510        1.79244813405250     
   24.8000000000000        51.4735121155998        1.79244996314077     
   24.9000000000000        51.4735646444074        1.79245179233904     
   25.0000000000000        51.4736171763763        1.79245362164739     
   25.1000000000000        51.4736697115086        1.79245545106591     
   25.2000000000000        51.4737222498067        1.79245728059466     
   25.3000000000000        51.4737747912729        1.79245911023374     
   25.4000000000000        51.4738273359096        1.79246093998322     
   25.5000000000000        51.4738798837189        1.79246276984318     
   25.6000000000000        51.4739324347033        1.79246459981371     
   25.7000000000000        51.4739849888650        1.79246642989487     
   25.8000000000000        51.4740375462064        1.79246826008677     
   25.9000000000000        51.4740901067297        1.79247009038947     
   26.0000000000000        51.4741426704373        1.79247192080305     
   26.1000000000000        51.4741952373314        1.79247375132759     
   26.2000000000000        51.4742478074144        1.79247558196319     
   26.3000000000000        51.4743003806885        1.79247741270990     
   26.4000000000000        51.4743529571562        1.79247924356783     
   26.5000000000000        51.4744055368196        1.79248107453703     
   26.6000000000000        51.4744581196810        1.79248290561761     
   26.7000000000000        51.4745107057429        1.79248473680963     
   26.8000000000000        51.4745632950074        1.79248656811317     
   26.9000000000000        51.4746158874769        1.79248839952833     
   27.0000000000000        51.4746684831537        1.79249023105516     
   27.1000000000000        51.4747210820400        1.79249206269377     
   27.2000000000000        51.4747736841383        1.79249389444422     
   27.3000000000000        51.4748262894507        1.79249572630660     
   27.4000000000000        51.4748788979796        1.79249755828098     
   27.5000000000000        51.4749315097272        1.79249939036745     
   27.6000000000000        51.4749841246959        1.79250122256609     
   27.7000000000000        51.4750367428880        1.79250305487697     
   27.8000000000000        51.4750893643057        1.79250488730018     
   27.9000000000000        51.4751419889513        1.79250671983579     
   28.0000000000000        51.4751946168273        1.79250855248390     
   28.1000000000000        51.4752472479357        1.79251038524456     
   28.2000000000000        51.4752998822790        1.79251221811788     
   28.3000000000000        51.4753525198594        1.79251405110391     
   28.4000000000000        51.4754051606792        1.79251588420276     
   28.5000000000000        51.4754578047407        1.79251771741449     
   28.6000000000000        51.4755104520463        1.79251955073918     
   28.7000000000000        51.4755631025981        1.79252138417692     
   28.8000000000000        51.4756157563984        1.79252321772778     
   28.9000000000000        51.4756684134497        1.79252505139185     
   29.0000000000000        51.4757210737541        1.79252688516920     
   29.1000000000000        51.4757737373139        1.79252871905991     
   29.2000000000000        51.4758264041315        1.79253055306407     
   29.3000000000000        51.4758790742091        1.79253238718175     
   29.4000000000000        51.4759317475490        1.79253422141303     
   29.5000000000000        51.4759844241535        1.79253605575800     
   29.6000000000000        51.4760371040248        1.79253789021672     
   29.7000000000000        51.4760897871653        1.79253972478929     
   29.8000000000000        51.4761424735773        1.79254155947578     
   29.9000000000000        51.4761951632629        1.79254339427627     
   30.0000000000000        51.4762478562246        1.79254522919083     
   30.1000000000000        51.4763005524646        1.79254706421956     
   30.2000000000000        51.4763532519851        1.79254889936253     
   30.3000000000000        51.4764059547885        1.79255073461981     
   30.4000000000000        51.4764586608771        1.79255256999149     
   30.5000000000000        51.4765113702530        1.79255440547765     
   30.6000000000000        51.4765640829187        1.79255624107836     
   30.7000000000000        51.4766167988763        1.79255807679371     
   30.8000000000000        51.4766695181282        1.79255991262378     
   30.9000000000000        51.4767222406766        1.79256174856864     
   31.0000000000000        51.4767749665238        1.79256358462837     
   31.1000000000000        51.4768276956721        1.79256542080305     
   31.2000000000000        51.4768804281237        1.79256725709277     
   31.3000000000000        51.4769331638810        1.79256909349760     
   31.4000000000000        51.4769859029462        1.79257093001762     
   31.5000000000000        51.4770386453216        1.79257276665291     
   31.6000000000000        51.4770913910095        1.79257460340355     
   31.7000000000000        51.4771441400121        1.79257644026962     
   31.8000000000000        51.4771968923317        1.79257827725119     
   31.9000000000000        51.4772496479706        1.79258011434835     
   32.0000000000000        51.4773024069310        1.79258195156118     
   32.1000000000000        51.4773551692153        1.79258378888975     
   32.2000000000000        51.4774079348256        1.79258562633414     
   32.3000000000000        51.4774607037643        1.79258746389444     
   32.4000000000000        51.4775134760337        1.79258930157072     
   32.5000000000000        51.4775662516360        1.79259113936306     
   32.6000000000000        51.4776190305734        1.79259297727155     
   32.7000000000000        51.4776718128483        1.79259481529625     
   32.8000000000000        51.4777245984629        1.79259665343724     
   32.9000000000000        51.4777773874195        1.79259849169462     
   33.0000000000000        51.4778301797203        1.79260033006845     
   33.1000000000000        51.4778829753677        1.79260216855882     
   33.2000000000000        51.4779357743638        1.79260400716580     
   33.3000000000000        51.4779885767109        1.79260584588947     
   33.4000000000000        51.4780413824114        1.79260768472991     
   33.5000000000000        51.4780941914674        1.79260952368721     
   33.6000000000000        51.4781470038813        1.79261136276143     
   33.7000000000000        51.4781998196553        1.79261320195266     
   33.8000000000000        51.4782526387916        1.79261504126098     
   33.9000000000000        51.4783054612926        1.79261688068646     
   34.0000000000000        51.4783582871604        1.79261872022919     
   34.1000000000000        51.4784111163974        1.79262055988924     
   34.2000000000000        51.4784639490058        1.79262239966669     
   34.3000000000000        51.4785167849879        1.79262423956162     
   34.4000000000000        51.4785696243459        1.79262607957412     
   34.5000000000000        51.4786224670820        1.79262791970424     
   34.6000000000000        51.4786753131987        1.79262975995209     
   34.7000000000000        51.4787281626980        1.79263160031773     
   34.8000000000000        51.4787810155823        1.79263344080125     
   34.9000000000000        51.4788338718538        1.79263528140271     
   35.0000000000000        51.4788867315147        1.79263712212221     
   35.1000000000000        51.4789395945674        1.79263896295982     
   35.2000000000000        51.4789924610141        1.79264080391561     
   35.3000000000000        51.4790453308570        1.79264264498967     
   35.4000000000000        51.4790982040984        1.79264448618208     
   35.5000000000000        51.4791510807405        1.79264632749291     
   35.6000000000000        51.4792039607857        1.79264816892224     
   35.7000000000000        51.4792568442361        1.79265001047015     
   35.8000000000000        51.4793097310940        1.79265185213672     
   35.9000000000000        51.4793626213616        1.79265369392203     
   36.0000000000000        51.4794155150413        1.79265553582615     
   36.1000000000000        51.4794684121352        1.79265737784916     
   36.2000000000000        51.4795213126457        1.79265921999115     
   36.3000000000000        51.4795742165749        1.79266106225219     
   36.4000000000000        51.4796271239250        1.79266290463236     
   36.5000000000000        51.4796800346985        1.79266474713173     
   36.6000000000000        51.4797329488974        1.79266658975040     
   36.7000000000000        51.4797858665241        1.79266843248842     
   36.8000000000000        51.4798387875808        1.79267027534589     
   36.9000000000000        51.4798917120698        1.79267211832287     
   37.0000000000000        51.4799446399932        1.79267396141946     
   37.1000000000000        51.4799975713534        1.79267580463572     
   37.2000000000000        51.4800505061525        1.79267764797174     
   37.3000000000000        51.4801034443929        1.79267949142759     
   37.4000000000000        51.4801563860768        1.79268133500335     
   37.5000000000000        51.4802093312063        1.79268317869910     
   37.6000000000000        51.4802622797839        1.79268502251492     
   37.7000000000000        51.4803152318116        1.79268686645088     
   37.8000000000000        51.4803681872917        1.79268871050707     
   37.9000000000000        51.4804211462266        1.79269055468355     
   38.0000000000000        51.4804741086183        1.79269239898042     
   38.1000000000000        51.4805270744693        1.79269424339775     
   38.2000000000000        51.4805800437816        1.79269608793561     
   38.3000000000000        51.4806330165576        1.79269793259408     
   38.4000000000000        51.4806859927994        1.79269977737325     
   38.5000000000000        51.4807389725094        1.79270162227318     
   38.6000000000000        51.4807919556898        1.79270346729397     
   38.7000000000000        51.4808449423427        1.79270531243568     
   38.8000000000000        51.4808979324705        1.79270715769839     
   38.9000000000000        51.4809509260753        1.79270900308218     
   39.0000000000000        51.4810039231595        1.79271084858714     
   39.1000000000000        51.4810569237252        1.79271269421332     
   39.2000000000000        51.4811099277746        1.79271453996083     
   39.3000000000000        51.4811629353101        1.79271638582973     
   39.4000000000000        51.4812159463338        1.79271823182009     
   39.5000000000000        51.4812689608481        1.79272007793201     
   39.6000000000000        51.4813219788550        1.79272192416555     
   39.7000000000000        51.4813750003569        1.79272377052079     
   39.8000000000000        51.4814280253559        1.79272561699782     
   39.9000000000000        51.4814810538544        1.79272746359671     
   40.0000000000000        51.4815340858545        1.79272931031753     
