434.0 Pr           1 f2
   355.685637095622                2           7
   865.648884083928               -2           2
  -53.9985081308114                4           4
  -94.7523754850503               -4           2
  -152.981634088910                4           4
  -2.73987108493422                6           6
   3.87467846768091               -6           2
  -31.2382351468097                6           4
  -4.02968764410752               -6           6
462.0 Pr           2 g2
   482.035413827644                2           8
  -321.411242444965               -2           2
  -60.0095393165488                4           4
   82.1484112356999               -4           2
   115.115209345041                4           4
  -2.08588432149142                6           6
  -2.84110611660487               -6           2
  -21.2437934488130                6           4
   7.17873470328095               -6           6
