Nd 2 Fe 14
230.0d0
262.251d0		20
-404.414d0	2-2
-23.5228d0		40
0.0		4-2
0.0		44
-69.76125		60
0.0		6-2
-177.255		64
0.0		6-6
230.0d0 ! Hm Sm1 f2
262.251d0		20
404.414d0	2-2
-23.5228d0		40
0.0		4-2
0.0		44
-69.76125		60
0.0		6-2
-177.255		64
0.0		6-6


Sm 2 Fe 14
Sm f1
230.0d0 ! Hm 
0.883	1.897	 8.775 ! <r^l>
297.0	2	 0
-458.0	2	 -2
-12.4	4	 0
0.0d0	4	 -2
0.0d0	4	 4
-7.95	6	 0
0.0d0	6	 -2
-20.2	6	 4
0.0d0	6	 0
Sm f2
230.0d0 ! Hm 
0.883	1.897	 8.775 ! <r^l>
297.0	2	 0
458.0	2	 -2
-12.4	4	 0
0.0d0	4	 -2
0.0d0	4	 4
-7.95	6	 0
0.0d0	6	 -2
-20.2	6	 4
0.0d0	6	 0



262.251d0		20
-404.414d0	2-2
-23.5228d0		40
0.0		4-2
0.0		44
-69.76125		60
0.0		6-2
-177.255		64
0.0		6-6
Sm 2
230.0d0 ! Hm Sm1 f2
262.251d0		20
404.414d0	2-2
-23.5228d0		40
0.0		4-2
0.0		44
-69.76125		60
0.0		6-2
-177.255		64
0.0		6-6
