Sm 4 Fe 48 system
0.5d0			! mutiplicity in single unitcell
8.5205d0 8.5205d0 4.7693d0 90.0d0	! aleng, bleng, cleng, angle: lattice constants (angstrom)
411.0d0 \lambda (K)
42.75042d0 634.0d0 0.5d0 2.5d0 ! Ms per nfe, Tc, s, p: paramters for Kuzmin PRL (2005), Ms=31.4 f.u.
47.65712d0 -0.2631579d0 -0.2368421d0   ! K1Fe(0),K2Fe/K1Fe,K3Fe/K1Fe ref. D. Miura et al. AIP ADV. 8 (2018) 075114.
Sm 1
316.6d0 1.0d0 ! Hm for Sm1 and reduced factor rd
1.0d0 1.0d0 1.0d0 9	! <r^l>, number of CFPs
  -211.152639732561                2           0
   146.501023277653                2           2
  -18.2108740494632                4           0
   74.6943278365745                4           2
   18.2085953776313                4           4
   6.06029318316474                6           0
   6.94613182528017                6           2
  -16.9842650808199                6           4
   1.35976093726989                6           6
 Sm                             2
 316.60000d0   1.00000d0
   1.00000d0   1.00000d0   1.00000d0    9
  -211.152639732561                2           0
  -146.501023277653                2           2
  -18.2108740494632                4           0
  -74.6943278365745                4           2
   18.2085953776313                4           4
   6.06029318316474                6           0
  -6.94613182528017                6           2
  -16.9842650808199                6           4
  -1.35976093726989                6           6
 Sm                             3
 316.60000d0   1.00000d0
   1.00000d0   1.00000d0   1.00000d0    9
  -211.152639732561                2           0
   146.501023277653                2           2
  -18.2108740494632                4           0
   74.6943278365745                4           2
   18.2085953776313                4           4
   6.06029318316474                6           0
   6.94613182528017                6           2
  -16.9842650808199                6           4
   1.35976093726989                6           6
 Sm                             4
 316.60000d0   1.00000d0
   1.00000d0   1.00000d0   1.00000d0    9
  -211.152639732561                2           0
  -146.501023277653                2           2
  -18.2108740494632                4           0
  -74.6943278365745                4           2
   18.2085953776313                4           4
   6.06029318316474                6           0
  -6.94613182528017                6           2
  -16.9842650808199                6           4
  -1.35976093726989                6           6
