first layer Alm<r^l> (K)l   m  
  -895.633421887054                2           0
   2.44265382244260                4           0
   68.1033890553990                4           4
   3.42037499365820                6           0
   8.43098309878676                6           4
second layer Alm<r^l> (K)l   m  
  -109.907657875634                2           0
  -11.6766714246379                4           0
  -18.5016414979158                4           4
   5.68675104576177                6           0
   3.70946986792989                6           4
