 # temperature (K), magnetization (per unit cell)
      0.00        0.00000        0.00000       52.23298
      2.00       -0.00000        0.00000       52.22925
      4.00       -0.00000        0.00000       52.22242
      6.00        0.00000        0.00000       52.21358
      8.00        0.00000        0.00000       52.20310
     10.00        0.00000        0.00000       52.19121
     12.00       -0.00000        0.00000       52.17806
     14.00        0.00000        0.00000       52.16375
     16.00        0.00000        0.00000       52.14838
     18.00        0.00000        0.00000       52.13200
     20.00       -0.00000        0.00000       52.11468
     22.00        0.00000        0.00000       52.09645
     24.00       -0.00000        0.00000       52.07736
     26.00       -0.00000        0.00000       52.05745
     28.00       -0.00000        0.00000       52.03674
     30.00        0.00000        0.00000       52.01525
     32.00       -0.00000        0.00000       51.99302
     34.00       -0.00000        0.00000       51.97005
     36.00       -0.00000        0.00000       51.94637
     38.00        0.00000        0.00000       51.92199
     40.00       -0.00000        0.00000       51.89693
     42.00        0.00000        0.00000       51.87118
     44.00        0.00000        0.00000       51.84475
     46.00        0.00000        0.00000       51.81767
     48.00        0.00000        0.00000       51.78992
     50.00        0.00000        0.00000       51.76151
     52.00        0.00000        0.00000       51.73245
     54.00        0.00000        0.00000       51.70274
     56.00        0.00000        0.00000       51.67238
