  1.934964670876233E-026
  2.130437822808065E-026
  2.345657782412678E-026
  2.582619360053328E-026
  2.843518877842262E-026
  3.130774525313023E-026
  3.447048772646738E-026
  3.795273045758860E-026
  4.178674895739992E-026
  4.600807911766425E-026
  5.065584656220096E-026
  5.577312926413910E-026
  6.140735679233128E-026
  6.761074988763184E-026
  7.444080444140856E-026
  8.196082436209165E-026
  9.024050826771282E-026
  9.935659544141158E-026
  1.093935770360139E-025
  1.204444791184249E-025
  1.326117248102782E-025
  1.460080835142261E-025
  1.607577160222218E-025
  1.769973251906177E-025
  1.948774228451115E-025
  2.145637246555813E-025
  2.362386859066361E-025
  2.601031923952567E-025
  2.863784221243103E-025
  3.153078950433072E-025
  3.471597298301884E-025
  3.822291286263366E-025
  4.208411127491564E-025
  4.633535347320475E-025
  5.101603946019293E-025
  5.616954911233996E-025
  6.184364418422318E-025
  6.809091091779722E-025
  7.496924735775816E-025
  8.254239988841766E-025
  9.088055396353859E-025
  1.000609845026846E-024
  1.101687719804470E-024
  1.212975908435501E-024
  1.335505775609437E-024
  1.470412863497678E-024
  1.618947414323667E-024
  1.782485955738441E-024
  1.962544056342892E-024
  2.160790369538736E-024
  2.379062095825649E-024
  2.619382006802849E-024
  2.883977188601203E-024
  3.175299678400802E-024
  3.496049185226356E-024
  3.849198105521171E-024
  4.238019065258676E-024
  4.666115243755385E-024
  5.137453760117556E-024
  5.656402431624293E-024
  6.227770244585092E-024
  6.856851912599367E-024
  7.549476935007394E-024
  8.312063610007408E-024
  9.151678502807944E-024
  1.007610191971333E-023
  1.109389999467086E-023
  1.221450405605637E-023
  1.344829800890749E-023
  1.480671454205479E-023
  1.630234105133921E-023
  1.794903626009414E-023
  1.976205861714787E-023
  2.175820766168274E-023
  2.395597966438136E-023
  2.637573898651031E-023
  2.903990674416096E-023
  3.197316852513400E-023
  3.520270308240250E-023
  3.875843412235026E-023
  4.267330751985910E-023
  4.698359652778639E-023
  5.172923780761661E-023
  5.695420139348445E-023
  6.270689801599647E-023
  6.904062755822990E-023
  7.601407279716582E-023
  8.369184300314317E-023
  9.214507243158001E-023
  1.014520792494781E-022
  1.116990909988009E-022
  1.229810433148821E-022
  1.354024592962771E-022
  1.490784176691926E-022
  1.641356187117336E-022
  1.807135578082901E-022
  1.989658175008410E-022
  2.190614900009802E-022
  2.411867433342395E-022
  2.655465456179577E-022
  2.923665634378361E-022
  3.218952518999689E-022
  3.544061557094566E-022
  3.902004425801114E-022
  4.296096924303346E-022
  4.729989681878571E-022
  5.207701966326207E-022
  5.733658905767172E-022
  6.312732468395837E-022
  6.950286579547509E-022
  7.652226793735755E-022
  8.425054981469454E-022
  9.275929537069345E-022
  1.021273166479710E-021
  1.124413835685955E-021
  1.237970273877612E-021
  1.362994252577235E-021
  1.500643740891638E-021
  1.652193627234273E-021
  1.819047523387280E-021
  2.002750760148523E-021
  2.205004694833750E-021
  2.427682463041234E-021
  2.672846320448082E-021
  2.942766735117374E-021
  3.239943406989381E-021
  3.567128409058046E-021
  3.927351664360453E-021
  4.323948994513639E-021
  4.760592999319441E-021
  5.241327053144034E-021
  5.770602732606429E-021
  6.353321021845788E-021
  6.994877676574354E-021
  7.701213166583935E-021
  8.478867658714420E-021
  9.335041548904352E-021
  1.027766210325635E-020
  1.131545682453857E-020
  1.245803422272910E-020
  1.371597273666786E-020
  1.510091862924225E-020
  1.662569376149489E-020
  1.830441424237061E-020
  2.015262105135853E-020
  2.218742384196234E-020
  2.442765925577014E-020
  2.689406521101856E-020
  2.960947277719434E-020
  3.259901740975127E-020
  3.589037149794429E-020
  3.951400037574530E-020
  4.350344416262687E-020
  4.789562803967999E-020
  5.273120382927588E-020
  5.805492603571173E-020
  6.391606582266766E-020
  7.036886675378407E-020
  7.747304650847905E-020
  8.529434920982536E-020
  9.390515346881177E-020
  1.033851417639411E-019
  1.138220373416084E-019
  1.253124154462910E-019
  1.379625963760096E-019
  1.518896286141248E-019
  1.672223711202805E-019
  1.841026847788653E-019
  2.026867440111738E-019
  2.231464806668116E-019
  2.456711735310175E-019
  2.704691981287338E-019
  2.977699529858386E-019
  3.278259801365821E-019
  3.609152994589627E-019
  3.973439783930617E-019
  4.374489607693881E-019
  4.816011808651046E-019
  5.302089914376147E-019
  5.837219373816437E-019
  6.426349098443124E-019
  7.074927191421532E-019
  7.788951286868549E-019
  8.575023963783385E-019
  9.440413746036721E-019
  1.039312225131433E-018
  1.144195810860837E-018
  1.259661832625427E-018
  1.386777786119812E-018
  1.526718821578053E-018
  1.680778597153370E-018
  1.850381226107417E-018
  2.037094427997741E-018
  2.242644005146852E-018
  2.468929777887627E-018
  2.718043125519909E-018
  2.992286294705567E-018
  3.294193653310069E-018
  3.626555085617382E-018
  3.992441744566379E-018
  4.395234398362229E-018
  4.838654632704798E-018
  5.326799196167462E-018
  5.864177805195207E-018
  6.455754757036653E-018
  7.106994733972451E-018
  7.823913220774930E-018
  8.613131999784361E-018
  9.481940234705832E-018
  1.043836170564602E-017
  1.149122881449309E-017
  1.265026404201449E-017
  1.392616960657789E-017
  1.533072614981875E-017
  1.687690135757484E-017
  1.857896951574582E-017
  2.045264310125025E-017
  2.251521761886668E-017
  2.478573101647120E-017
  2.728513914513820E-017
  3.003650887798085E-017
  3.306523066382199E-017
  3.639925247029296E-017
  4.006933726738878E-017
  4.410934641866468E-017
  4.855655158511661E-017
  5.345197800852657E-017
  5.884078232906646E-017
  6.477266840887506E-017
  7.130234498205369E-017
  7.849002933525271E-017
  8.640200164525550E-017
  9.511121506456452E-017
  1.046979671572072E-016
  1.152506388494725E-016
  1.268665076792099E-016
  1.396526428083129E-016
  1.537268900123022E-016
  1.692189556853468E-016
  1.862715998061522E-016
  2.050419488081740E-016
  2.257029403956932E-016
  2.484449135554366E-016
  2.734773583426500E-016
  3.010308414829759E-016
  3.313591254404547E-016
  3.647415003721526E-016
  4.014853503374370E-016
  4.419289772725109E-016
  4.864447085980144E-016
  5.354423169207504E-016
  5.893727831435164E-016
  6.487324374355916E-016
  7.140675159691897E-016
  7.859791751255694E-016
  8.651290090530426E-016
  9.522451210558193E-016
  1.048128804349293E-015
  1.153661893279948E-015
  1.269814852227078E-015
  1.397655676134647E-015
  1.538359684025818E-015
  1.693220294997429E-015
  1.863660885150705E-015
  2.051247833769216E-015
  2.257704877894873E-015
  2.484928906375939E-015
  2.735007337575800E-015
  3.010237239356350E-015
  3.313146365816268E-015
  3.646516302715741E-015
  4.013407932713614E-015
  4.417189452654200E-015
  4.861567198360452E-015
  5.350619557927678E-015
  5.888834282599120E-015
  6.481149535195133E-015
  7.132999050041137E-015
  7.850361815703028E-015
  8.639816732930260E-015
  9.508602745397561E-015
  1.046468499053464E-014
  1.151682757238856E-014
  1.267467361856848E-014
  1.394883334942108E-014
  1.535098096027269E-014
  1.689396119750771E-014
  1.859190659715321E-014
  2.046036645129958E-014
  2.251644867397839E-014
  2.477897585499972E-014
  2.726865691877512E-014
  3.000827594647841E-014
  3.302289987529641E-014
  3.634010695939678E-014
  3.999023806512806E-014
  4.400667307956023E-014
  4.842613493863152E-014
  5.328902403093460E-014
  5.863978600779761E-014
  6.452731633226668E-014
  7.100540523158917E-014
  7.813322708281905E-014
  8.597587866249764E-014
  9.460497113261460E-014
  1.040992811201886E-013
  1.145454667811883E-013
  1.260388553259297E-013
  1.386843091278123E-013
  1.525971782460747E-013
  1.679043479725396E-013
  1.847453908690641E-013
  2.032738337043249E-013
  2.236585507340874E-013
  2.460852959075497E-013
  2.707583878339281E-013
  2.979025627193989E-013
  3.277650119971894E-013
  3.606176230365949E-013
  3.967594431449236E-013
  4.365193890862459E-013
  4.802592265504023E-013
  5.283768464348375E-013
  5.813098674722957E-013
  6.395395976732114E-013
  7.035953902791323E-013
  7.740594334717099E-013
  8.515720169825558E-013
  9.368373230376545E-013
  1.030629793784574E-012
  1.133801132533813E-012
  1.247288001843868E-012
  1.372120487744240E-012
  1.509431406278019E-012
  1.660466536117802E-012
  1.826595869333794E-012
  2.009325981545836E-012
  2.210313632754456E-012
  2.431380721210364E-012
  2.674530724847016E-012
  2.941966778176710E-012
  3.236111547257772E-012
  3.559629081511779E-012
  3.915448838951437E-012
  4.306792100932573E-012
  4.737201014044650E-012
  5.210570520398053E-012
  5.731183463567199E-012
  6.303749186042423E-012
  6.933445965490045E-012
  7.625967671704415E-012
  8.387575064173380E-012
  9.225152192014702E-012
  1.014626840405779E-011
  1.115924652746137E-011
  1.227323782893675E-011
  1.349830443389570E-011
  1.484550994622413E-011
  1.632701908551303E-011
  1.795620724013883E-011
  1.974778092432401E-011
  2.171791022605260E-011
  2.388437444137245E-011
  2.626672221019081E-011
  2.888644760026577E-011
  3.176718373093198E-011
  3.493491568751751E-011
  3.841821465288959E-011
  4.224849537574342E-011
  4.646029930791971E-011
  5.109160597718854E-011
  5.618417541975953E-011
  6.178392478068817E-011
  6.794134250300853E-011
  7.471194387077807E-011
  8.215677205051586E-011
  9.034294919333232E-011
  9.934428262034824E-011
  1.092419316211426E-010
  1.201251409537837E-010
  1.320920477508043E-010
  1.452505692141704E-010
  1.597193792303559E-010
  1.756289828612559E-010
  1.931228985757881E-010
  2.123589590894034E-010
  2.335107427840581E-010
  2.567691489001993E-010
  2.823441310368251E-010
  3.104666049788223E-010
  3.413905485070137E-010
  3.753953126517292E-010
  4.127881658429401E-010
  4.539070946087178E-010
  4.991238869006778E-010
  5.488475268041768E-010
  6.035279323489481E-010
  6.636600714020067E-010
  7.297884942316341E-010
  8.025123253151472E-010
  8.824907613639183E-010
  9.704491274010318E-010
  1.067185548099029E-009
  1.173578297521742E-009
  1.290593896975427E-009
  1.419296037926909E-009
  1.560855414964181E-009
  1.716560562639688E-009
  1.887829799839151E-009
  2.076224396159799E-009
  2.283463086772794E-009
  2.511438075509076E-009
  2.762232680582773E-009
  3.038140793603764E-009
  3.341688340499211E-009
  3.675656952849948E-009
  4.043110080158241E-009
  4.447421797928663E-009
  4.892308593418078E-009
  5.381864440776348E-009
  5.920599510369833E-009
  6.513482893701851E-009
  7.165989765903487E-009
  7.884153452691210E-009
  8.674622918448319E-009
  9.544726247210108E-009
  1.050254074940014E-008
  1.155697039482226E-008
  1.271783134737560E-008
  1.399594646002068E-008
  1.540324968056330E-008
  1.695290142081314E-008
  1.865941605469571E-008
  2.053880283614642E-008
  2.260872166641907E-008
  2.488865529426678E-008
  2.740009970292804E-008
  3.016677462677558E-008
  3.321485634985463E-008
  3.657323517056017E-008
  4.027380017382115E-008
  4.435175423708088E-008
  4.884596251196600E-008
  5.379933797397003E-008
  5.925926801850835E-008
  6.527808651351271E-008
  7.191359619173367E-008
  7.922964679496024E-008
  8.729677496485665E-008
  9.619291252156188E-008
  1.060041704871136E-007
  1.168257070029012E-007
  1.287626881676416E-007
  1.419313517932794E-007
  1.564601851507449E-007
  1.724912289664835E-007
  1.901815212462230E-007
  2.097046959564144E-007
  2.312527532052233E-007
  2.550380193400754E-007
  2.812953173494619E-007
  3.102843701264890E-007
  3.422924615544753E-007
  3.776373830268040E-007
  4.166706959415329E-007
  4.597813439448003E-007
  5.073996522651008E-007
  5.600017554173366E-007
  6.181144988975404E-007
  6.823208652787890E-007
  7.532659803826570E-007
  8.316637610461855E-007
  9.183042723570441E-007
  1.014061869334582E-006
  1.119904205747040E-006
  1.236902201312230E-006
  1.366241067908656E-006
  1.509232505731949E-006
  1.667328191665515E-006
  1.842134694572173E-006
  2.035429965866967E-006
  2.249181568707433E-006
  2.485566825556903E-006
  2.746995081867936E-006
  3.036132303336338E-006
  3.355928245741727E-006
  3.709646459980221E-006
  4.100897420682555E-006
  4.533675094983825E-006
  5.012397298769381E-006
  5.541950221279916E-006
  6.127737535546786E-006
  6.775734551990802E-006
  7.492547915915222E-006
  8.285481396833345E-006
  9.162608368887336E-006
  1.013285163734983E-005
  1.120607132668194E-005
  1.239316161119818E-005
  1.370615714042578E-005
  1.515835008812630E-005
  1.676441883707185E-005
  1.854056940141600E-005
  2.050469078544992E-005
  2.267652558183596E-005
  2.507785722493379E-005
  2.773271543564261E-005
  3.066760152404821E-005
  3.391173535545047E-005
  3.749732593454797E-005
  4.145986772219877E-005
  4.583846496971553E-005
  5.067618653757292E-005
  5.602045385917126E-005
  6.192346491628738E-005
  6.844265731158406E-005
  7.564121375518787E-005
  8.358861352743243E-005
  9.236123373842917E-005
  1.020430044774689E-004
  1.127261222313968E-004
  1.245118262510220E-004
  1.375112428581692E-004
  1.518463030128584E-004
  1.676507387998667E-004
  1.850711648459284E-004
  2.042682510422500E-004
  2.254179933207677E-004
  2.487130896153361E-004
  2.743644285292046E-004
  3.026026986257830E-004
  3.336801266585625E-004
  3.678723534554986E-004
  4.054804565701451E-004
  4.468331292028524E-004
  4.922890252764715E-004
  5.422392809177577E-004
  5.971102229430454E-004
  6.573662752691980E-004
  7.235130744621059E-004
  7.961008058883395E-004
  8.757277721433973E-004
  9.630442055841954E-004
  1.058756336885062E-003
  1.163630731555882E-003
  1.278498906297757E-003
  1.404262236914396E-003
  1.541897169234409E-003
  1.692460744117994E-003
  1.857096447107531E-003
  2.037040392621007E-003
  2.233627851764855E-003
  2.448300131842769E-003
  2.682611814442911E-003
  2.938238357580436E-003
  3.216984065737662E-003
  3.520790429762608E-003
  3.851744836439421E-003
  4.212089645113123E-003
  4.604231626017860E-003
  5.030751751904533E-003
  5.494415331173450E-003
  5.998182466974761E-003
  6.545218822629545E-003
  7.138906669236291E-003
  7.782856186451446E-003
  8.480916982163781E-003
  9.237189791118700E-003
  1.005603830649391E-002
  1.094210109199029E-002
  1.190030351519480E-002
  1.293586963581615E-002
  1.405433397491329E-002
  1.526155308346433E-002
  1.656371682059438E-002
  1.796735924353605E-002
  1.947936900298143E-002
  2.110699912894659E-002
  2.285787608366219E-002
  2.474000794937991E-002
  2.676179161039935E-002
  2.893201878013281E-002
  3.125988071569723E-002
  3.375497145443952E-002
  3.642728939896017E-002
  3.928723706983538E-002
  4.234561883822500E-002
  4.561363644420654E-002
  4.910288210095204E-002
  5.282532897996053E-002
  5.679331886860940E-002
  6.101954678843981E-002
  6.551704236103045E-002
  7.029914770823764E-002
  7.537949167520061E-002
  8.077196016807177E-002
  8.649066240418310E-002
  9.254989288058518E-002
  9.896408887788047E-002
  0.105747783330332     
  0.112915552910680     
  0.120481961199251     
  0.128461496832170     
  0.136868506551814     
  0.145717123124499     
  0.155021188108133     
  0.164794169532051     
  0.175049074560781     
  0.185798357300565     
  0.197053821950760     
  0.208826521569065     
  0.221126652793732     
  0.233963446936278     
  0.247345057936777     
  0.261278447753608     
  0.275769269840781     
  0.290821751447216     
  0.306438575551888     
  0.322620763324767     
  0.339367558073741     
  0.356676311700236     
  0.374542374738386     
  0.392958991092411     
  0.411917198611811     
  0.431405736659219     
  0.451410961787234     
  0.471916772666661     
  0.492904545299907     
  0.514353079538540     
  0.536238557822005     
  0.558534516962218     
  0.581211833713909     
  0.604238724771258     
  0.627580761749370     
  0.651200901636390     
  0.675059533159729     
  0.699114539486213     
  0.723321377684084     
  0.747633175405482     
  0.772000845285700     
  0.796373217591584     
  0.820697191656897     
  0.844917906599570     
  0.868978931701966     
  0.892822476633967     
  0.916389621404085     
  0.939620565566497     
  0.962454895668223     
  0.984831869590326     
   1.00669071573409     
   1.02797094466324     
   1.04861267029138     
   1.06855693732904     
   1.08774605144992     
   1.10612390843290     
   1.12363631888132     
   1.14023132261892     
   1.15585949367740     
   1.17047422616454     
   1.18403200383416     
   1.19649264632058     
   1.20781953106702     
   1.21797978903964     
   1.22694447202688     
   1.23468869065507     
   1.24119172230288     
   1.24643708863045     
   1.25041260287118     
   1.25311038743053     
   1.25452686270094     
   1.25466270832577     
   1.25352279842269     
   1.25111611250416     
   1.24745562400797     
   1.24255817140666     
   1.23644429999187     
   1.22913810628263     
   1.22066704772839     
   1.21106175741534     
   1.20035584035543     
   1.18858566263269     
   1.17579013599649     
   1.16201049645881     
   1.14729008011609     
   1.13167409694161     
   1.11520940384283     
   1.09794427801751     
   1.07992819156105     
   1.06121158818217     
   1.04184566282633     
   1.02188214496267     
   1.00137308624713     
  0.980370653317381     
  0.958926926443966     
  0.937093704823485     
  0.914922319318769     
  0.892463453464878     
  0.869766973594154     
  0.846881768926789     
  0.823855600328325     
  0.800734968664790     
  0.777564982166377     
  0.754389249310451     
  0.731249776597588     
  0.708186882866228     
  0.685239126454732     
  0.662443245530806     
  0.639834111219080     
  0.617444692911313     
  0.595306035115635     
  0.573447244853779     
  0.551895489011861     
  0.530675999938626     
  0.509812089475991     
  0.489325170064590     
  0.469234779195481     
  0.449558614622194     
  0.430312567639718     
  0.411510765398566     
  0.393165615173857     
  0.375287849995987     
  0.357886579571178     
  0.340969342149701     
  0.324542159086281     
  0.308609591455264     
  0.293174798542734     
  0.278239598047489     
  0.263804527754521     
  0.249868908506505     
  0.236430908292530     
  0.223487607056746     
  0.211035062259833     
  0.199068374744966     
  0.187581754211038     
  0.176568585353093     
  0.166021492308801     
  0.155932403357041     
  0.146292613881156     
  0.137092848160879     
  0.128323319579743     
  0.119973789034826     
  0.112033621360176     
  0.104491839603241     
  9.733717702370923E-002
  9.055812671406353E-002
  8.414298877112147E-002
  7.807991497680664E-002
  7.235695097377129E-002
  6.696207594676859E-002
  6.188323984334336E-002
  5.710839818711739E-002
  5.262554455364878E-002
  4.842274079192627E-002
  4.448814508471036E-002
  4.081003794738618E-002
  3.737684626859900E-002
  3.417716549643755E-002
  3.119978007183191E-002
  2.843368220639512E-002
  2.586808909554635E-002
  2.349245864981400E-002
  2.129650381814538E-002
  1.927020556727462E-002
  1.740382457113520E-002
  1.568791165435167E-002
  1.411331702437328E-002
  1.267119831815756E-002
  1.135302748176086E-002
  1.015059649498236E-002
  9.056021948520569E-003
  8.061748478056645E-003
  7.160551058340153E-003
  6.345536160721342E-003
  5.610141779594773E-003
  4.948136336783023E-003
  4.353616477840778E-003
  3.821003780400055E-003
  3.345040401776974E-003
  2.920783700862878E-003
  2.543599877556617E-003
  2.209156681382665E-003
  1.913415249205492E-003
  1.652621139830290E-003
  1.423294640528024E-003
  1.222220426919336E-003
  1.046436663009282E-003
  8.932236323315861E-004
  7.600919940245668E-004
  6.447707591501551E-004
  5.451950826522138E-004
  4.594939650412566E-004
  3.859779552378053E-004
  3.231269420890284E-004
  2.695781170061722E-004
  2.241141840922573E-004
  1.856518871989799E-004
  1.532309157413005E-004
  1.260032429886031E-004
  1.032229421259813E-004
  8.423651681871570E-005
  6.847377449027501E-005
  5.543926220005694E-005
  4.470427702687416E-005
  3.589945535467075E-005
  2.870793852437600E-005
  2.285910604460782E-005
  1.812286200622904E-005
  1.430445556152527E-005
  1.123981232672705E-005
  8.791350345609407E-006
  6.844251792860015E-006
  5.303159863983023E-006
  4.089269245698203E-006
  3.137778128555910E-006
  2.395669844775383E-006
  1.819792819895785E-006
  1.375208537952466E-006
  1.033778565427648E-006
  7.729632935877565E-007
  5.748068454973529E-007
  4.250845379708490E-007
  3.125912724233603E-007
  2.285512550839396E-007
  1.661314360055650E-007
  1.200429891828509E-007
  8.621699873274101E-008
  6.154224739856879E-008
  4.365460822976131E-008
  3.076900862544719E-008
  2.154626357973698E-008
  1.498826173083991E-008
  1.035603708487178E-008
  7.106177563155020E-009
  4.841816264882960E-009
  3.275131850272953E-009
  2.198866025486319E-009
  1.464851204114542E-009
  9.679325839337148E-010
  6.340362689773663E-010
  4.114116495631936E-010
  2.641185612120982E-010
  1.673636294241038E-010
  1.044512723105835E-010
  6.400220205883834E-011
  3.789390741537937E-011
  2.127642504083560E-011
  1.192391954864076E-011
  6.837545169730156E-012
  3.885297676755848E-012
  2.187391266969446E-012
  1.219946651030199E-012



 DOWN
     0.19895400E-25  0.21905264E-25  0.24118166E-25  0.26554617E-25  0.29237198E-25
     0.32190775E-25  0.35442722E-25  0.39023180E-25  0.42965337E-25  0.47305729E-25
     0.52084586E-25  0.57346200E-25  0.63139340E-25  0.69517699E-25  0.76540394E-25
     0.84272515E-25  0.92785726E-25  0.10215893E-24  0.11247900E-24  0.12384159E-24
     0.13635201E-24  0.15012622E-24  0.16529186E-24  0.18198950E-24  0.20037391E-24
     0.22061546E-24  0.24290176E-24  0.26743936E-24  0.29445567E-24  0.32420110E-24
     0.35695131E-24  0.39300983E-24  0.43271086E-24  0.47642234E-24  0.52454938E-24
     0.57753801E-24  0.63587933E-24  0.70011403E-24  0.77083742E-24  0.84870494E-24
     0.93443824E-24  0.10288319E-23  0.11327606E-23  0.12471877E-23  0.13731735E-23
     0.15118856E-23  0.16646095E-23  0.18327607E-23  0.20178973E-23  0.22217351E-23
     0.24461631E-23  0.26932612E-23  0.29653193E-23  0.32648584E-23  0.35946546E-23
     0.39577641E-23  0.43575516E-23  0.47977222E-23  0.52823547E-23  0.58159403E-23
     0.64034234E-23  0.70502482E-23  0.77624086E-23  0.85465039E-23  0.94098000E-23
     0.10360297E-22  0.11406801E-22  0.12559012E-22  0.13827605E-22  0.15224335E-22
     0.16762146E-22  0.18455286E-22  0.20319444E-22  0.22371894E-22  0.24631654E-22
     0.27119662E-22  0.29858972E-22  0.32874966E-22  0.36195589E-22  0.39851609E-22
     0.43876901E-22  0.48308761E-22  0.53188252E-22  0.58560585E-22  0.64475535E-22
     0.70987907E-22  0.78158037E-22  0.86052357E-22  0.94744008E-22  0.10431352E-21
     0.11484954E-21  0.12644970E-21  0.13922146E-21  0.15328315E-21  0.16876504E-21
     0.18581055E-21  0.20457761E-21  0.22524008E-21  0.24798937E-21  0.27303624E-21
     0.30061271E-21  0.33097425E-21  0.36440212E-21  0.40120598E-21  0.44172676E-21
     0.48633982E-21  0.53545843E-21  0.58953758E-21  0.64907820E-21  0.71463182E-21
     0.78680566E-21  0.86626822E-21  0.95375556E-21  0.10500780E-20  0.11561277E-20
     0.12728870E-20  0.14014373E-20  0.15429691E-20  0.16987935E-20  0.18703535E-20
     0.20592380E-20  0.22671965E-20  0.24961548E-20  0.27482335E-20  0.30257670E-20
     0.33313255E-20  0.36677387E-20  0.40381220E-20  0.44459053E-20  0.48948648E-20
     0.53891578E-20  0.59333617E-20  0.65325154E-20  0.71921671E-20  0.79184247E-20
     0.87180128E-20  0.95983349E-20  0.10567542E-19  0.11634607E-19  0.12809411E-19
     0.14102830E-19  0.15526838E-19  0.17094619E-19  0.18820687E-19  0.20721023E-19
     0.22813217E-19  0.25116638E-19  0.27652608E-19  0.30444603E-19  0.33518468E-19
     0.36902654E-19  0.40628487E-19  0.44730452E-19  0.49246517E-19  0.54218479E-19
     0.59692356E-19  0.65718809E-19  0.72353610E-19  0.79658162E-19  0.87700064E-19
     0.96553734E-19  0.10630110E-18  0.11703237E-18  0.12884683E-18  0.14185381E-18
     0.15617365E-18  0.17193885E-18  0.18929527E-18  0.20840349E-18  0.22944030E-18
     0.25260029E-18  0.27809774E-18  0.30616851E-18  0.33707227E-18  0.37109487E-18
     0.40855101E-18  0.44978715E-18  0.49518468E-18  0.54516346E-18  0.60018574E-18
     0.66076034E-18  0.72744746E-18  0.80086376E-18  0.88168814E-18  0.97066794E-18
     0.10686259E-17  0.11764677E-17  0.12951904E-17  0.14258917E-17  0.15697797E-17
     0.17281847E-17  0.19025710E-17  0.20945504E-17  0.23058975E-17  0.25385656E-17
     0.27947052E-17  0.30766834E-17  0.33871060E-17  0.37288416E-17  0.41050481E-17
     0.45192015E-17  0.49751283E-17  0.54770410E-17  0.60295763E-17  0.66378386E-17
     0.73074468E-17  0.80445859E-17  0.88560645E-17  0.97493774E-17  0.10732775E-16
     0.11815338E-16  0.13007063E-16  0.14318956E-16  0.15763128E-16  0.17352913E-16
     0.19102988E-16  0.21029508E-16  0.23150257E-16  0.25484810E-16  0.28054714E-16
     0.30883686E-16  0.33997833E-16  0.37425890E-16  0.41199490E-16  0.45353447E-16
     0.49926085E-16  0.54959587E-16  0.60500382E-16  0.66599577E-16  0.73313423E-16
     0.80703835E-16  0.88838964E-16  0.97793821E-16  0.10765097E-15  0.11850128E-15
     0.13044477E-15  0.14359154E-15  0.15806275E-15  0.17399177E-15  0.19152538E-15
     0.21082515E-15  0.23206888E-15  0.25545229E-15  0.28119078E-15  0.30952140E-15
     0.34070510E-15  0.37502902E-15  0.41280923E-15  0.45439357E-15  0.50016487E-15
     0.55054446E-15  0.60599603E-15  0.66702992E-15  0.73420778E-15  0.80814771E-15
     0.88952997E-15  0.97910319E-15  0.10776913E-14  0.11862009E-14  0.13056300E-14
     0.14370766E-14  0.15817491E-14  0.17409776E-14  0.19162255E-14  0.21091033E-14
     0.23213835E-14  0.25550164E-14  0.28121483E-14  0.30951411E-14  0.34065938E-14
     0.37493665E-14  0.41266063E-14  0.45417765E-14  0.49986880E-14  0.55015341E-14
     0.60549292E-14  0.66639508E-14  0.73341858E-14  0.80717819E-14  0.88835035E-14
     0.97767937E-14  0.10759842E-13  0.11841661E-13  0.13032164E-13  0.14342262E-13
     0.15783957E-13  0.17370457E-13  0.19116294E-13  0.21037454E-13  0.23151528E-13
     0.25477870E-13  0.28037773E-13  0.30854664E-13  0.33954316E-13  0.37365086E-13
     0.41118169E-13  0.45247889E-13  0.49792003E-13  0.54792051E-13  0.60293733E-13
     0.66347322E-13  0.73008128E-13  0.80336992E-13  0.88400848E-13  0.97273326E-13
     0.10703543E-12  0.11777625E-12  0.12959381E-12  0.14259594E-12  0.15690122E-12
     0.17264014E-12  0.18995619E-12  0.20900723E-12  0.22996691E-12  0.25302621E-12
     0.27839522E-12  0.30630500E-12  0.33700974E-12  0.37078897E-12  0.40795019E-12
     0.44883158E-12  0.49380512E-12  0.54327992E-12  0.59770595E-12  0.65757808E-12
     0.72344060E-12  0.79589212E-12  0.87559099E-12  0.96326126E-12  0.10596992E-11
     0.11657806E-11  0.12824684E-11  0.14108219E-11  0.15520057E-11  0.17073009E-11
     0.18781160E-11  0.20660002E-11  0.22726568E-11  0.24999593E-11  0.27499675E-11
     0.30249468E-11  0.33273882E-11  0.36600308E-11  0.40258868E-11  0.44282682E-11
     0.48708172E-11  0.53575385E-11  0.58928358E-11  0.64815513E-11  0.71290093E-11
     0.78410643E-11  0.86241536E-11  0.94853555E-11  0.10432453E-10  0.11474003E-10
     0.12619416E-10  0.13879037E-10  0.15264242E-10  0.16787539E-10  0.18462680E-10
     0.20304788E-10  0.22330487E-10  0.24558059E-10  0.27007604E-10  0.29701223E-10
     0.32663214E-10  0.35920297E-10  0.39501848E-10  0.43440167E-10  0.47770772E-10
     0.52532712E-10  0.57768926E-10  0.63526626E-10  0.69857725E-10  0.76819303E-10
     0.84474126E-10  0.92891210E-10  0.10214644E-09  0.11232328E-09  0.12351347E-09
     0.13581793E-09  0.14934761E-09  0.16422455E-09  0.18058292E-09  0.19857029E-09
     0.21834895E-09  0.24009737E-09  0.26401183E-09  0.29030822E-09  0.31922396E-09
     0.35102020E-09  0.38598416E-09  0.42443178E-09  0.46671059E-09  0.51320285E-09
     0.56432910E-09  0.62055193E-09  0.68238029E-09  0.75037408E-09  0.82514932E-09
     0.90738382E-09  0.99782336E-09  0.10972886E-08  0.12066825E-08  0.13269990E-08
     0.14593317E-08  0.16048843E-08  0.17649817E-08  0.19410823E-08  0.21347914E-08
     0.23478762E-08  0.25822822E-08  0.28401516E-08  0.31238430E-08  0.34359536E-08
     0.37793434E-08  0.41571624E-08  0.45728799E-08  0.50303171E-08  0.55336836E-08
     0.60876167E-08  0.66972258E-08  0.73681405E-08  0.81065643E-08  0.89193339E-08
     0.98139841E-08  0.10798820E-07  0.11882997E-07  0.13076608E-07  0.14390782E-07
     0.15837788E-07  0.17431159E-07  0.19185819E-07  0.21118229E-07  0.23246547E-07
     0.25590805E-07  0.28173106E-07  0.31017840E-07  0.34151920E-07  0.37605053E-07
     0.41410028E-07  0.45603041E-07  0.50224054E-07  0.55317191E-07  0.60931176E-07
     0.67119822E-07  0.73942561E-07  0.81465045E-07  0.89759803E-07  0.98906965E-07
     0.10899507E-06  0.12012197E-06  0.13239579E-06  0.14593606E-06  0.16087488E-06
     0.17735831E-06  0.19554782E-06  0.21562195E-06  0.23777811E-06  0.26223462E-06
     0.28923294E-06  0.31904013E-06  0.35195157E-06  0.38829404E-06  0.42842902E-06
     0.47275643E-06  0.52171875E-06  0.57580557E-06  0.63555860E-06  0.70157729E-06
     0.77452499E-06  0.85513578E-06  0.94422202E-06  0.10426828E-05  0.11515130E-05
     0.12718140E-05  0.14048043E-05  0.15518327E-05  0.17143919E-05  0.18941339E-05
     0.20928868E-05  0.23126739E-05  0.25557339E-05  0.28245442E-05  0.31218463E-05
     0.34506732E-05  0.38143806E-05  0.42166812E-05  0.46616818E-05  0.51539251E-05
     0.56984355E-05  0.63007693E-05  0.69670709E-05  0.77041336E-05  0.85194680E-05
     0.94213756E-05  0.10419032E-04  0.11522575E-04  0.12743209E-04  0.14093307E-04
     0.15586539E-04  0.17237998E-04  0.19064349E-04  0.21083987E-04  0.23317214E-04
     0.25786429E-04  0.28516344E-04  0.31534210E-04  0.34870074E-04  0.38557058E-04
     0.42631662E-04  0.47134099E-04  0.52108657E-04  0.57604104E-04  0.63674116E-04
     0.70377759E-04  0.77780010E-04  0.85952317E-04  0.94973226E-04  0.10492905E-03
     0.11591460E-03  0.12803399E-03  0.14140150E-03  0.15614253E-03  0.17239461E-03
     0.19030852E-03  0.21004950E-03  0.23179855E-03  0.25575385E-03  0.28213229E-03
     0.31117112E-03  0.34312975E-03  0.37829168E-03  0.41696657E-03  0.45949246E-03
     0.50623826E-03  0.55760625E-03  0.61403492E-03  0.67600197E-03  0.74402748E-03
     0.81867736E-03  0.90056701E-03  0.99036529E-03  0.10887986E-02  0.11966556E-02
     0.13147915E-02  0.14441335E-02  0.15856863E-02  0.17405370E-02  0.19098622E-02
     0.20949335E-02  0.22971245E-02  0.25179182E-02  0.27589140E-02  0.30218356E-02
     0.33085395E-02  0.36210234E-02  0.39614350E-02  0.43320818E-02  0.47354404E-02
     0.51741667E-02  0.56511065E-02  0.61693061E-02  0.67320236E-02  0.73427400E-02
     0.80051712E-02  0.87232796E-02  0.95012863E-02  0.10343683E-01  0.11255246E-01
     0.12241046E-01  0.13306460E-01  0.14457188E-01  0.15699261E-01  0.17039052E-01
     0.18483291E-01  0.20039073E-01  0.21713869E-01  0.23515535E-01  0.25452321E-01
     0.27532879E-01  0.29766269E-01  0.32161961E-01  0.34729845E-01  0.37480226E-01
     0.40423830E-01  0.43571796E-01  0.46935676E-01  0.50527426E-01  0.54359399E-01
     0.58444327E-01  0.62795312E-01  0.67425803E-01  0.72349576E-01  0.77580704E-01
     0.83133532E-01  0.89022638E-01  0.95262799E-01  0.10186894E+00  0.10885610E+00
     0.11623935E+00  0.12403378E+00  0.13225439E+00  0.14091605E+00  0.15003341E+00
     0.15962085E+00  0.16969235E+00  0.18026144E+00  0.19134106E+00  0.20294353E+00
     0.21508039E+00  0.22776228E+00  0.24099890E+00  0.25479881E+00  0.26916938E+00
     0.28411660E+00  0.29964504E+00  0.31575766E+00  0.33245570E+00  0.34973859E+00
     0.36760379E+00  0.38604672E+00  0.40506060E+00  0.42463636E+00  0.44476257E+00
     0.46542529E+00  0.48660806E+00  0.50829175E+00  0.53045457E+00  0.55307196E+00
     0.57611662E+00  0.59955840E+00  0.62336439E+00  0.64749885E+00  0.67192329E+00
     0.69659648E+00  0.72147454E+00  0.74651097E+00  0.77165681E+00  0.79686071E+00
     0.82206911E+00  0.84722637E+00  0.87227496E+00  0.89715568E+00  0.92180787E+00
     0.94616966E+00  0.97017827E+00  0.99377025E+00  0.10168818E+01  0.10394491E+01
     0.10614087E+01  0.10826977E+01  0.11032543E+01  0.11230180E+01  0.11419300E+01
     0.11599334E+01  0.11769740E+01  0.11930000E+01  0.12079626E+01  0.12218164E+01
     0.12345194E+01  0.12460335E+01  0.12563243E+01  0.12653618E+01  0.12731201E+01
     0.12795776E+01  0.12847174E+01  0.12885269E+01  0.12909981E+01  0.12921275E+01
     0.12919160E+01  0.12903690E+01  0.12874960E+01  0.12833110E+01  0.12778316E+01
     0.12710797E+01  0.12630807E+01  0.12538635E+01  0.12434603E+01  0.12319066E+01
     0.12192406E+01  0.12055032E+01  0.11907378E+01  0.11749899E+01  0.11583070E+01
     0.11407385E+01  0.11223350E+01  0.11031487E+01  0.10832326E+01  0.10626407E+01
     0.10414274E+01  0.10196478E+01  0.99735698E+00  0.97460995E+00  0.95146161E+00
     0.92796642E+00  0.90417827E+00  0.88015026E+00  0.85593458E+00  0.83158233E+00
     0.80714339E+00  0.78266625E+00  0.75819795E+00  0.73378391E+00  0.70946783E+00
     0.68529164E+00  0.66129538E+00  0.63751715E+00  0.61399305E+00  0.59075714E+00
     0.56784139E+00  0.54527567E+00  0.52308773E+00  0.50130318E+00  0.47994552E+00
     0.45903613E+00  0.43859429E+00  0.41863721E+00  0.39918007E+00  0.38023605E+00
     0.36181638E+00  0.34393039E+00  0.32658555E+00  0.30978756E+00  0.29354041E+00
     0.27784643E+00  0.26270637E+00  0.24811947E+00  0.23408358E+00  0.22059518E+00
     0.20764949E+00  0.19524057E+00  0.18336137E+00  0.17200382E+00  0.16115897E+00
     0.15081696E+00  0.14096723E+00  0.13159849E+00  0.12269888E+00  0.11425599E+00
     0.10625698E+00  0.98688591E-01  0.91537284E-01  0.84789249E-01  0.78430493E-01
     0.72446890E-01  0.66824238E-01  0.61548309E-01  0.56604899E-01  0.51979871E-01
     0.47659195E-01  0.43628990E-01  0.39875554E-01  0.36385400E-01  0.33145284E-01
     0.30142231E-01  0.27363557E-01  0.24796893E-01  0.22430203E-01  0.20251797E-01
     0.18250351E-01  0.16414914E-01  0.14734922E-01  0.13200203E-01  0.11800985E-01
     0.10527900E-01  0.93719892E-02  0.83246999E-02  0.73778893E-02  0.65238212E-02
     0.57551629E-02  0.50649808E-02  0.44467351E-02  0.38942722E-02  0.34018171E-02
     0.29639640E-02  0.25756662E-02  0.22322252E-02  0.19292788E-02  0.16627882E-02
     0.14290257E-02  0.12245600E-02  0.10462430E-02  0.89119491E-03  0.75678989E-03
     0.64064135E-03  0.54058729E-03  0.45467571E-03  0.38115029E-03  0.31843625E-03
     0.26512659E-03  0.21996878E-03  0.18185191E-03  0.14979436E-03  0.12293204E-03
     0.10050732E-03  0.81858500E-04  0.66409998E-04  0.53663183E-04  0.43187883E-04
     0.34614553E-04  0.27627095E-04  0.21956307E-04  0.17373940E-04  0.13687345E-04
     0.10734663E-04  0.83805357E-05  0.65123038E-05  0.50366506E-05  0.38766583E-05
     0.29692407E-05  0.22629163E-05  0.17158892E-05  0.12944028E-05  0.97133772E-06
     0.72502367E-06  0.53823886E-06  0.39737267E-06  0.29172889E-06  0.21294972E-06
     0.15454248E-06  0.11149311E-06  0.79952663E-07  0.56984552E-07  0.40362155E-07
     0.28407780E-07  0.19865418E-07  0.13800859E-07  0.95238299E-08  0.65277228E-08
     0.44432580E-08  0.30031245E-08  0.20151856E-08  0.13423272E-08  0.88741246E-09
     0.58213530E-09  0.37882478E-09  0.24446397E-09  0.15636325E-09  0.99060659E-10
     0.62088548E-10  0.38417350E-10  0.23411742E-10  0.14017590E-10  0.81065345E-11
     0.44491938E-11  0.24328618E-11  0.13606245E-11  0.75374437E-12  0.41353009E-12
     0.22465626E-12



4f-electronic density for j=7/2
16
 UP
     0.23631159E-32  0.26886545E-32  0.30590385E-32  0.34804455E-32  0.39599043E-32
     0.45054120E-32  0.51260671E-32  0.58322217E-32  0.66356537E-32  0.75497638E-32
     0.85897985E-32  0.97731044E-32  0.11119418E-31  0.12651194E-31  0.14393982E-31
     0.16376849E-31  0.18632866E-31  0.21199663E-31  0.24120049E-31  0.27442733E-31
     0.31223134E-31  0.35524304E-31  0.40417980E-31  0.45985783E-31  0.52320574E-31
     0.59528010E-31  0.67728300E-31  0.77058212E-31  0.87673354E-31  0.99750770E-31
     0.11349189E-30  0.12912589E-30  0.14691353E-30  0.16715146E-30  0.19017723E-30
     0.21637484E-30  0.24618124E-30  0.28009353E-30  0.31867731E-30  0.36257606E-30
     0.41252194E-30  0.46934792E-30  0.53400173E-30  0.60756167E-30  0.69125453E-30
     0.78647611E-30  0.89481448E-30  0.10180765E-29  0.11583177E-29  0.13178772E-29
     0.14994158E-29  0.17059611E-29  0.19409579E-29  0.22083250E-29  0.25125216E-29
     0.28586205E-29  0.32523938E-29  0.37004083E-29  0.42101355E-29  0.47900761E-29
     0.54499014E-29  0.62006153E-29  0.70547369E-29  0.80265100E-29  0.91321405E-29
     0.10390066E-28  0.11821264E-28  0.13449602E-28  0.15302233E-28  0.17410053E-28
     0.19808212E-28  0.22536700E-28  0.25641017E-28  0.29172931E-28  0.33191337E-28
     0.37763246E-28  0.42964895E-28  0.48883023E-28  0.55616318E-28  0.63277058E-28
     0.71992986E-28  0.81909441E-28  0.93191777E-28  0.10602813E-27  0.12063253E-27
     0.13724851E-27  0.15615312E-27  0.17766160E-27  0.20213258E-27  0.22997409E-27
     0.26165036E-27  0.29768956E-27  0.33869260E-27  0.38534316E-27  0.43841905E-27
     0.49880524E-27  0.56750858E-27  0.64567455E-27  0.73460644E-27  0.83578699E-27
     0.95090317E-27  0.10818743E-26  0.12308839E-26  0.14004165E-26  0.15932984E-26
     0.18127455E-26  0.20624163E-26  0.23464733E-26  0.26696523E-26  0.30373411E-26
     0.34556695E-26  0.39316117E-26  0.44731021E-26  0.50891678E-26  0.57900791E-26
     0.65875205E-26  0.74947858E-26  0.85269992E-26  0.97013678E-26  0.11037468E-25
     0.12557573E-25  0.14287020E-25  0.16254641E-25  0.18493231E-25  0.21040108E-25
     0.23937723E-25  0.27234375E-25  0.30985016E-25  0.35252159E-25  0.40106931E-25
     0.45630248E-25  0.51914171E-25  0.59063435E-25  0.67197196E-25  0.76451020E-25
     0.86979136E-25  0.98957008E-25  0.11258426E-24  0.12808800E-24  0.14572662E-24
     0.16579405E-24  0.18862474E-24  0.21459915E-24  0.24415012E-24  0.27777012E-24
     0.31601938E-24  0.35953528E-24  0.40904294E-24  0.46536732E-24  0.52944695E-24
     0.60234957E-24  0.68528989E-24  0.77964986E-24  0.88700170E-24  0.10091340E-23
     0.11480817E-23  0.13061596E-23  0.14860015E-23  0.16906035E-23  0.19233743E-23
     0.21881916E-23  0.24894670E-23  0.28322195E-23  0.32221585E-23  0.36657798E-23
     0.41704730E-23  0.47446448E-23  0.53978590E-23  0.61409959E-23  0.69864331E-23
     0.79482519E-23  0.90424714E-23  0.10287316E-22  0.11703517E-22  0.13314659E-22
     0.15147575E-22  0.17232787E-22  0.19605020E-22  0.22303775E-22  0.25373992E-22
     0.28866793E-22  0.32840335E-22  0.37360778E-22  0.42503385E-22  0.48353777E-22
     0.55009353E-22  0.62580917E-22  0.71194515E-22  0.80993537E-22  0.92141103E-22
     0.10482277E-21  0.11924963E-21  0.13566182E-21  0.15433249E-21  0.17557240E-21
     0.19973503E-21  0.22722251E-21  0.25849227E-21  0.29406468E-21  0.33453165E-21
     0.38056656E-21  0.43293538E-21  0.49250942E-21  0.56027986E-21  0.63737419E-21
     0.72507495E-21  0.82484110E-21  0.93833219E-21  0.10674360E-20  0.12143000E-20
     0.13813669E-20  0.15714152E-20  0.17876055E-20  0.20335332E-20  0.23132877E-20
     0.26315209E-20  0.29935242E-20  0.34053165E-20  0.38737439E-20  0.44065941E-20
     0.50127250E-20  0.57022122E-20  0.64865164E-20  0.73786733E-20  0.83935107E-20
     0.95478941E-20  0.10861007E-19  0.12354669E-19  0.14053699E-19  0.15986327E-19
     0.18184659E-19  0.20685217E-19  0.23529538E-19  0.26764867E-19  0.30444942E-19
     0.34630880E-19  0.39392198E-19  0.44807960E-19  0.50968092E-19  0.57974871E-19
     0.65944624E-19  0.75009653E-19  0.85320432E-19  0.97048099E-19  0.11038729E-18
     0.12555938E-18  0.14281613E-18  0.16244386E-18  0.18476823E-18  0.21015959E-18
     0.23903911E-18  0.27188583E-18  0.30924449E-18  0.35173463E-18  0.40006081E-18
     0.45502429E-18  0.51753629E-18  0.58863305E-18  0.66949303E-18  0.76145633E-18
     0.86604697E-18  0.98499798E-18  0.11202802E-17  0.12741346E-17  0.14491099E-17
     0.16481040E-17  0.18744123E-17  0.21317823E-17  0.24244750E-17  0.27573360E-17
     0.31358748E-17  0.35663564E-17  0.40559046E-17  0.46126194E-17  0.52457112E-17
     0.59656523E-17  0.67843502E-17  0.77153437E-17  0.87740265E-17  0.99779013E-17
     0.11346868E-16  0.12903552E-16  0.14673678E-16  0.16686493E-16  0.18975247E-16
     0.21577746E-16  0.24536968E-16  0.27901775E-16  0.31727718E-16  0.36077948E-16
     0.41024261E-16  0.46648272E-16  0.53042765E-16  0.60313216E-16  0.68579526E-16
     0.77977994E-16  0.88663559E-16  0.10081234E-15  0.11462455E-15  0.13032774E-15
     0.14818058E-15  0.16847710E-15  0.19155149E-15  0.21778360E-15  0.24760517E-15
     0.28150691E-15  0.32004656E-15  0.36385799E-15  0.41366162E-15  0.47027623E-15
     0.53463232E-15  0.60778739E-15  0.69094323E-15  0.78546559E-15  0.89290647E-15
     0.10150296E-14  0.11538391E-14  0.13116124E-14  0.14909374E-14  0.16947545E-14
     0.19264051E-14  0.21896854E-14  0.24889091E-14  0.28289771E-14  0.32154578E-14
     0.36546774E-14  0.41538233E-14  0.47210611E-14  0.53656673E-14  0.60981800E-14
     0.69305709E-14  0.78764391E-14  0.89512325E-14  0.10172499E-13  0.11560170E-13
     0.13136885E-13  0.14928359E-13  0.16963797E-13  0.19276372E-13  0.21903757E-13
     0.24888735E-13  0.28279897E-13  0.32132422E-13  0.36508970E-13  0.41480694E-13
     0.47128392E-13  0.53543807E-13  0.60831108E-13  0.69108568E-13  0.78510472E-13
     0.89189276E-13  0.10131806E-12  0.11509332E-12  0.13073811E-12  0.14850564E-12
     0.16868333E-12  0.19159743E-12  0.21761825E-12  0.24716606E-12  0.28071789E-12
     0.31881509E-12  0.36207203E-12  0.41118589E-12  0.46694781E-12  0.53025551E-12
     0.60212761E-12  0.68371982E-12  0.77634340E-12  0.88148595E-12  0.10008351E-11
     0.11363054E-11  0.12900685E-11  0.14645876E-11  0.16626569E-11  0.18874452E-11
     0.21425465E-11  0.24320366E-11  0.27605373E-11  0.31332897E-11  0.35562367E-11
     0.40361161E-11  0.45805672E-11  0.51982506E-11  0.58989843E-11  0.66938973E-11
     0.75956046E-11  0.86184041E-11  0.97785006E-11  0.11094259E-10  0.12586489E-10
     0.14278773E-10  0.16197832E-10  0.18373936E-10  0.20841385E-10  0.23639028E-10
     0.26810878E-10  0.30406784E-10  0.34483204E-10  0.39104079E-10  0.44341817E-10
     0.50278408E-10  0.57006687E-10  0.64631757E-10  0.73272602E-10  0.83063913E-10
     0.94158142E-10  0.10672784E-09  0.12096827E-09  0.13710041E-09  0.15537428E-09
     0.17607278E-09  0.19951593E-09  0.22606575E-09  0.25613172E-09  0.29017695E-09
     0.32872517E-09  0.37236862E-09  0.42177687E-09  0.47770696E-09  0.54101463E-09
     0.61266717E-09  0.69375778E-09  0.78552189E-09  0.88935544E-09  0.10068357E-08
     0.11397443E-08  0.12900941E-08  0.14601581E-08  0.16525035E-08  0.18700291E-08
     0.21160077E-08  0.23941340E-08  0.27085785E-08  0.30640480E-08  0.34658543E-08
     0.39199905E-08  0.44332182E-08  0.50131644E-08  0.56684317E-08  0.64087212E-08
     0.72449716E-08  0.81895151E-08  0.92562531E-08  0.10460853E-07  0.11820972E-07
     0.13356502E-07  0.15089855E-07  0.17046275E-07  0.19254189E-07  0.21745611E-07
     0.24556580E-07  0.27727664E-07  0.31304520E-07  0.35338525E-07  0.39887479E-07
     0.45016403E-07  0.50798421E-07  0.57315758E-07  0.64660855E-07  0.72937621E-07
     0.82262828E-07  0.92767684E-07  0.10459958E-06  0.11792408E-06  0.13292706E-06
     0.14981724E-06  0.16882889E-06  0.19022490E-06  0.21430024E-06  0.24138579E-06
     0.27185261E-06  0.30611676E-06  0.34464463E-06  0.38795891E-06  0.43664522E-06
     0.49135960E-06  0.55283673E-06  0.62189917E-06  0.69946767E-06  0.78657260E-06
     0.88436668E-06  0.99413925E-06  0.11173320E-05  0.12555565E-05  0.14106139E-05
     0.15845164E-05  0.17795117E-05  0.19981095E-05  0.22431114E-05  0.25176436E-05
     0.28251943E-05  0.31696534E-05  0.35553580E-05  0.39871422E-05  0.44703923E-05
     0.50111080E-05  0.56159697E-05  0.62924138E-05  0.70487151E-05  0.78940781E-05
     0.88387380E-05  0.98940722E-05  0.11072723E-04  0.12388733E-04  0.13857694E-04
     0.15496914E-04  0.17325594E-04  0.19365032E-04  0.21638837E-04  0.24173176E-04
     0.26997032E-04  0.30142502E-04  0.33645108E-04  0.37544153E-04  0.41883100E-04
     0.46709994E-04  0.52077919E-04  0.58045504E-04  0.64677468E-04  0.72045220E-04
     0.80227519E-04  0.89311180E-04  0.99391859E-04  0.11057490E-03  0.12297624E-03
     0.13672345E-03  0.15195680E-03  0.16883043E-03  0.18751366E-03  0.20819237E-03
     0.23107052E-03  0.25637176E-03  0.28434120E-03  0.31524734E-03  0.34938410E-03
     0.38707304E-03  0.42866574E-03  0.47454640E-03  0.52513457E-03  0.58088812E-03
     0.64230643E-03  0.70993379E-03  0.78436302E-03  0.86623942E-03  0.95626487E-03
     0.10552023E-02  0.11638803E-02  0.12831984E-02  0.14141322E-02  0.15577388E-02
     0.17151633E-02  0.18876448E-02  0.20765230E-02  0.22832454E-02  0.25093747E-02
     0.27565964E-02  0.30267271E-02  0.33217230E-02  0.36436886E-02  0.39948861E-02
     0.43777451E-02  0.47948724E-02  0.52490623E-02  0.57433073E-02  0.62808090E-02
     0.68649894E-02  0.74995022E-02  0.81882444E-02  0.89353681E-02  0.97452929E-02
     0.10622717E-01  0.11572630E-01  0.12600324E-01  0.13711407E-01  0.14911811E-01
     0.16207808E-01  0.17606015E-01  0.19113410E-01  0.20737338E-01  0.22485520E-01
     0.24366060E-01  0.26387456E-01  0.28558600E-01  0.30888786E-01  0.33387711E-01
     0.36065474E-01  0.38932580E-01  0.41999930E-01  0.45278821E-01  0.48780937E-01
     0.52518335E-01  0.56503433E-01  0.60748996E-01  0.65268111E-01  0.70074167E-01
     0.75180826E-01  0.80601989E-01  0.86351765E-01  0.92444428E-01  0.98894374E-01
     0.10571607E+00  0.11292399E+00  0.12053259E+00  0.12855619E+00  0.13700897E+00
     0.14590482E+00  0.15525734E+00  0.16507968E+00  0.17538451E+00  0.18618391E+00
     0.19748923E+00  0.20931106E+00  0.22165906E+00  0.23454188E+00  0.24796705E+00
     0.26194085E+00  0.27646822E+00  0.29155259E+00  0.30719583E+00  0.32339810E+00
     0.34015772E+00  0.35747110E+00  0.37533261E+00  0.39373448E+00  0.41266671E+00
     0.43211697E+00  0.45207058E+00  0.47251034E+00  0.49341657E+00  0.51476701E+00
     0.53653680E+00  0.55869847E+00  0.58122192E+00  0.60407444E+00  0.62722073E+00
     0.65062292E+00  0.67424066E+00  0.69803117E+00  0.72194933E+00  0.74594779E+00
     0.76997709E+00  0.79398581E+00  0.81792070E+00  0.84172693E+00  0.86534820E+00
     0.88872703E+00  0.91180498E+00  0.93452290E+00  0.95682119E+00  0.97864014E+00
     0.99992017E+00  0.10206022E+01  0.10406279E+01  0.10599401E+01  0.10784831E+01
     0.10962029E+01  0.11130475E+01  0.11289675E+01  0.11439160E+01  0.11578489E+01
     0.11707255E+01  0.11825084E+01  0.11931639E+01  0.12026618E+01  0.12109761E+01
     0.12180846E+01  0.12239694E+01  0.12286165E+01  0.12320165E+01  0.12341638E+01
     0.12350571E+01  0.12346992E+01  0.12330970E+01  0.12302612E+01  0.12262064E+01
     0.12209507E+01  0.12145161E+01  0.12069275E+01  0.11982132E+01  0.11884043E+01
     0.11775350E+01  0.11656418E+01  0.11527636E+01  0.11389413E+01  0.11242181E+01
     0.11086386E+01  0.10922490E+01  0.10750967E+01  0.10572302E+01  0.10386988E+01
     0.10195525E+01  0.99984167E+00  0.97961691E+00  0.95892881E+00  0.93782784E+00
     0.91636406E+00  0.89458703E+00  0.87254561E+00  0.85028777E+00  0.82786049E+00
     0.80530960E+00  0.78267965E+00  0.76001380E+00  0.73735372E+00  0.71473950E+00
     0.69220958E+00  0.66980066E+00  0.64754769E+00  0.62548382E+00  0.60364034E+00
     0.58204671E+00  0.56073052E+00  0.53971749E+00  0.51903152E+00  0.49869466E+00
     0.47872716E+00  0.45914746E+00  0.43997228E+00  0.42121661E+00  0.40289376E+00
     0.38501541E+00  0.36759165E+00  0.35063103E+00  0.33414059E+00  0.31812596E+00
     0.30259135E+00  0.28753968E+00  0.27297255E+00  0.25889038E+00  0.24529243E+00
     0.23217686E+00  0.21954080E+00  0.20738040E+00  0.19569094E+00  0.18446681E+00
     0.17370166E+00  0.16338839E+00  0.15351926E+00  0.14408592E+00  0.13507948E+00
     0.12649058E+00  0.11830941E+00  0.11052579E+00  0.10312923E+00  0.96108947E-01
     0.89453926E-01  0.83152972E-01  0.77194743E-01  0.71567791E-01  0.66260598E-01
     0.61261613E-01  0.56559282E-01  0.52142079E-01  0.47998537E-01  0.44117269E-01
     0.40486996E-01  0.37096571E-01  0.33934994E-01  0.30991441E-01  0.28255271E-01
     0.25716053E-01  0.23363575E-01  0.21187859E-01  0.19179178E-01  0.17328061E-01
     0.15625311E-01  0.14062009E-01  0.12629527E-01  0.11319532E-01  0.10123994E-01
     0.90351918E-02  0.80457169E-02  0.71484758E-02  0.63366933E-02  0.56039124E-02
     0.49439952E-02  0.43511206E-02  0.38197826E-02  0.33447864E-02  0.29212441E-02
     0.25445689E-02  0.22104691E-02  0.19149401E-02  0.16542562E-02  0.14249618E-02
     0.12238618E-02  0.10480104E-02  0.89470136E-03  0.76145573E-03  0.64601083E-03
     0.54630816E-03  0.46048148E-03  0.38684476E-03  0.32388027E-03  0.27022670E-03
     0.22466758E-03  0.18611998E-03  0.15362349E-03  0.12632973E-03  0.10349220E-03
     0.84456714E-04  0.68652321E-04  0.55582781E-04  0.44818609E-04  0.35989691E-04
     0.28778464E-04  0.22913659E-04  0.18164595E-04  0.14336000E-04  0.11263343E-04
     0.88086444E-05  0.68567490E-05  0.53120130E-05  0.40953916E-05  0.31418851E-05
     0.23983148E-05  0.18213987E-05  0.13760936E-05  0.10341788E-05  0.77305064E-06
     0.57470392E-06  0.42487665E-06  0.31233598E-06  0.22828579E-06  0.16587852E-06
     0.11981519E-06  0.86020030E-07  0.61377384E-07  0.43520412E-07  0.30662542E-07
     0.21463907E-07  0.14926244E-07  0.10310762E-07  0.70743999E-08  0.48207216E-08
     0.32623540E-08  0.21924683E-08  0.14632735E-08  0.96993993E-09  0.63871074E-09
     0.41801184E-09  0.27197258E-09  0.17640415E-09  0.11445532E-09  0.73044002E-10
     0.49182543E-10  0.29920363E-10  0.17276292E-10  0.98861302E-11  0.56057045E-11
     0.31491771E-11



  2.363115946992573E-033
  2.688654542386186E-033
  3.059038479895883E-033
  3.480445494139177E-033
  3.959904335890682E-033
  4.505411999747647E-033
  5.126067113314328E-033
  5.832221681998721E-033
  6.635653749505752E-033
  7.549763839354279E-033
  8.589798457066139E-033
  9.773104379933086E-033
  1.111941797559125E-032
  1.265119437476109E-032
  1.439398198785007E-032
  1.637684861161685E-032
  1.863286623235460E-032
  2.119966261098244E-032
  2.412004884916576E-032
  2.744273340273372E-032
  3.122313445035206E-032
  3.552430416568308E-032
  4.041798030747521E-032
  4.598578266529346E-032
  5.232057431433539E-032
  5.952801038126006E-032
  6.772830015002239E-032
  7.705821189449746E-032
  8.767335387252598E-032
  9.975076952141558E-032
  1.134918901346847E-031
  1.291258942613147E-031
  1.469135298513869E-031
  1.671514628888258E-031
  1.901772250317263E-031
  2.163748427698097E-031
  2.461812419734962E-031
  2.800935346394099E-031
  3.186773093484456E-031
  3.625760636901372E-031
  4.125219359500467E-031
  4.693479150227923E-031
  5.340017321633844E-031
  6.075616662347696E-031
  6.912545260175171E-031
  7.864761094504420E-031
  8.948144809739311E-031
  1.018076455139519E-030
  1.158317728113324E-030
  1.317877159528748E-030
  1.499415776349529E-030
  1.705961149141731E-030
  1.940957880735231E-030
  2.208325049175462E-030
  2.512521562823670E-030
  2.858620517392203E-030
  3.252393794799833E-030
  3.700408314503306E-030
  4.210135542252293E-030
  4.790076082264942E-030
  5.449901430315539E-030
  6.200615251357148E-030
  7.054736870840822E-030
  8.026510039266158E-030
  9.132140450880094E-030
  1.039006597685680E-029
  1.182126411873364E-029
  1.344960180843898E-029
  1.530223338727270E-029
  1.741005339945859E-029
  1.980821174977033E-029
  2.253669981447336E-029
  2.564101727775659E-029
  2.917293081166804E-029
  3.319133724875374E-029
  3.776324563865034E-029
  4.296489456183993E-029
  4.888302332867538E-029
  5.561631825721240E-029
  6.327705814210367E-029
  7.199298634746773E-029
  8.190944073459198E-029
  9.319177693353425E-029
  1.060281253577902E-028
  1.206325279247011E-028
  1.372485067739162E-028
  1.561531244774867E-028
  1.776616034280825E-028
  2.021325814129303E-028
  2.299740909857141E-028
  2.616503623136114E-028
  2.976895629029050E-028
  3.386926032229846E-028
  3.853431550152834E-028
  4.384190492868465E-028
  4.988052439846671E-028
  5.675085775098646E-028
  6.456745539961906E-028
  7.346064401412579E-028
  8.357869919055732E-028
  9.509031732259053E-028
  1.081874278756090E-027
  1.230883929380992E-027
  1.400416473793272E-027
  1.593298402853378E-027
  1.812745466994092E-027
  2.062416281974207E-027
  2.346473316414709E-027
  2.669652277566978E-027
  3.037341051715313E-027
  3.455669514837290E-027
  3.931611710287601E-027
  4.473102096351895E-027
  5.089167800969760E-027
  5.790079087656261E-027
  6.587520540102320E-027
  7.494785818161070E-027
  8.526999230680260E-027
  9.701367817462587E-027
  1.103746814096854E-026
  1.255757256668770E-026
  1.428702046902610E-026
  1.625464054804801E-026
  1.849323129393621E-026
  2.104010760477794E-026
  2.393772266537729E-026
  2.723437544859457E-026
  3.098501562709754E-026
  3.525215930613346E-026
  4.010693083401653E-026
  4.563024804721488E-026
  5.191417069618422E-026
  5.906343451621939E-026
  6.719719649983481E-026
  7.645102044503167E-026
  8.697913585582892E-026
  9.895700782426409E-026
  1.125842607025016E-025
  1.280880042659508E-025
  1.457266177714893E-025
  1.657940549405883E-025
  1.886247415723029E-025
  2.145991473601078E-025
  2.441501247137255E-025
  2.777701201592581E-025
  3.160193784207030E-025
  3.595352758151181E-025
  4.090429383974042E-025
  4.653673216818347E-025
  5.294469531020659E-025
  6.023495660543665E-025
  6.852898858608584E-025
  7.796498638147100E-025
  8.870016962235354E-025
  1.009134011728845E-024
  1.148081662919600E-024
  1.306159618254199E-024
  1.486001518555685E-024
  1.690603539984979E-024
  1.923374293718081E-024
  2.188191593024565E-024
  2.489467032737466E-024
  2.832219456119883E-024
  3.222158532033595E-024
  3.665779833559493E-024
  4.170473000606572E-024
  4.744644786758195E-024
  5.397859038261750E-024
  6.140995934788217E-024
  6.986433142056240E-024
  7.948251890958395E-024
  9.042471412506701E-024
  1.028731562962305E-023
  1.170351654337987E-023
  1.331465936166585E-023
  1.514757511255590E-023
  1.723278727444375E-023
  1.960501985337439E-023
  2.230377535992211E-023
  2.537399230037914E-023
  2.886679311926452E-023
  3.284033503420282E-023
  3.736077791504455E-023
  4.250338530512803E-023
  4.835377689614090E-023
  5.500935328589970E-023
  6.258091671234564E-023
  7.119451471472262E-023
  8.099353737835748E-023
  9.214110303423750E-023
  1.048227720786602E-022
  1.192496340312134E-022
  1.356618191517629E-022
  1.543324929919439E-022
  1.755724002809805E-022
  1.997350336726845E-022
  2.272225132616894E-022
  2.584922745846402E-022
  2.940646762521269E-022
  3.345316536324528E-022
  3.805665623823146E-022
  4.329353753803565E-022
  4.925094190951728E-022
  5.602798609824296E-022
  6.373741885803756E-022
  7.250749540412347E-022
  8.248410954462013E-022
  9.383321890275454E-022
  1.067436035071903E-021
  1.214300035610616E-021
  1.381366884933209E-021
  1.571415165531631E-021
  1.787605523482015E-021
  2.033533189845995E-021
  2.313287719959089E-021
  2.631520942213418E-021
  2.993524244119572E-021
  3.405316478303264E-021
  3.873743947221251E-021
  4.406594125684478E-021
  5.012725008070770E-021
  5.702212226165930E-021
  6.486516378178778E-021
  7.378673344508561E-021
  8.393510746846484E-021
  9.547894140471282E-021
  1.086100702231985E-020
  1.235466929772860E-020
  1.405369948591719E-020
  1.598632666886017E-020
  1.818465901214563E-020
  2.068521662337452E-020
  2.352953757909870E-020
  2.676486716283890E-020
  3.044494173438728E-020
  3.463088021714551E-020
  3.939219797155826E-020
  4.480795984819628E-020
  5.096809151717386E-020
  5.797487078938242E-020
  6.594462362271865E-020
  7.500965289223610E-020
  8.532043185282904E-020
  9.704809860019010E-020
  1.103872928125833E-019
  1.255593817145336E-019
  1.428161286371702E-019
  1.624438648647639E-019
  1.847682337735472E-019
  2.101595857242892E-019
  2.390391129201252E-019
  2.718858256629291E-019
  3.092444853363979E-019
  3.517346252408234E-019
  4.000608083633579E-019
  4.550242915840988E-019
  5.175362890285191E-019
  5.886330536626224E-019
  6.694930262227373E-019
  7.614563346704921E-019
  8.660469661258791E-019
  9.849979772947442E-019
  1.120280159495681E-018
  1.274134631328275E-018
  1.449109896745260E-018
  1.648103979858390E-018
  1.874412331429596E-018
  2.131782297048075E-018
  2.424475045030019E-018
  2.757335974873422E-018
  3.135874766669796E-018
  3.566356390506295E-018
  4.055904575186171E-018
  4.612619440507336E-018
  5.245711230225216E-018
  5.965652347501510E-018
  6.784350195438512E-018
  7.715343667142994E-018
  8.774026518248172E-018
  9.977901296301815E-018
  1.134686800312287E-017
  1.290355223633940E-017
  1.467367820416436E-017
  1.668649274362648E-017
  1.897524730897335E-017
  2.157774584745966E-017
  2.453696755973623E-017
  2.790177476918566E-017
  3.172771751881791E-017
  3.607794809847485E-017
  4.102426050490989E-017
  4.664827188212601E-017
  5.304276531246820E-017
  6.031321596818580E-017
  6.857952563144800E-017
  7.797799399687215E-017
  8.866355903987868E-017
  1.008123431294969E-016
  1.146245465569952E-016
  1.303277358229640E-016
  1.481805804672711E-016
  1.684770995431223E-016
  1.915514871469334E-016
  2.177835958545237E-016
  2.476051676341632E-016
  2.815069139818062E-016
  3.200465608504376E-016
  3.638579896474709E-016
  4.136616234054004E-016
  4.702762274795446E-016
  5.346323171196835E-016
  6.077873903708459E-016
  6.909432344035490E-016
  7.854655870334394E-016
  8.929064734068654E-016
  1.015029581217874E-015
  1.153839087081819E-015
  1.311612402613550E-015
  1.490937372242950E-015
  1.694754526867476E-015
  1.926405079247204E-015
  2.189685439905559E-015
  2.488909137697193E-015
  2.828977148832497E-015
  3.215457773921691E-015
  3.654677356693123E-015
  4.153823312914661E-015
  4.721061136498571E-015
  5.365667274968227E-015
  6.098180022003208E-015
  6.930570864732856E-015
  7.876439052437228E-015
  8.951232526577317E-015
  1.017249877555184E-014
  1.156016965799832E-014
  1.313688478345306E-014
  1.492835865740816E-014
  1.696379749905914E-014
  1.927637243543426E-014
  2.190375667773181E-014
  2.488873530883263E-014
  2.827989747127341E-014
  3.213242206078396E-014
  3.650896952256674E-014
  4.148069403934608E-014
  4.712839231848039E-014
  5.354380736028785E-014
  6.083110805536654E-014
  6.910856825380568E-014
  7.851047211762349E-014
  8.918927615917803E-014
  1.013180624388894E-013
  1.150933220090347E-013
  1.307381129186849E-013
  1.485056430196163E-013
  1.686833345265781E-013
  1.915974348921438E-013
  2.176182471747882E-013
  2.471660628426559E-013
  2.807178910161882E-013
  3.188150906816975E-013
  3.620720265990014E-013
  4.111858856986642E-013
  4.669478089662997E-013
  5.302555144233505E-013
  6.021276101530682E-013
  6.837198227458795E-013
  7.763433964556161E-013
  8.814859522258923E-013
  1.000835134082681E-012
  1.136305413780955E-012
  1.290068473702493E-012
  1.464587643577037E-012
  1.662656929485841E-012
  1.887445244760737E-012
  2.142546532892689E-012
  2.432036563630845E-012
  2.760537286463339E-012
  3.133289742179906E-012
  3.556236664979588E-012
  4.036116056587176E-012
  4.580567182317279E-012
  5.198250629501330E-012
  5.898984284020847E-012
  6.693897324086936E-012
  7.595604605500156E-012
  8.618404123511150E-012
  9.778500587698021E-012
  1.109425854318954E-011
  1.258648891996591E-011
  1.427877339848144E-011
  1.619783155193874E-011
  1.837393637161379E-011
  2.084138451116266E-011
  2.363902840951511E-011
  2.681087838180606E-011
  3.040678381736679E-011
  3.448320380835008E-011
  3.910407886928281E-011
  4.434181691606688E-011
  5.027840837445475E-011
  5.700668720731418E-011
  6.463175681462734E-011
  7.327260220116027E-011
  8.306391255895916E-011
  9.415814151450639E-011
  1.067278357875880E-010
  1.209682669502549E-010
  1.371004054153920E-010
  1.553742807879332E-010
  1.760727783479676E-010
  1.995159277828325E-010
  2.260657474334241E-010
  2.561317153679088E-010
  2.901769476554664E-010
  3.287251744089740E-010
  3.723686156392422E-010
  4.217768718722083E-010
  4.777069590011857E-010
  5.410146331770355E-010
  6.126671699020748E-010
  6.937577821374988E-010
  7.855218854378078E-010
  8.893554442012846E-010
  1.006835662422397E-009
  1.139744315241124E-009
  1.290094054543141E-009
  1.460158063362958E-009
  1.652503480426617E-009
  1.870029068453220E-009
  2.116007658498903E-009
  2.394133968436519E-009
  2.708578467472229E-009
  3.064048041358431E-009
  3.465854305733758E-009
  3.919990518990825E-009
  4.433218162563238E-009
  5.013164387009329E-009
  5.668431668394307E-009
  6.408721183065213E-009
  7.244971592012963E-009
  8.189515130892303E-009
  9.256253130923566E-009
  1.046085335232934E-008
  1.182097179813059E-008
  1.335650199691364E-008
  1.508985510034455E-008
  1.704627454136725E-008
  1.925418944497882E-008
  2.174561148165230E-008
  2.455658040936055E-008
  2.772766417016039E-008
  3.130452009876079E-008
  3.533852457128783E-008
  3.988747928140714E-008
  4.501640328780898E-008
  5.079842104262537E-008
  5.731575779611772E-008
  6.466085509353984E-008
  7.293762054686520E-008
  8.226282769769231E-008
  9.276768360061189E-008
  1.045995837723815E-007
  1.179240763902908E-007
  1.329270601074734E-007
  1.498172426097009E-007
  1.688288900955088E-007
  1.902249012508425E-007
  2.143002430450134E-007
  2.413857898352197E-007
  2.718526118663573E-007
  3.061167643610392E-007
  3.446446340086376E-007
  3.879589059141902E-007
  4.366452209296850E-007
  4.913596008992229E-007
  5.528367277328233E-007
  6.218991714714400E-007
  6.994676727038005E-007
  7.865725959286445E-007
  8.843666828256214E-007
  9.941392480098292E-007
  1.117331974814553E-006
  1.255556485099257E-006
  1.410613875150477E-006
  1.584516429578099E-006
  1.779511746865988E-006
  1.998109534083904E-006
  2.243111354389541E-006
  2.517643639541443E-006
  2.825194310915877E-006
  3.169653386698674E-006
  3.555357990247276E-006
  3.987142215346005E-006
  4.470392348482411E-006
  5.011107996645664E-006
  5.615969721798488E-006
  6.292413840428620E-006
  7.048715108790284E-006
  7.894078081964376E-006
  8.838738008081815E-006
  9.894072198368310E-006
  1.107272289947559E-005
  1.238873278739435E-005
  1.385769430235726E-005
  1.549691415226830E-005
  1.732559442855145E-005
  1.936503190358193E-005
  2.163883721346022E-005
  2.417317577432692E-005
  2.699703243522215E-005
  3.014250203615483E-005
  3.364510821706994E-005
  3.754415301227525E-005
  4.188309996603733E-005
  4.670999371901145E-005
  5.207791924217568E-005
  5.804550413552886E-005
  6.467746766312102E-005
  7.204522046434028E-005
  8.022751916387860E-005
  8.931118039949622E-005
  9.939185909752571E-005
  1.105748961507989E-004
  1.229762409919895E-004
  1.367234549067065E-004
  1.519568012943250E-004
  1.688304294595616E-004
  1.875136589029916E-004
  2.081923714726056E-004
  2.310705191393499E-004
  2.563717555652843E-004
  2.843412000410615E-004
  3.152473427770410E-004
  3.493841009361788E-004
  3.870730351931832E-004
  4.286657369889875E-004
  4.745463970176489E-004
  5.251345658289422E-004
  5.808881177482719E-004
  6.423064295994719E-004
  7.099337859583922E-004
  7.843630228579128E-004
  8.662394219995764E-004
  9.562648675939485E-004
  1.055202277940963E-003
  1.163880323761951E-003
  1.283198445095004E-003
  1.414132178252319E-003
  1.557738803898761E-003
  1.715163326731030E-003
  1.887644796501529E-003
  2.076522979224665E-003
  2.283245386309477E-003
  2.509374668064184E-003
  2.756596376497798E-003
  3.026727100583408E-003
  3.321722975128664E-003
  3.643688562102855E-003
  3.994886100678381E-003
  4.377745119339288E-003
  4.794872400173449E-003
  5.249062281881680E-003
  5.743307284091765E-003
  6.280809031245453E-003
  6.864989449621645E-003
  7.499502205962616E-003
  8.188244350678992E-003
  8.935368122724998E-003
  9.745292866964546E-003
  1.062271700820197E-002
  1.157263001904667E-002
  1.260032431144078E-002
  1.371140697403258E-002
  1.491181126965907E-002
  1.620780779904629E-002
  1.760601522848999E-002
  1.911341047078495E-002
  2.073733820008193E-002
  2.248551957271635E-002
  2.436606001742626E-002
  2.638745594981748E-002
  2.855860025749831E-002
  3.088878639408082E-002
  3.338771091222822E-002
  3.606547425834167E-002
  3.893257964421228E-002
  4.199992980431332E-002
  4.527882144133565E-002
  4.878093715726879E-002
  5.251833466292907E-002
  5.650343305547987E-002
  6.074899595135863E-002
  6.526811126131235E-002
  7.007416739515773E-002
  7.518082568665763E-002
  8.060198883379469E-002
  8.635176515699429E-002
  9.244442848779444E-002
  9.889437351338250E-002
  0.105716066418632     
  0.112923990687101     
  0.120532587946223     
  0.128556193768798     
  0.137008968382683     
  0.145904822257787     
  0.155257336615182     
  0.165079678913009     
  0.175384513447321     
  0.186183907248072     
  0.197489231515492     
  0.209311058913922     
  0.221659057109044     
  0.234541879011148     
  0.247967050265374     
  0.261940854609763     
  0.276468217802193     
  0.291552590896140     
  0.307195833720916     
  0.323398099492571     
  0.340157721544866     
  0.357471103223281     
  0.375332612026759     
  0.393734479109562     
  0.412666705273861     
  0.432116974550389     
  0.452070576492890     
  0.472510338211097     
  0.493416567155866     
  0.514767005574445     
  0.536536797467863     
  0.558698468802448     
  0.581221921633718     
  0.604074442723178     
  0.627220727159637     
  0.650622917456778     
  0.674240658576894     
  0.698031169339502     
  0.721949330704471     
  0.745947791457104     
  0.769977091859277     
  0.793985805837912     
  0.817920702242645     
  0.841726925596216     
  0.865348196567562     
  0.888727032112789     
  0.911804984882329     
  0.934522900963353     
  0.956821194702476     
  0.978640138666032     
  0.999920166458696     
   1.02060218560454     
   1.04062789732165     
   1.05994011976154     
   1.07848311107622     
   1.09620288899962     
   1.11304754117735     
   1.12896752711541     
   1.14391596223667     
   1.15784888676852     
   1.17072551251278     
   1.18250844652397     
   1.19316388973422     
   1.20266180832336     
   1.21097607689646     
   1.21808459259551     
   1.22396935978388     
   1.22861654536771     
   1.23201650520606     
   1.23416378242096     
   1.23505707873906     
   1.23469920027193     
   1.23309697936988     
   1.23026117436138     
   1.22620635200997     
   1.22095074088257     
   1.21451608708232     
   1.20692747545059     
   1.19821315545451     
   1.18840434843536     
   1.17753504752065     
   1.16564181253894     
   1.15276355860964     
   1.13894134149482     
   1.12421814046152     
   1.10863863990316     
   1.09224901072932     
   1.07509669245182     
   1.05723017680279     
   1.03869879366608     
   1.01955250006234     
  0.999841672887382     
  0.979616906149284     
  0.958928813421195     
  0.937827836291799     
  0.916364059617753     
  0.894587034400942     
  0.872545609152138     
  0.850287770601046     
  0.827860492463916     
  0.805309603263263     
  0.782679652533727     
  0.760013802195757     
  0.737353722143291     
  0.714739502063494     
  0.692209575683334     
  0.669800657836864     
  0.647547694028616     
  0.625483821918476     
  0.603640344124407     
  0.582046711389922     
  0.560730515548171     
  0.539717490617612     
  0.519031522214068     
  0.498694664001471     
  0.478727157345121     
  0.459147461804003     
  0.439972283544879     
  0.421216612860903     
  0.402893763634071     
  0.385015414128989     
  0.367591653166864     
  0.350631027258219     
  0.334140590500333     
  0.318125956608561     
  0.302591352920551     
  0.287539676222614     
  0.272972550176768     
  0.258890384190567     
  0.245292433563470     
  0.232176860523623     
  0.219540796202186     
  0.207380403112510     
  0.195690937411675     
  0.184466812078565     
  0.173701658556617     
  0.163388388905146     
  0.153519256397627     
  0.144085915163369     
  0.135079478447881     
  0.126490575273406     
  0.118309405304453     
  0.110525791750261     
  0.103129232165807     
  9.610894704247760E-002
  8.945392610961894E-002
  8.315297229734010E-002
  7.719474333879346E-002
  7.156779101608327E-002
  6.626059807738544E-002
  6.126161287343838E-002
  5.655928177919359E-002
  5.214207948040464E-002
  4.799853721598798E-002
  4.411726907423422E-002
  4.048699644525577E-002
  3.709657073308868E-002
  3.393499442913574E-002
  3.099144064436760E-002
  2.825527119126539E-002
  2.571605329828561E-002
  2.336357503007788E-002
  2.118785947622200E-002
  1.917917776030271E-002
  1.732806091013555E-002
  1.562531061928914E-002
  1.406200892009061E-002
  1.262952677937577E-002
  1.131953162063335E-002
  1.012399377011786E-002
  9.035191820133371E-003
  8.045716900125557E-003
  7.148475845504927E-003
  6.336693255240833E-003
  5.603912432138630E-003
  4.943995204210625E-003
  4.351120631497570E-003
  3.819782609873681E-003
  3.344786391523278E-003
  2.921244050637540E-003
  2.544568932156880E-003
  2.210469130785243E-003
  1.914940056738231E-003
  1.654256153482171E-003
  1.424961840821336E-003
  1.223861763869034E-003
  1.048010434502534E-003
  8.947013566969036E-004
  7.614557305453661E-004
  6.460108317324579E-004
  5.463081637030833E-004
  4.604814787782666E-004
  3.868447620593405E-004
  3.238802682237885E-004
  2.702266963664114E-004
  2.246675820230548E-004
  1.861199785951067E-004
  1.536234927498820E-004
  1.263297301916918E-004
  1.034921996702077E-004
  8.445671440307284E-005
  6.865232141709744E-005
  5.558278082298201E-005
  4.481860888260691E-005
  3.598969103689025E-005
  2.877846394646758E-005
  2.291365914512985E-005
  1.816459518238897E-005
  1.433600017940888E-005
  1.126334256274693E-005
  8.808644373411574E-006
  6.856748956704360E-006
  5.312012987072729E-006
  4.095391623995708E-006
  3.141885070242989E-006
  2.398314848775586E-006
  1.821398651004420E-006
  1.376093565921374E-006
  1.034178811200847E-006
  7.730506428903961E-007
  5.747039150524210E-007
  4.248766499341244E-007
  3.123359759123043E-007
  2.282857937312921E-007
  1.658785202664584E-007
  1.198151891319697E-007
  8.602003031038329E-008
  6.137738413305037E-008
  4.352041249106660E-008
  3.066254216165361E-008
  2.146390672563363E-008
  1.492624432999585E-008
  1.031076214897386E-008
  7.074399865306446E-009
  4.820721573878413E-009
  3.262354001841997E-009
  2.192468324976318E-009
  1.463273475959494E-009
  9.699399330123833E-010
  6.387107375716384E-010
  4.180118441204010E-010
  2.719725807992693E-010
  1.764041470520605E-010
  1.144553223728614E-010
  7.304400201821047E-011
  4.918254340954845E-011
  2.992036272826895E-011
  1.727629187864573E-011
  9.886130150358933E-012
  5.605704486057705E-012
  3.149177093706462E-012



 DOWN
     0.24352770E-32  0.27707564E-32  0.31524505E-32  0.35867257E-32  0.40808255E-32
     0.46429910E-32  0.52825987E-32  0.60103167E-32  0.68382827E-32  0.77803064E-32
     0.88520999E-32  0.10071540E-31  0.11458965E-31  0.13037516E-31  0.14833522E-31
     0.16876938E-31  0.19201847E-31  0.21847024E-31  0.24856588E-31  0.28280735E-31
     0.32176576E-31  0.36609088E-31  0.41652200E-31  0.47390023E-31  0.53918256E-31
     0.61345781E-31  0.69796478E-31  0.79411292E-31  0.90350582E-31  0.10279680E-30
     0.11695752E-30  0.13306893E-30  0.15139974E-30  0.17225567E-30  0.19598455E-30
     0.22298215E-30  0.25369873E-30  0.28864658E-30  0.32840856E-30  0.37364783E-30
     0.42511887E-30  0.48368011E-30  0.55030822E-30  0.62611441E-30  0.71236295E-30
     0.81049225E-30  0.92213889E-30  0.10491648E-29  0.11936886E-29  0.13581204E-29
     0.15452025E-29  0.17580551E-29  0.20002277E-29  0.22757593E-29  0.25892449E-29
     0.29459125E-29  0.33517102E-29  0.38134054E-29  0.43386979E-29  0.49363477E-29
     0.56163218E-29  0.63899597E-29  0.72701631E-29  0.82716107E-29  0.94110031E-29
     0.10707341E-28  0.12182243E-28  0.13860304E-28  0.15769508E-28  0.17941694E-28
     0.20413083E-28  0.23224889E-28  0.26424002E-28  0.30063767E-28  0.34204881E-28
     0.38916399E-28  0.44276888E-28  0.50375735E-28  0.57314640E-28  0.65209311E-28
     0.74191393E-28  0.84410660E-28  0.96037518E-28  0.10926584E-27  0.12431621E-27
     0.14143958E-27  0.16092148E-27  0.18308675E-27  0.20830498E-27  0.23699667E-27
     0.26964022E-27  0.30677993E-27  0.34903506E-27  0.39711015E-27  0.45180679E-27
     0.51403696E-27  0.58483825E-27  0.66539113E-27  0.75703868E-27  0.86130892E-27
     0.97994033E-27  0.11149108E-26  0.12684707E-26  0.14431802E-26  0.16419520E-26
     0.18681002E-26  0.21253951E-26  0.24181262E-26  0.27511739E-26  0.31300905E-26
     0.35611932E-26  0.40516690E-26  0.46096945E-26  0.52445727E-26  0.59668873E-26
     0.67886797E-26  0.77236496E-26  0.87873831E-26  0.99976127E-26  0.11374513E-25
     0.12941036E-25  0.14723295E-25  0.16750999E-25  0.19057948E-25  0.21682597E-25
     0.24668695E-25  0.28066015E-25  0.31931187E-25  0.36328634E-25  0.41331652E-25
     0.47023632E-25  0.53499443E-25  0.60867020E-25  0.69249157E-25  0.78785560E-25
     0.89635166E-25  0.10197880E-24  0.11602218E-24  0.13199935E-24  0.15017659E-24
     0.17085681E-24  0.19438466E-24  0.22115223E-24  0.25160559E-24  0.28625222E-24
     0.32566948E-24  0.37051419E-24  0.42153364E-24  0.47957797E-24  0.54561436E-24
     0.62074316E-24  0.70621618E-24  0.80345757E-24  0.91408755E-24  0.10399493E-23
     0.11831400E-23  0.13460451E-23  0.15313787E-23  0.17422285E-23  0.19821073E-23
     0.22550111E-23  0.25654864E-23  0.29187053E-23  0.33205517E-23  0.37777196E-23
     0.42978243E-23  0.48895293E-23  0.55626903E-23  0.63285200E-23  0.71997738E-23
     0.81909631E-23  0.93185961E-23  0.10601453E-22  0.12060900E-22  0.13721241E-22
     0.15610128E-22  0.17759015E-22  0.20203687E-22  0.22984853E-22  0.26148823E-22
     0.29748282E-22  0.33843162E-22  0.38501643E-22  0.43801287E-22  0.49830329E-22
     0.56689143E-22  0.64491915E-22  0.73368541E-22  0.83466791E-22  0.94954764E-22
     0.10802369E-21  0.12289109E-21  0.13980445E-21  0.15904526E-21  0.18093376E-21
     0.20583423E-21  0.23416108E-21  0.26638571E-21  0.30304436E-21  0.34474706E-21
     0.39218771E-21  0.44615568E-21  0.50754891E-21  0.57738882E-21  0.65683733E-21
     0.74721617E-21  0.85002881E-21  0.96698552E-21  0.11000317E-20  0.12513804E-20
     0.14235489E-20  0.16194006E-20  0.18421927E-20  0.20956301E-20  0.23839273E-20
     0.27118783E-20  0.30849359E-20  0.35093028E-20  0.39920344E-20  0.45411559E-20
     0.51657959E-20  0.58763376E-20  0.66845917E-20  0.76039920E-20  0.86498189E-20
     0.98394531E-20  0.11192664E-19  0.12731937E-19  0.14482850E-19  0.16474493E-19
     0.18739954E-19  0.21316870E-19  0.24248047E-19  0.27582172E-19  0.31374623E-19
     0.35688386E-19  0.40595097E-19  0.46176238E-19  0.52524478E-19  0.59745220E-19
     0.67958341E-19  0.77300185E-19  0.87925819E-19  0.10001161E-18  0.11375813E-18
     0.12939353E-18  0.14717723E-18  0.16740433E-18  0.19041041E-18  0.21657713E-18
     0.24633853E-18  0.28018827E-18  0.31868774E-18  0.36247538E-18  0.41227727E-18
     0.46891915E-18  0.53334005E-18  0.60660787E-18  0.68993702E-18  0.78470857E-18
     0.89249304E-18  0.10150764E-17  0.11544896E-17  0.13130423E-17  0.14933607E-17
     0.16984314E-17  0.19316504E-17  0.21968796E-17  0.24985102E-17  0.28415355E-17
     0.32316336E-17  0.36752607E-17  0.41797580E-17  0.47534731E-17  0.54058973E-17
     0.61478230E-17  0.69915211E-17  0.79509440E-17  0.90419554E-17  0.10282592E-16
     0.11693363E-16  0.13297583E-16  0.15121763E-16  0.17196042E-16  0.19554687E-16
     0.22236657E-16  0.25286244E-16  0.28753801E-16  0.32696575E-16  0.37179647E-16
     0.42277004E-16  0.48072754E-16  0.54662514E-16  0.62154980E-16  0.70673716E-16
     0.80359182E-16  0.91371049E-16  0.10389082E-15  0.11812480E-15  0.13430751E-15
     0.15270553E-15  0.17362183E-15  0.19740084E-15  0.22443399E-15  0.25516622E-15
     0.29010321E-15  0.32981974E-15  0.37496903E-15  0.42629350E-15  0.48463694E-15
     0.55095826E-15  0.62634725E-15  0.71204241E-15  0.80945118E-15  0.92017297E-15
     0.10460253E-14  0.11890737E-14  0.13516649E-14  0.15364659E-14  0.17465070E-14
     0.19852314E-14  0.22565515E-14  0.25649126E-14  0.29153653E-14  0.33136478E-14
     0.37662798E-14  0.42806682E-14  0.48652278E-14  0.55295182E-14  0.62843997E-14
     0.71422093E-14  0.81169615E-14  0.92245760E-14  0.10483136E-13  0.11913182E-13
     0.13538046E-13  0.15384226E-13  0.17481821E-13  0.19865016E-13  0.22572633E-13
     0.25648764E-13  0.29143483E-13  0.33113653E-13  0.37623848E-13  0.42747395E-13
     0.48567559E-13  0.55178883E-13  0.62688718E-13  0.71218950E-13  0.80907962E-13
     0.91912869E-13  0.10441204E-12  0.11860796E-12  0.13473050E-12  0.15304060E-12
     0.17383447E-12  0.19744831E-12  0.22426373E-12  0.25471387E-12  0.28929029E-12
     0.32855088E-12  0.37312878E-12  0.42374246E-12  0.48120722E-12  0.54644820E-12
     0.62051511E-12  0.70459896E-12  0.80005105E-12  0.90840443E-12  0.10313983E-11
     0.11710055E-11  0.13294642E-11  0.15093128E-11  0.17134308E-11  0.19450837E-11
     0.22079752E-11  0.25063058E-11  0.28448383E-11  0.32289739E-11  0.36648369E-11
     0.41593710E-11  0.47204487E-11  0.53569952E-11  0.60791281E-11  0.68983166E-11
     0.78275607E-11  0.88815950E-11  0.10077119E-10  0.11433059E-10  0.12970860E-10
     0.14714825E-10  0.16692489E-10  0.18935049E-10  0.21477851E-10  0.24360932E-10
     0.27629647E-10  0.31335368E-10  0.35536279E-10  0.40298272E-10  0.45695968E-10
     0.51813859E-10  0.58747616E-10  0.66605552E-10  0.75510286E-10  0.85600621E-10
     0.97033666E-10  0.10998724E-09  0.12466257E-09  0.14128739E-09  0.16011935E-09
     0.18144999E-09  0.20560910E-09  0.23296976E-09  0.26395397E-09  0.29903896E-09
     0.33876449E-09  0.38374084E-09  0.43465808E-09  0.49229634E-09  0.55753751E-09
     0.63137842E-09  0.71494567E-09  0.80951241E-09  0.91651724E-09  0.10375855E-08
     0.11745535E-08  0.13294953E-08  0.15047535E-08  0.17029736E-08  0.19271431E-08
     0.21806346E-08  0.24672558E-08  0.27913045E-08  0.31576313E-08  0.35717103E-08
     0.40397176E-08  0.45686214E-08  0.51662817E-08  0.58415639E-08  0.66044654E-08
     0.74662592E-08  0.84396541E-08  0.95389762E-08  0.10780372E-07  0.12182037E-07
     0.13764472E-07  0.15550773E-07  0.17566955E-07  0.19842316E-07  0.22409845E-07
     0.25306683E-07  0.28574638E-07  0.32260762E-07  0.36418001E-07  0.41105923E-07
     0.46391534E-07  0.52350192E-07  0.59066637E-07  0.66636133E-07  0.75165764E-07
     0.84775873E-07  0.95601675E-07  0.10779507E-06  0.12152667E-06  0.13698805E-06
     0.15439430E-06  0.17398684E-06  0.19603661E-06  0.22084759E-06  0.24876078E-06
     0.28015857E-06  0.31546976E-06  0.35517497E-06  0.39981288E-06  0.44998703E-06
     0.50637350E-06  0.56972943E-06  0.64090254E-06  0.72084174E-06  0.81060888E-06
     0.91139197E-06  0.10245197E-05  0.11514780E-05  0.12939276E-05  0.14537247E-05
     0.16329433E-05  0.18338996E-05  0.20591801E-05  0.23116721E-05  0.25945977E-05
     0.29115515E-05  0.32665425E-05  0.36640407E-05  0.41090280E-05  0.46070556E-05
     0.51643067E-05  0.57876663E-05  0.64847985E-05  0.72642312E-05  0.81354510E-05
     0.91090064E-05  0.10196623E-04  0.11411331E-04  0.12767602E-04  0.14281507E-04
     0.15970882E-04  0.17855518E-04  0.19957365E-04  0.22300756E-04  0.24912660E-04
     0.27822949E-04  0.31064702E-04  0.34674532E-04  0.38692947E-04  0.43164743E-04
     0.48139438E-04  0.53671748E-04  0.59822097E-04  0.66657193E-04  0.74250637E-04
     0.82683605E-04  0.92045580E-04  0.10243516E-03  0.11396091E-03  0.12674235E-03
     0.14091097E-03  0.15661133E-03  0.17400233E-03  0.19325850E-03  0.21457144E-03
     0.23815138E-03  0.26422886E-03  0.29305654E-03  0.32491119E-03  0.36009579E-03
     0.39894181E-03  0.44181169E-03  0.48910147E-03  0.54124365E-03  0.59871024E-03
     0.66201606E-03  0.73172220E-03  0.80843985E-03  0.89283423E-03  0.98562897E-03
     0.10876106E-02  0.11996335E-02  0.13226250E-02  0.14575909E-02  0.16056212E-02
     0.17678967E-02  0.19456948E-02  0.21403970E-02  0.23534959E-02  0.25866029E-02
     0.28414560E-02  0.31199287E-02  0.34240381E-02  0.37559546E-02  0.41180114E-02
     0.45127141E-02  0.49427513E-02  0.54110052E-02  0.59205624E-02  0.64747255E-02
     0.70770243E-02  0.77312278E-02  0.84413566E-02  0.92116944E-02  0.10046801E-01
     0.10951524E-01  0.11931012E-01  0.12990726E-01  0.14136453E-01  0.15374317E-01
     0.16710788E-01  0.18152700E-01  0.19707255E-01  0.21382035E-01  0.23185012E-01
     0.25124555E-01  0.27209438E-01  0.29448846E-01  0.31852379E-01  0.34430052E-01
     0.37192302E-01  0.40149981E-01  0.43314356E-01  0.46697104E-01  0.50310303E-01
     0.54166419E-01  0.58278295E-01  0.62659135E-01  0.67322478E-01  0.72282180E-01
     0.77552381E-01  0.83147476E-01  0.89082078E-01  0.95370974E-01  0.10202908E+00
     0.10907141E+00  0.11651296E+00  0.12436874E+00  0.13265362E+00  0.14138233E+00
     0.15056931E+00  0.16022869E+00  0.17037420E+00  0.18101903E+00  0.19217576E+00
     0.20385628E+00  0.21607167E+00  0.22883204E+00  0.24214652E+00  0.25602303E+00
     0.27046825E+00  0.28548744E+00  0.30108436E+00  0.31726112E+00  0.33401807E+00
     0.35135367E+00  0.36926440E+00  0.38774461E+00  0.40678645E+00  0.42637974E+00
     0.44651189E+00  0.46716782E+00  0.48832986E+00  0.50997772E+00  0.53208839E+00
     0.55463616E+00  0.57759254E+00  0.60092627E+00  0.62460331E+00  0.64858690E+00
     0.67283752E+00  0.69731303E+00  0.72196866E+00  0.74675716E+00  0.77162889E+00
     0.79653195E+00  0.82141231E+00  0.84621404E+00  0.87087943E+00  0.89534929E+00
     0.91956311E+00  0.94345938E+00  0.96697583E+00  0.99004974E+00  0.10126183E+01
     0.10346187E+01  0.10559889E+01  0.10766677E+01  0.10965948E+01  0.11157117E+01
     0.11339618E+01  0.11512905E+01  0.11676460E+01  0.11829791E+01  0.11972437E+01
     0.12103971E+01  0.12224004E+01  0.12332180E+01  0.12428189E+01  0.12511756E+01
     0.12582652E+01  0.12640691E+01  0.12685729E+01  0.12717669E+01  0.12736454E+01
     0.12742074E+01  0.12734560E+01  0.12713987E+01  0.12680470E+01  0.12634163E+01
     0.12575261E+01  0.12503993E+01  0.12420625E+01  0.12325455E+01  0.12218813E+01
     0.12101058E+01  0.11972574E+01  0.11833773E+01  0.11685087E+01  0.11526969E+01
     0.11359891E+01  0.11184339E+01  0.11000813E+01  0.10809827E+01  0.10611900E+01
     0.10407561E+01  0.10197344E+01  0.99817833E+00  0.97614169E+00  0.95367806E+00
     0.93084074E+00  0.90768256E+00  0.88425572E+00  0.86061160E+00  0.83680063E+00
     0.81287213E+00  0.78887418E+00  0.76485347E+00  0.74085523E+00  0.71692309E+00
     0.69309898E+00  0.66942309E+00  0.64593375E+00  0.62266740E+00  0.59965851E+00
     0.57693958E+00  0.55454108E+00  0.53249144E+00  0.51081704E+00  0.48954219E+00
     0.46868915E+00  0.44827816E+00  0.42832743E+00  0.40885316E+00  0.38986963E+00
     0.37138917E+00  0.35342225E+00  0.33597751E+00  0.31906184E+00  0.30268041E+00
     0.28683674E+00  0.27153279E+00  0.25676900E+00  0.24254438E+00  0.22885660E+00
     0.21570203E+00  0.20307586E+00  0.19097215E+00  0.17938393E+00  0.16830325E+00
     0.15772132E+00  0.14762851E+00  0.13801451E+00  0.12886834E+00  0.12017845E+00
     0.11193280E+00  0.10411892E+00  0.96723984E-01  0.89734866E-01  0.83138201E-01
     0.76920448E-01  0.71067943E-01  0.65566952E-01  0.60403713E-01  0.55564491E-01
     0.51035611E-01  0.46803502E-01  0.42854731E-01  0.39176036E-01  0.35754359E-01
     0.32576867E-01  0.29630986E-01  0.26904416E-01  0.24385156E-01  0.22061520E-01
     0.19922153E-01  0.17956045E-01  0.16152544E-01  0.14501367E-01  0.12992605E-01
     0.11616732E-01  0.10364610E-01  0.92274942E-02  0.81970297E-02  0.72652571E-02
     0.64246093E-02  0.56679092E-02  0.49883663E-02  0.43795716E-02  0.38354913E-02
     0.33504596E-02  0.29191700E-02  0.25366663E-02  0.21983317E-02  0.18998782E-02
     0.16373342E-02  0.14070321E-02  0.12055953E-02  0.10299245E-02  0.87718395E-03
     0.74478719E-03  0.63038291E-03  0.53184063E-03  0.44723648E-03  0.37483922E-03
     0.31309636E-03  0.26062072E-03  0.21617735E-03  0.17867086E-03  0.14713338E-03
     0.12071295E-03  0.98662592E-04  0.80329973E-04  0.65147712E-04  0.52624351E-04
     0.42335971E-04  0.33918463E-04  0.27060445E-04  0.21496788E-04  0.17002757E-04
     0.13388719E-04  0.10495397E-04  0.81896353E-05  0.63606473E-05  0.49167001E-05
     0.37822115E-05  0.28952164E-05  0.22051708E-05  0.16710583E-05  0.12597685E-05
     0.94471447E-06  0.70466285E-06  0.52274847E-06  0.38565028E-06  0.28290608E-06
     0.20634605E-06  0.14962774E-06  0.10785649E-06  0.77277680E-07  0.55028823E-07
     0.38941151E-07  0.27381877E-07  0.19129621E-07  0.13276717E-07  0.91531025E-08
     0.62674582E-08  0.42619924E-08  0.28779668E-08  0.19295980E-08  0.12844466E-08
     0.84879072E-09  0.55680124E-09  0.36258768E-09  0.23440516E-09  0.15047521E-09
     0.95957520E-10  0.60805296E-10  0.38397802E-10  0.24229204E-10  0.15064042E-10
     0.98668227E-11  0.58554745E-11  0.32968392E-11  0.18388494E-11  0.10158752E-11
     0.55579192E-12






