

  4.00069468178398875E-026
  4.40432843101710229E-026
  4.84868473678741194E-026
  5.33787204236655633E-026
  5.87641328030844688E-026
  6.46928768775882883E-026
  7.12197684305174293E-026
  7.84051534187342223E-026
  8.63154658994752371E-026
  9.50238422169330805E-026
  1.04610797165534503E-025
  1.15164968358648205E-025
  1.26783935690927184E-025
  1.39575123471704255E-025
  1.53656793565630406E-025
  1.69159138723195232E-025
  1.86225486207565248E-025
  2.05013622844354757E-025
  2.25697253743226265E-025
  2.48467608175831918E-025
  2.73535207454846806E-025
  3.01131811156296696E-025
  3.31512559675875471E-025
  3.64958332924732140E-025
  4.01778346968037818E-025
  4.42313012608997850E-025
  4.86937082342173805E-025
  5.36063114765395810E-025
  5.90145288473821120E-025
  6.49683600689932447E-025
  7.15228489439337911E-025
  7.87385921996984686E-025
  8.66822996638002537E-025
  9.54274109471700167E-025
  1.05054774336006380E-024
  1.15653394167172671E-024
  1.27321253595192721E-024
  1.40166220355693307E-024
  1.54307043897217320E-024
  1.69874453097776839E-024
  1.87012364712130044E-024
  2.05879213719145568E-024
  2.26649417865210126E-024
  2.49514989939860669E-024
  2.74687312685127653E-024
  3.02399092743090033E-024
  3.32906511700743152E-024
  3.66491594112755668E-024
  4.03464814387881133E-024
  4.44167966632201374E-024
  4.88977323972434189E-024
  5.38307116557651921E-024
  5.92613360382687704E-024
  6.52398072318426491E-024
  7.18213910303047955E-024
  7.90669281577100580E-024
  8.70433966170299670E-024
  9.58245307609138461E-024
  1.05491502805577244E-023
  1.16133673085855611E-023
  1.27849415984645220E-023
  1.40747029169189558E-023
  1.54945734536423093E-023
  1.70576780116962665E-023
  1.87784653120167032E-023
  2.06728415329586902E-023
  2.27583173188582573E-023
  2.50541696160338545E-023
  2.75816198316446331E-023
  3.03640299616315496E-023
  3.34271184999831959E-023
  3.67991981243250172E-023
  4.05114373540154976E-023
  4.45981485984053066E-023
  4.90971052567187197E-023
  5.40498907994042824E-023
  5.95022830562515334E-023
  6.55046772618105611E-023
  7.21125517666859334E-023
  7.93869807174109867E-023
  8.73951984414837889E-023
  9.62112207517659090E-023
  1.05916528910224994E-022
  1.16600822569788767E-022
  1.28362848650225065E-022
  1.41311313805345176E-022
  1.55565888910925079E-022
  1.71258314852680808E-022
  1.88533619829265046E-022
  2.07551459415210361E-022
  2.28487591762541290E-022
  2.51535501567874915E-022
  2.76908187805757313E-022
  3.04840131741412911E-022
  3.35589463400990656E-022
  3.69440346510130422E-022
  4.06705603929170370E-022
  4.47729607834188972E-022
  4.92891461337830192E-022
  5.42608500935043578E-022
  5.97340152121345054E-022
  6.57592173792289083E-022
  7.23921330622648210E-022
  7.96940536575439019E-022
  8.77324517040893771E-022
  9.65816041893884170E-022
  1.06323278702935060E-021
  1.17047488773760624E-021
  1.28853325366852795E-021
  1.41849872216450880E-021
  1.56157213448154693E-021
  1.71907542793735992E-021
  1.89246384640351378E-021
  2.08333938188184665E-021
  2.29346557126904814E-021
  2.52478378492209730E-021
  2.77943115740661960E-021
  3.05976032596718711E-021
  3.36836115894292714E-021
  3.70808467471739901E-021
  4.08206937200794207E-021
  4.49377021455300784E-021
  4.94699053775164102E-021
  5.44591717177301940E-021
  5.99515910533468674E-021
  6.59979004701917299E-021
  7.26539527696159448E-021
  7.99812322132701706E-021
  8.80474222557078485E-021
  9.69270305043948576E-021
  1.06702076674668055E-020
  1.17462849888338234E-020
  1.29308742304333980E-020
  1.42349166773921218E-020
  1.56704566988106429E-020
  1.72507529437975358E-020
  1.89904007447803723E-020
  2.09054668574445660E-020
  2.30136377804298069E-020
  2.53343830231520640E-020
  2.78891348279720090E-020
  3.07014860046669994E-020
  3.37974077021815405E-020
  3.72054891264697845E-020
  4.09572014155955499E-020
  4.50871881059848836E-020
  4.96335848688848623E-020
  5.46383714659271369E-020
  6.01477591697124714E-020
  6.62126172222560162E-020
  7.28889422639743607E-020
  8.02383750619665167E-020
  8.83287693022900461E-020
  9.72348176907705530E-020
  1.07038741135030056E-019
  1.17831047361731773E-019
  1.29711365962874571E-019
  1.42789367569208940E-019
  1.57185775623976964E-019
  1.73033480083329346E-019
  1.90478763308793480E-019
  2.09682649450699834E-019
  2.30822389759026189E-019
  2.54093097510150871E-019
  2.79709547616046302E-019
  3.07908157499147983E-019
  3.38949167485468166E-019
  3.73119040805834522E-019
  4.10733105317298836E-019
  4.52138461282410821E-019
  4.97717181993595694E-019
  5.47889836725889369E-019
  6.03119368468488401E-019
  6.63915362151302332E-019
  7.30838742676905560E-019
  8.04506946024037299E-019
  8.85599611042441260E-019
  9.74864844350332280E-019
  1.07312611601919940E-018
  1.18128984953438511E-018
  1.30035377590725878E-018
  1.43141612884449722E-018
  1.57568576561648716E-018
  1.73449330678129711E-018
  1.90930339729111417E-018
  2.10172820182057543E-018
  2.31354225850566260E-018
  2.54669882777198197E-018
  2.80334788667682145E-018
  3.08585593431669137E-018
  3.39682779049959563E-018
  3.73913058820209730E-018
  4.11592018049306690E-018
  4.53067020479396257E-018
  4.98720407176288022E-018
  5.48973017296048381E-018
  6.04288063102632652E-018
  6.65175394863542261E-018
  7.32196194831516323E-018
  8.05968143461000621E-018
  8.87171105344698838E-018
  9.76553387127628570E-018
  1.07493862490745353E-017
  1.18323336440859956E-017
  1.30243540357665674E-017
  1.43364297423704169E-017
  1.57806484716194864E-017
  1.73703145336266788E-017
  1.91200712374801205E-017
  2.10460355954908583E-017
  2.31659465719993939E-017
  2.54993282378590871E-017
  2.80676693284038905E-017
  3.08946208531129988E-017
  3.40062135706819083E-017
  3.74310973253102146E-017
  4.12008044403862086E-017
  4.53500395862169454E-017
  4.99169987810362383E-017
  5.49437204514349785E-017
  6.04764717720400493E-017
  6.65661738273971043E-017
  7.32688694945432537E-017
  8.06462383359306833E-017
  8.87661632227519568E-017
  9.77033538822514364E-017
  1.07540033083602182E-016
  1.18366691750137955E-016
  1.30282919916382677E-016
  1.43398321142165159E-016
  1.57833518759468008E-016
  1.73721263167498486E-016
  1.91207650315432575E-016
  2.10453462528794178E-016
  2.31635643953745613E-016
  2.54948924123866898E-016
  2.80607604507491137E-016
  3.08847524382667710E-016
  3.39928224024878492E-016
  3.74135324994662819E-016
  4.11783149294684082E-016
  4.53217601346532450E-016
  4.98819339136543824E-016
  5.49007263518898189E-016
  6.04242357567278202E-016
  6.65031911059731514E-016
  7.31934168694162337E-016
  8.05563444495924182E-016
  8.86595749129425062E-016
  9.75774981501034047E-016
  1.07391974118334771E-015
  1.18193082384769205E-015
  1.30079946811389003E-015
  1.43161642907026415E-015
  1.57558196124461040E-015
  1.73401680208667860E-015
  1.90837425612958286E-015
  2.10025349001401207E-015
  2.31141415957585223E-015
  2.54379250231459817E-015
  2.79951904188639200E-015
  3.08093806592231002E-015
  3.39062905459217411E-015
  3.73143025506251242E-015
  4.10646461649463822E-015
  4.51916832167134770E-015
  4.97332217492232533E-015
  5.47308613195188945E-015
  6.02303728569267336E-015
  6.62821165367234412E-015
  7.29415014687118081E-015
  8.02694913797689221E-015
  8.83331608865218031E-015
  9.72063074129607501E-015
  1.06970124312156767E-014
  1.17713941305852825E-014
  1.29536038965546758E-014
  1.42544544629269693E-014
  1.56858417885631054E-014
  1.72608534567481810E-014
  1.89938879089049367E-014
  2.09007855940630440E-014
  2.29989732232727426E-014
  2.53076224366550818E-014
  2.78478243210764100E-014
  3.06427813596910066E-014
  3.37180185521011585E-014
  3.71016156170539362E-014
  4.08244623799820056E-014
  4.49205396570140543E-014
  4.94272281772047955E-014
  5.43856483377331798E-014
  5.98410338649572403E-014
  6.58431427599921326E-014
  7.24467092436354268E-014
  7.97119407850118191E-014
  8.77050647045666413E-014
  9.64989292886339967E-014
  1.06173664843753343E-013
  1.16817410658593994E-013
  1.28527114434610393E-013
  1.41409411398699779E-013
  1.55581591028003226E-013
  1.71172660104998969E-013
  1.88324511687232903E-013
  2.07193210528155946E-013
  2.27950406532119162E-013
  2.50784888976958461E-013
  2.75904295502077055E-013
  3.03536991249798150E-013
  3.33934135075441978E-013
  3.67371951420724196E-013
  4.04154228290680648E-013
  4.44615063802887119E-013
  4.89121886007373606E-013
  5.38078773126254629E-013
  5.91930104055584896E-013
  6.51164571932363782E-013
  7.16319596823385011E-013
  7.87986177168808265E-013
  8.66814223543852267E-013
  9.53518422621973131E-013
  1.04888468397085931E-012
  1.15377722753093717E-012
  1.26914637536146362E-012
  1.39603711754284574E-012
  1.53559852905194786E-012
  1.68909412204158751E-012
  1.85791322632434479E-012
  2.04358350005883732E-012
  2.24778468274603007E-012
  2.47236371375428440E-012
  2.71935135180398205E-012
  2.99098044426494608E-012
  3.28970600987250667E-012
  3.61822731468295234E-012
  3.97951213891135137E-012
  4.37682345188383791E-012
  4.81374873386798992E-012
  5.29423220721161323E-012
  5.82261026523438094E-012
  6.40365041591154843E-012
  7.04259408882099060E-012
  7.74520368837617154E-012
  8.51781431434890023E-012
  9.36739061243788036E-012
  1.03015892635380942E-011
  1.13288276708245964E-011
  1.24583594592372046E-011
  1.37003574629394148E-011
  1.50660049433764468E-011
  1.65675958542780592E-011
  1.82186450510090385E-011
  2.00340094307960427E-011
  2.20300210883615168E-011
  2.42246336792618947E-011
  2.66375833017349358E-011
  2.92905653381883276E-011
  3.22074288407910935E-011
  3.54143902032685766E-011
  3.89402680343853452E-011
  4.28167413393130801E-011
  4.70786333248638311E-011
  5.17642233753442591E-011
  5.69155899996687362E-011
  6.25789878296883224E-011
  6.88052620570182813E-011
  7.56503040338075433E-011
  8.31755521350106441E-011
  9.14485423892313914E-011
  1.00543513835901863E-010
  1.10542074062616805E-010
  1.21533930922470656E-010
  1.33617697032326045E-010
  1.46901774314681821E-010
  1.61505326574387415E-010
  1.77559348903696774E-010
  1.95207843592585411E-010
  2.14609113194183849E-010
  2.35937182466771923E-010
  2.59383362094149906E-010
  2.85157968386528722E-010
  3.13492214596692234E-010
  3.44640291064704968E-010
  3.78881653143908727E-010
  4.16523537777984452E-010
  4.57903731711821854E-010
  5.03393616648093089E-010
  5.53401519229220305E-010
  6.08376396555583443E-010
  6.68811891072753199E-010
  7.35250792103499022E-010
  8.08289945097782231E-010
  8.88585653862900361E-010
  9.76859625657337023E-010
  1.07390551413092894E-009
  1.18059612072078835E-009
  1.29789132132237688E-009
  1.42684679190952541E-009
  1.56862361434385923E-009
  1.72449885196806537E-009
  1.89587719380178575E-009
  2.08430377634569412E-009
  2.29147830325016210E-009
  2.51927059553274980E-009
  2.76973771875820148E-009
  3.04514284876402649E-009
  3.34797605427708732E-009
  3.68097719329143968E-009
  4.04716114055273948E-009
  4.44984558612781028E-009
  4.89268167005986337E-009
  5.37968774577557183E-009
  5.91528659550246257E-009
  6.50434645478731388E-009
  7.15222624062508676E-009
  7.86482541909856658E-009
  8.64863899421661550E-009
  9.51081815029648870E-009
  1.04592371362855720E-008
  1.15025670424398643E-008
  1.26503571884126725E-008
  1.39131249177682270E-008
  1.53024546780100003E-008
  1.68311073582746622E-008
  1.85131409598575638E-008
  2.03640437887753943E-008
  2.24008814858227564E-008
  2.46424593493560001E-008
  2.71095015607949369E-008
  2.98248490941826643E-008
  3.28136782808665980E-008
  3.61037422104576647E-008
  3.97256373817965487E-008
  4.37130982752943640E-008
  4.81033228031467284E-008
  5.29373319097809519E-008
  5.82603669445397450E-008
  6.41223288157787504E-008
  7.05782633642326240E-008
  7.76888978681001376E-008
  8.55212341177283587E-008
  9.41492040794345285E-008
  1.03654394811871190E-007
  1.14126850011010937E-007
  1.25665956348585353E-007
  1.38381423641696940E-007
  1.52394368857201174E-007
  1.67838515023111915E-007
  1.84861517301502092E-007
  2.03626429785066817E-007
  2.24313328025583813E-007
  2.47121103902072496E-007
  2.72269451203906515E-007
  3.00001062259156904E-007
  3.30584058097839865E-007
  3.64314677026609470E-007
  4.01520249127901831E-007
  4.42562487108389601E-007
  4.87841127136981763E-007
  5.37797956862032797E-007
  5.92921271714707180E-007
  6.53750804929469839E-007
  7.20883181468674585E-007
  7.94977951323171625E-007
  8.76764263411102653E-007
  9.67048247731581100E-007
  1.06672118042433815E-006
  1.17676851415267963E-006
  1.29827986475045715E-006
  1.43246005445145500E-006
  1.58064132234346416E-006
  1.74429682403353561E-006
  1.92505555498079292E-006
  2.12471884565077565E-006
  2.34527859168534809E-006
  2.58893739878837192E-006
  2.85813084013362608E-006
  3.15555204395260513E-006
  3.48417885071308884E-006
  3.84730380312331098E-006
  4.24856725827732186E-006
  4.69199393977206488E-006
  5.18203327884086349E-006
  5.72360392759465364E-006
  6.32214286470161312E-006
  6.98365955442256629E-006
  7.71479566420075418E-006
  8.52289089425704524E-006
  9.41605552517624285E-006
  1.04032503466455053E-005
  1.14943746925852325E-005
  1.27003633756199995E-005
  1.40332933868286332E-005
  1.55065013065262319E-005
  1.71347124576899094E-005
  1.89341829270086087E-005
  2.09228556793549346E-005
  2.31205321003967154E-005
  2.55490604196858921E-005
  2.82325425933404227E-005
  3.11975613619912335E-005
  3.44734293465653670E-005
  3.80924622023167376E-005
  4.20902780209015737E-005
  4.65061253518076471E-005
  5.13832424088861694E-005
  5.67692502350449635E-005
  6.27165828203255030E-005
  6.92829574041133912E-005
  7.65318884439289703E-005
  8.45332489997543534E-005
  9.33638835656896418E-005
  1.03108276679981053E-004
  1.13859281960344770E-004
  1.25718916544410387E-004
  1.38799226265041693E-004
  1.53223227257283514E-004
  1.69125930077555911E-004
  1.86655452816137323E-004
  2.05974230100413377E-004
  2.27260325318057556E-004
  2.50708853835247716E-004
  2.76533525443907761E-004
  3.04968314742192945E-004
  3.36269268632037176E-004
  3.70716460604210310E-004
  4.08616101972201617E-004
  4.50302820708117974E-004
  4.96142119022891567E-004
  5.46533021315142881E-004
  6.01910924583116112E-004
  6.62750663846677210E-004
  7.29569805558044106E-004
  8.02932182362237415E-004
  8.83451682967971289E-004
  9.71796311139637090E-004
  1.06869252814798758E-003
  1.17492989314931439E-003
  1.29136601610595268E-003
  1.41893183787701041E-003
  1.55863725202214152E-003
  1.71157708266850349E-003
  1.87893743245816282E-003
  2.06200241411509970E-003
  2.26216127852640024E-003
  2.48091595140404212E-003
  2.71988898956254752E-003
  2.98083196659373233E-003
  3.26563429622185250E-003
  3.57633249985887282E-003
  3.91511992282816100E-003
  4.28435690136252066E-003
  4.68658137978601730E-003
  5.12451997423519351E-003
  5.60109947584066896E-003
  6.11945878237670458E-003
  6.68296124355981583E-003
  7.29520739933828873E-003
  7.96004808715352306E-003
  8.68159788644927606E-003
  9.46424886427311811E-003
  1.03126845782332381E-002
  1.12318942861407665E-002
  1.22271873041679899E-002
  1.33042074470679592E-002
  1.44689474754830984E-002
  1.57277634662855575E-002
  1.70873890124483216E-002
  1.85549491490893323E-002
  2.01379738921680304E-002
  2.18444112658670725E-002
  2.36826396840308581E-002
  2.56614795402226002E-002
  2.77902038500762207E-002
  3.00785477787310178E-002
  3.25367168753282754E-002
  3.51753938259005000E-002
  3.80057435255927029E-002
  4.10394162611020311E-002
  4.42885487846267981E-002
  4.77657630515759338E-002
  5.14841623859340763E-002
  5.54573248296418297E-002
  5.96992934257807445E-002
  6.42245631799187450E-002
  6.90480644398567545E-002
  7.41851424314252106E-002
  7.96515326871342355E-002
  8.54633321056303685E-002
  9.16369653833202236E-002
  9.81891465654791684E-002
  0.10513683547297697     
  0.11249718877275269     
  0.12028750547570108     
  0.12852516666505265     
  0.13722756928200180     
  0.14641205382363129     
  0.15609582584145806     
  0.16629587116752281     
  0.17702886483917482     
  0.18831107374383751     
  0.20015825306126142     
  0.21258553664321692     
  0.22560732153923876     
  0.23923714695180429     
  0.25348756798491595     
  0.26837002463602072     
  0.28389470657186433     
  0.30007041432335790     
  0.31690441763169114     
  0.33440231177636665     
  0.35256787282019564     
  0.37140291277303905     
  0.39090713582759806     
  0.41107799682591284     
  0.43191056326606364     
  0.45339738217179049     
  0.47552835321433234     
  0.49829060951160253     
  0.52166840753738541     
  0.54564302757189820     
  0.57019268609871354     
  0.59529246150851445     
  0.62091423440707927     
  0.64702664374663954     
  0.67359505991050372     
  0.70058157578506397     
  0.72794501675992862     
  0.75564097050613943     
  0.78362183730747270     
  0.81183690165706512     
  0.84023242577208956     
  0.86875176566984713     
  0.89733551038280557     
  0.92592164488126227     
  0.95444573718487313     
  0.98284115004002326     
   1.0110392773673904     
   1.0389698054337282     
   1.0665609983717175     
   1.0937400072606382     
   1.1204332015019198     
   1.1465665206969951     
   1.1720658446873222     
   1.1968573788775634     
   1.2208680514621202     
   1.2440259187387499     
   1.2662605743419153     
   1.2875035579774230     
   1.3076887590972102     
   1.3267528109213642     
   1.3446354702908911     
   1.3612799790300645     
   1.3766334028248959     
   1.3906469435340347     
   1.4032762231868470     
   1.4144815316946446     
   1.4242280462437042     
   1.4324860073142798     
   1.4392308627417694     
   1.4444433705979518     
   1.4481096640855522     
   1.4502212790645177     
   1.4507751441262609     
   1.4497735351620491     
   1.4472239959575555     
   1.4431392269615098     
   1.4375369445361272     
   1.4304397132344939     
   1.4218747537959020     
   1.4118737296255748     
   1.4004725145526478     
   1.3877109446330300     
   1.3736325566908496     
   1.3582843161815747     
   1.3417163368177081     
   1.3239815947391484     
   1.3051356369151701     
   1.2852362908221480     
   1.2643433703461671     
   1.2425183859012852     
   1.2198242557915107     
   1.1963250216567753     
   1.1720855686772058     
   1.1471713536722921     
   1.1216481366263613     
   1.0955817238316570     
   1.0690377163609412     
   1.0420812693904877     
   1.0147768613183221     
  0.98718807326115043     
  0.95937738016624519     
  0.93140595389877723     
  0.90333347904779937     
  0.87521798209704826     
  0.84711567403599231     
  0.81908080785710757     
  0.79116555093740293     
  0.76341986902647641     
  0.73589143122476619     
  0.70862552327830131     
  0.68166498021624600     
  0.65505013224535724     
  0.62881876271864656     
  0.60300608105935016     
  0.57764470805914636     
  0.55276467277423957     
  0.52839342112877374     
  0.50455583497374612     
  0.48127425895005088     
  0.45856854019090104     
  0.43645607115347257     
  0.41495184459675838     
  0.39406851252855607     
  0.37381645214096837     
  0.35420383736701572     
  0.33523671552945122     
  0.31691908856306844     
  0.29925299825304547     
  0.28223861508318659     
  0.26587433009872624     
  0.25015684939000715     
  0.23508129062279609     
  0.22064128120963974     
  0.20682905752109693     
  0.19363556475288674     
  0.18105055688967464     
  0.16906269631735305     
  0.15765965261962633     
  0.14682820011670084     
  0.13655431372868931     
  0.12682326277477990     
  0.11761970235195696     
  0.10892776197246443     
  0.10073113117594981     
  9.30131418743304073E-002
  8.57568472228578405E-002
  7.89450968543670278E-002
  7.25606083489148124E-002
  6.65860348483057335E-002
  6.10040287588676580E-002
  5.57973015165236300E-002
  5.09486794157122669E-002
  4.64411555277037119E-002
  4.22579377542144433E-002
  3.83824930790222160E-002
  3.47985880936272293E-002
  3.14903258831621125E-002
  2.84421793660338158E-002
  2.56390211855727287E-002
  2.30661502546956644E-002
  2.07093150557134641E-002
  1.85547337973911465E-002
  1.65891115306454826E-002
  1.47996543232636474E-002
  1.31740805931248473E-002
  1.17006296989289049E-002
  1.03680678876445515E-002
  9.16569169897491105E-003
  8.08332892921854486E-003
  7.11133726002429259E-003
  6.24060066166631615E-003
  5.46252368551848437E-003
  4.76902376619878481E-003
  4.15252166022122074E-003
  3.60593015468249622E-003
  3.12264118612473347E-003
  2.69651151628191735E-003
  2.32184711716973543E-003
  1.99338642313774293E-003
  1.70628261141231806E-003
  1.45608507530673565E-003
  1.23872025539970422E-003
  1.05047199345453574E-003
  8.87961571578499854E-004
  7.48127595070795714E-004
  6.28205871597559704E-004
  5.25709431835984470E-004
  4.38408827668674097E-004
  3.64312833549290617E-004
  3.01649665003621368E-004
  2.48848815607852225E-004
  2.04523600449818088E-004
  1.67454480292809985E-004
  1.36573226691377416E-004
  1.10947974415193641E-004
  8.97691939678819587E-005
  7.23366039701425415E-005
  5.80470309123458863E-005
  4.63832124427178156E-005
  3.69035300820538286E-005
  2.92326481485367004E-005
  2.30530278055391832E-005
  1.80972785457805840E-005
  1.41413040989170113E-005
  1.09981956689237809E-005
  8.51282251860379028E-006
  6.55706814514233736E-006
  5.02565953885677593E-006
  3.83253717976310683E-006
  2.90771438690382228E-006
  2.19457627238108142E-006
  1.64757074367783978E-006
  1.23024662470272397E-006
  9.13596914234204773E-007
  6.74668364273136137E-007
  4.95401844354292886E-007
  3.61671276450825297E-007
  2.62492206059226951E-007
  1.89374257983596408E-007
  1.35794761976319331E-007
  9.67736870639067099E-008
  6.85326681966141569E-008
  4.82233286283443197E-008
  3.37122885159159265E-008
  2.34122042106148585E-008
  1.61499091314781976E-008
  1.10642361509392510E-008
  7.52740674903609301E-009
  5.08498983825547769E-009
  3.41038057884515956E-009
  2.27054474322372336E-009
  1.50043522294691080E-009
  9.84031475146796246E-010
  6.40396453958450060E-010
  4.13503974535738672E-010
  2.64876186954498575E-010
  1.68298057633187410E-010
  1.06054113138980264E-010
  6.62713746271226509E-011
  4.10592047601619006E-011
  2.52182454889364687E-011
  1.53521540943892502E-011
  9.26187768291125835E-012
  5.53631759337692297E-012
  3.27822611196739306E-012
  1.92234051635788431E-012
  1.11591368254767850E-012
  6.40936722205679707E-013
  3.63895684746291536E-013
  2.03879435008707048E-013
  1.12414434861903563E-013
  6.10180426254965466E-014
  3.18055624119770318E-014
  1.57910574947462908E-014
  7.67858537960086403E-015
  3.81145657624933601E-015
  1.87032395259811070E-015
  9.07145894127593112E-016
  4.34799355660067631E-016


